|XMD_005A#0MAX#0005.0.4|
JOINT Bip001
{
	id 1
	visible	1
	scale_pivot	0 0 0
	rotate_pivot	0 0 0
	min_bound	0 0 0
	max_bound	0 0 0
	scale	1 1 1
	translate	-12.1602 106.621 -1.34411
	rotation_orient	0 0 0 1
	rotation	-0.037601 -0.607923 0.0238934 0.792745
	joint_orient	0 0 0 1
	bind_pose_matrix
		0.259717 0.0835998 0.962059 0
		0.00783423 0.996031 -0.0886667 0
		-0.965653 0.0305653 0.258031 0
		-12.1602 106.621 -1.34411 1
	rotation_order xyz
	inherits_transform 1
	shearing 0 0 0
	rotate_pivot_translate	0 0 0
	scale_pivot_translate	0 0 0
	translate_limit_x -INF +INF
	translate_limit_y -INF +INF
	translate_limit_z -INF +INF
	rotate_limit_x -INF +INF
	rotate_limit_y -INF +INF
	rotate_limit_z -INF +INF
	scale_limit_x -INF +INF
	scale_limit_y -INF +INF
	scale_limit_z -INF +INF
	parent 0
	child_joints 1
		9 
	INSTANCE_LIST
	{
	}
	segment_scale_compensate 1
	EXTRA_ATTRIBUTES
	{
		wire_colour colour 1 0 0
	}
}
JOINT Bip001_Head
{
	id 2
	visible	1
	scale_pivot	0 0 0
	rotate_pivot	0 0 0
	min_bound	0 0 0
	max_bound	0 0 0
	scale	1 1 1
	translate	11.5934 1.52048e-06 2.10835e-06
	rotation_orient	0 0 0 1
	rotation	0.157201 -0.229814 0.0641819 0.958308
	joint_orient	0 0 0 1
	bind_pose_matrix
		0.886132 0.0507577 0.460645 0
		-0.195266 0.942337 0.271795 0
		-0.420287 -0.330795 0.844946 0
		11.5934 1.52048e-06 2.10835e-06 1
	rotation_order xyz
	inherits_transform 1
	shearing 0 0 0
	rotate_pivot_translate	0 0 0
	scale_pivot_translate	0 0 0
	translate_limit_x -INF +INF
	translate_limit_y -INF +INF
	translate_limit_z -INF +INF
	rotate_limit_x -INF +INF
	rotate_limit_y -INF +INF
	rotate_limit_z -INF +INF
	scale_limit_x -INF +INF
	scale_limit_y -INF +INF
	scale_limit_z -INF +INF
	parent 4
	child_joints 1
		3 
	INSTANCE_LIST
	{
	}
	segment_scale_compensate 1
	EXTRA_ATTRIBUTES
	{
		original_name string "Bip001 Head"
		wire_colour colour 0.65098 0.792157 0.941176
	}
}
JOINT Bip001_Jaw
{
	id 3
	visible	1
	scale_pivot	0 0 0
	rotate_pivot	0 0 0
	min_bound	0 0 0
	max_bound	0 0 0
	scale	1 1 1
	translate	3.87302 -3.3971e-05 -2.50609
	rotation_orient	0 0 0 1
	rotation	9.87591e-10 0.793596 2.19688e-06 0.608445
	joint_orient	0 0 0 1
	bind_pose_matrix
		-0.259589 2.67493e-06 -0.965719 0
		-2.6718e-06 1 3.48807e-06 0
		0.965719 3.48567e-06 -0.259589 0
		3.87302 -3.3971e-05 -2.50609 1
	rotation_order xyz
	inherits_transform 1
	shearing 0 0 0
	rotate_pivot_translate	0 0 0
	scale_pivot_translate	0 0 0
	translate_limit_x -INF +INF
	translate_limit_y -INF +INF
	translate_limit_z -INF +INF
	rotate_limit_x -INF +INF
	rotate_limit_y -INF +INF
	rotate_limit_z -INF +INF
	scale_limit_x -INF +INF
	scale_limit_y -INF +INF
	scale_limit_z -INF +INF
	parent 2
	child_joints 3
		28 29 30 
	INSTANCE_LIST
	{
	}
	segment_scale_compensate 1
	EXTRA_ATTRIBUTES
	{
		original_name string "Bip001 Jaw"
		wire_colour colour 0.988235 0 0
	}
}
JOINT Bip001_L_Calf
{
	id 17
	visible	1
	scale_pivot	0 0 0
	rotate_pivot	0 0 0
	min_bound	0 0 0
	max_bound	0 0 0
	scale	1 1 1
	translate	42.8806 2.51391e-07 5.10034e-07
	rotation_orient	0 0 0 1
	rotation	-2.39421e-09 -0.21734 2.28228e-08 0.976096
	joint_orient	0 0 0 1
	bind_pose_matrix
		0.905527 4.55951e-08 0.42429 0
		-4.35137e-08 1 -1.45946e-08 0
		-0.42429 -5.24664e-09 0.905526 0
		42.8806 2.51391e-07 5.10034e-07 1
	rotation_order xyz
	inherits_transform 1
	shearing 0 0 0
	rotate_pivot_translate	0 0 0
	scale_pivot_translate	0 0 0
	translate_limit_x -INF +INF
	translate_limit_y -INF +INF
	translate_limit_z -INF +INF
	rotate_limit_x -INF +INF
	rotate_limit_y -INF +INF
	rotate_limit_z -INF +INF
	scale_limit_x -INF +INF
	scale_limit_y -INF +INF
	scale_limit_z -INF +INF
	parent 18
	child_joints 1
		21 
	INSTANCE_LIST
	{
	}
	segment_scale_compensate 1
	EXTRA_ATTRIBUTES
	{
		original_name string "Bip001 L Calf"
		wire_colour colour 0.109804 0.109804 0.694118
	}
}
JOINT Bip001_L_Clavicle
{
	id 26
	visible	1
	scale_pivot	0 0 0
	rotate_pivot	0 0 0
	min_bound	0 0 0
	max_bound	0 0 0
	scale	1 1 1
	translate	23.2609 5.60499 11.8075
	rotation_orient	0 0 0 1
	rotation	0.834689 0.541148 -0.0552919 0.0860048
	joint_orient	0 0 0 1
	bind_pose_matrix
		0.408204 0.893869 -0.185386 0
		0.912891 -0.399525 0.0837323 0
		0.000779517 -0.203417 -0.979092 0
		23.2609 5.60499 11.8075 1
	rotation_order xyz
	inherits_transform 1
	shearing 0 0 0
	rotate_pivot_translate	0 0 0
	scale_pivot_translate	0 0 0
	translate_limit_x -INF +INF
	translate_limit_y -INF +INF
	translate_limit_z -INF +INF
	rotate_limit_x -INF +INF
	rotate_limit_y -INF +INF
	rotate_limit_z -INF +INF
	scale_limit_x -INF +INF
	scale_limit_y -INF +INF
	scale_limit_z -INF +INF
	parent 11
	child_joints 2
		23 32 
	INSTANCE_LIST
	{
	}
	segment_scale_compensate 1
	EXTRA_ATTRIBUTES
	{
		original_name string "Bip001 L Clavicle"
		wire_colour colour 0.109804 0.109804 0.694118
	}
}
JOINT Bip001_L_Foot
{
	id 21
	visible	1
	scale_pivot	0 0 0
	rotate_pivot	0 0 0
	min_bound	0 0 0
	max_bound	0 0 0
	scale	1 1 1
	translate	55.3239 -5.5508e-07 -3.60671e-07
	rotation_orient	0 0 0 1
	rotation	-0.109828 0.158944 0.141875 0.970848
	joint_orient	0 0 0 1
	bind_pose_matrix
		0.909216 0.240565 -0.339785 0
		-0.310392 0.935618 -0.168153 0
		0.277458 0.258354 0.925349 0
		55.3239 -5.5508e-07 -3.60671e-07 1
	rotation_order xyz
	inherits_transform 1
	shearing 0 0 0
	rotate_pivot_translate	0 0 0
	scale_pivot_translate	0 0 0
	translate_limit_x -INF +INF
	translate_limit_y -INF +INF
	translate_limit_z -INF +INF
	rotate_limit_x -INF +INF
	rotate_limit_y -INF +INF
	rotate_limit_z -INF +INF
	scale_limit_x -INF +INF
	scale_limit_y -INF +INF
	scale_limit_z -INF +INF
	parent 17
	child_joints 1
		19 
	INSTANCE_LIST
	{
	}
	segment_scale_compensate 1
	EXTRA_ATTRIBUTES
	{
		original_name string "Bip001 L Foot"
		wire_colour colour 0.109804 0.109804 0.694118
	}
}
JOINT Bip001_L_Forearm
{
	id 27
	visible	1
	scale_pivot	0 0 0
	rotate_pivot	0 0 0
	min_bound	0 0 0
	max_bound	0 0 0
	scale	1 1 1
	translate	50.8825 -9.69203e-07 2.06519e-06
	rotation_orient	0 0 0 1
	rotation	1.23631e-08 -0.263727 -2.13343e-08 0.964597
	joint_orient	0 0 0 1
	bind_pose_matrix
		0.860896 -4.76789e-08 0.50878 0
		3.4637e-08 1 3.51036e-08 0
		-0.50878 -1.2598e-08 0.860896 0
		50.8825 -9.69203e-07 2.06519e-06 1
	rotation_order xyz
	inherits_transform 1
	shearing 0 0 0
	rotate_pivot_translate	0 0 0
	scale_pivot_translate	0 0 0
	translate_limit_x -INF +INF
	translate_limit_y -INF +INF
	translate_limit_z -INF +INF
	rotate_limit_x -INF +INF
	rotate_limit_y -INF +INF
	rotate_limit_z -INF +INF
	scale_limit_x -INF +INF
	scale_limit_y -INF +INF
	scale_limit_z -INF +INF
	parent 23
	child_joints 1
		24 
	INSTANCE_LIST
	{
	}
	segment_scale_compensate 1
	EXTRA_ATTRIBUTES
	{
		original_name string "Bip001 L Forearm"
		wire_colour colour 0.109804 0.109804 0.694118
	}
}
JOINT Bip001_L_Hand
{
	id 24
	visible	1
	scale_pivot	0 0 0
	rotate_pivot	0 0 0
	min_bound	0 0 0
	max_bound	0 0 0
	scale	1 1 1
	translate	42.1284 -5.62315e-07 5.66037e-07
	rotation_orient	0 0 0 1
	rotation	-0.692111 -0.104648 -0.0888167 0.70862
	joint_orient	0 0 0 1
	bind_pose_matrix
		0.962321 0.018981 0.271253 0
		0.27073 0.0261875 -0.962299 0
		-0.0253688 0.999477 0.0200621 0
		42.1284 -5.62315e-07 5.66037e-07 1
	rotation_order xyz
	inherits_transform 1
	shearing 0 0 0
	rotate_pivot_translate	0 0 0
	scale_pivot_translate	0 0 0
	translate_limit_x -INF +INF
	translate_limit_y -INF +INF
	translate_limit_z -INF +INF
	rotate_limit_x -INF +INF
	rotate_limit_y -INF +INF
	rotate_limit_z -INF +INF
	scale_limit_x -INF +INF
	scale_limit_y -INF +INF
	scale_limit_z -INF +INF
	parent 27
	child_joints 2
		33 37 
	INSTANCE_LIST
	{
	}
	segment_scale_compensate 1
	EXTRA_ATTRIBUTES
	{
		original_name string "Bip001 L Hand"
		wire_colour colour 0.109804 0.109804 0.694118
	}
}
JOINT Bip001_L_Thigh
{
	id 18
	visible	1
	scale_pivot	0 0 0
	rotate_pivot	0 0 0
	min_bound	0 0 0
	max_bound	0 0 0
	scale	1 1 1
	translate	-2.38714e-05 16.5157 -2.74124e-05
	rotation_orient	0 0 0 1
	rotation	-0.0379233 0.108607 -0.974387 -0.193225
	joint_orient	0 0 0 1
	bind_pose_matrix
		-0.922452 0.368315 0.115875 0
		-0.38479 -0.901737 -0.196996 0
		0.0319326 -0.226307 0.973533 0
		-2.38714e-05 16.5157 -2.74124e-05 1
	rotation_order xyz
	inherits_transform 1
	shearing 0 0 0
	rotate_pivot_translate	0 0 0
	scale_pivot_translate	0 0 0
	translate_limit_x -INF +INF
	translate_limit_y -INF +INF
	translate_limit_z -INF +INF
	rotate_limit_x -INF +INF
	rotate_limit_y -INF +INF
	rotate_limit_z -INF +INF
	scale_limit_x -INF +INF
	scale_limit_y -INF +INF
	scale_limit_z -INF +INF
	parent 9
	child_joints 1
		17 
	INSTANCE_LIST
	{
	}
	segment_scale_compensate 1
	EXTRA_ATTRIBUTES
	{
		original_name string "Bip001 L Thigh"
		wire_colour colour 0.109804 0.109804 0.694118
	}
}
JOINT Bip001_L_Toe0
{
	id 19
	visible	1
	scale_pivot	0 0 0
	rotate_pivot	0 0 0
	min_bound	0 0 0
	max_bound	0 0 0
	scale	1 1 1
	translate	18.3219 2.62562e-07 -21.8944
	rotation_orient	0 0 0 1
	rotation	0.0185876 0.70843 0.0947062 0.699151
	joint_orient	0 0 0 1
	bind_pose_matrix
		-0.0216843 0.158764 -0.987078 0
		-0.106092 0.98137 0.160176 0
		0.99412 0.108194 -0.00443673 0
		18.3219 2.62562e-07 -21.8944 1
	rotation_order xyz
	inherits_transform 1
	shearing 0 0 0
	rotate_pivot_translate	0 0 0
	scale_pivot_translate	0 0 0
	translate_limit_x -INF +INF
	translate_limit_y -INF +INF
	translate_limit_z -INF +INF
	rotate_limit_x -INF +INF
	rotate_limit_y -INF +INF
	rotate_limit_z -INF +INF
	scale_limit_x -INF +INF
	scale_limit_y -INF +INF
	scale_limit_z -INF +INF
	parent 21
	child_joints 0
	INSTANCE_LIST
	{
	}
	segment_scale_compensate 1
	EXTRA_ATTRIBUTES
	{
		original_name string "Bip001 L Toe0"
		wire_colour colour 0.423529 0.0313726 0.533333
	}
}
JOINT Bip001_L_UpperArm
{
	id 23
	visible	1
	scale_pivot	0 0 0
	rotate_pivot	0 0 0
	min_bound	0 0 0
	max_bound	0 0 0
	scale	1 1 1
	translate	22.4233 -2.33865e-06 -1.90749e-06
	rotation_orient	0 0 0 1
	rotation	-0.578428 -0.208155 -0.0224619 0.788409
	joint_orient	0 0 0 1
	bind_pose_matrix
		0.912334 0.205387 0.354208 0
		0.276224 0.329833 -0.902724 0
		-0.302237 0.921426 0.244185 0
		22.4233 -2.33865e-06 -1.90749e-06 1
	rotation_order xyz
	inherits_transform 1
	shearing 0 0 0
	rotate_pivot_translate	0 0 0
	scale_pivot_translate	0 0 0
	translate_limit_x -INF +INF
	translate_limit_y -INF +INF
	translate_limit_z -INF +INF
	rotate_limit_x -INF +INF
	rotate_limit_y -INF +INF
	rotate_limit_z -INF +INF
	scale_limit_x -INF +INF
	scale_limit_y -INF +INF
	scale_limit_z -INF +INF
	parent 26
	child_joints 1
		27 
	INSTANCE_LIST
	{
	}
	segment_scale_compensate 1
	EXTRA_ATTRIBUTES
	{
		original_name string "Bip001 L UpperArm"
		wire_colour colour 0.109804 0.109804 0.694118
	}
}
JOINT Bip001_Neck
{
	id 4
	visible	1
	scale_pivot	0 0 0
	rotate_pivot	0 0 0
	min_bound	0 0 0
	max_bound	0 0 0
	scale	1 1 1
	translate	32.8698 -7.79606e-06 9.33883
	rotation_orient	0 0 0 1
	rotation	3.55958e-09 0.314404 8.76084e-07 0.949289
	joint_orient	0 0 0 1
	bind_pose_matrix
		0.8023 1.66555e-06 -0.59692 0
		-1.66108e-06 1 5.57647e-07 0
		0.59692 5.44131e-07 0.8023 0
		32.8698 -7.79606e-06 9.33883 1
	rotation_order xyz
	inherits_transform 1
	shearing 0 0 0
	rotate_pivot_translate	0 0 0
	scale_pivot_translate	0 0 0
	translate_limit_x -INF +INF
	translate_limit_y -INF +INF
	translate_limit_z -INF +INF
	rotate_limit_x -INF +INF
	rotate_limit_y -INF +INF
	rotate_limit_z -INF +INF
	scale_limit_x -INF +INF
	scale_limit_y -INF +INF
	scale_limit_z -INF +INF
	parent 11
	child_joints 1
		2 
	INSTANCE_LIST
	{
	}
	segment_scale_compensate 1
	EXTRA_ATTRIBUTES
	{
		original_name string "Bip001 Neck"
		wire_colour colour 0.0313726 0.431373 0.52549
	}
}
JOINT Bip001_Pelvis
{
	id 9
	visible	1
	scale_pivot	0 0 0
	rotate_pivot	0 0 0
	min_bound	0 0 0
	max_bound	0 0 0
	scale	1 1 1
	translate	8.21721 -3.74878e-06 -5.85668
	rotation_orient	0 0 0 1
	rotation	-0.499999 -0.5 0.5 0.500001
	joint_orient	0 0 0 1
	bind_pose_matrix
		-2.38419e-07 1 1.3411e-06 0
		-1.3411e-06 1.13249e-06 -1 0
		-1 -5.96046e-08 1.13249e-06 0
		8.21721 -3.74878e-06 -5.85668 1
	rotation_order xyz
	inherits_transform 1
	shearing 0 0 0
	rotate_pivot_translate	0 0 0
	scale_pivot_translate	0 0 0
	translate_limit_x -INF +INF
	translate_limit_y -INF +INF
	translate_limit_z -INF +INF
	rotate_limit_x -INF +INF
	rotate_limit_y -INF +INF
	rotate_limit_z -INF +INF
	scale_limit_x -INF +INF
	scale_limit_y -INF +INF
	scale_limit_z -INF +INF
	parent 1
	child_joints 4
		6 10 16 18 
	INSTANCE_LIST
	{
	}
	segment_scale_compensate 1
	EXTRA_ATTRIBUTES
	{
		original_name string "Bip001 Pelvis"
		wire_colour colour 0.878431 0.776471 0.341176
	}
}
JOINT Bip001_R_Calf
{
	id 20
	visible	1
	scale_pivot	0 0 0
	rotate_pivot	0 0 0
	min_bound	0 0 0
	max_bound	0 0 0
	scale	1 1 1
	translate	42.8806 3.52218e-07 2.14126e-07
	rotation_orient	0 0 0 1
	rotation	-3.51173e-09 -0.317564 2.78717e-08 0.948237
	joint_orient	0 0 0 1
	bind_pose_matrix
		0.798306 5.50883e-08 0.602252 0
		-5.06275e-08 1 -2.4362e-08 0
		-0.602252 -1.10422e-08 0.798306 0
		42.8806 3.52218e-07 2.14126e-07 1
	rotation_order xyz
	inherits_transform 1
	shearing 0 0 0
	rotate_pivot_translate	0 0 0
	scale_pivot_translate	0 0 0
	translate_limit_x -INF +INF
	translate_limit_y -INF +INF
	translate_limit_z -INF +INF
	rotate_limit_x -INF +INF
	rotate_limit_y -INF +INF
	rotate_limit_z -INF +INF
	scale_limit_x -INF +INF
	scale_limit_y -INF +INF
	scale_limit_z -INF +INF
	parent 16
	child_joints 1
		13 
	INSTANCE_LIST
	{
	}
	segment_scale_compensate 1
	EXTRA_ATTRIBUTES
	{
		original_name string "Bip001 R Calf"
		wire_colour colour 0.0235294 0.52549 0.0235294
	}
}
JOINT Bip001_R_Clavicle
{
	id 25
	visible	1
	scale_pivot	0 0 0
	rotate_pivot	0 0 0
	min_bound	0 0 0
	max_bound	0 0 0
	scale	1 1 1
	translate	23.2608 -5.60506 11.8074
	rotation_orient	0 0 0 1
	rotation	0.72288 -0.690276 -0.0211436 -0.0227179
	joint_orient	0 0 0 1
	bind_pose_matrix
		0.0461434 -0.997013 -0.0619319 0
		-0.998935 -0.0460054 -0.00365489 0
		0.000794776 0.0620345 -0.998074 0
		23.2608 -5.60506 11.8074 1
	rotation_order xyz
	inherits_transform 1
	shearing 0 0 0
	rotate_pivot_translate	0 0 0
	scale_pivot_translate	0 0 0
	translate_limit_x -INF +INF
	translate_limit_y -INF +INF
	translate_limit_z -INF +INF
	rotate_limit_x -INF +INF
	rotate_limit_y -INF +INF
	rotate_limit_z -INF +INF
	scale_limit_x -INF +INF
	scale_limit_y -INF +INF
	scale_limit_z -INF +INF
	parent 11
	child_joints 2
		15 31 
	INSTANCE_LIST
	{
	}
	segment_scale_compensate 1
	EXTRA_ATTRIBUTES
	{
		original_name string "Bip001 R Clavicle"
		wire_colour colour 0.0235294 0.52549 0.0235294
	}
}
JOINT Bip001_R_Foot
{
	id 13
	visible	1
	scale_pivot	0 0 0
	rotate_pivot	0 0 0
	min_bound	0 0 0
	max_bound	0 0 0
	scale	1 1 1
	translate	55.3239 1.21361e-06 -9.74098e-07
	rotation_orient	0 0 0 1
	rotation	-0.0917692 0.180014 -0.125324 0.971322
	joint_orient	0 0 0 1
	bind_pose_matrix
		0.903778 -0.2765 -0.326701 0
		0.210421 0.951744 -0.223395 0
		0.372705 0.133155 0.918347 0
		55.3239 1.21361e-06 -9.74098e-07 1
	rotation_order xyz
	inherits_transform 1
	shearing 0 0 0
	rotate_pivot_translate	0 0 0
	scale_pivot_translate	0 0 0
	translate_limit_x -INF +INF
	translate_limit_y -INF +INF
	translate_limit_z -INF +INF
	rotate_limit_x -INF +INF
	rotate_limit_y -INF +INF
	rotate_limit_z -INF +INF
	scale_limit_x -INF +INF
	scale_limit_y -INF +INF
	scale_limit_z -INF +INF
	parent 20
	child_joints 1
		12 
	INSTANCE_LIST
	{
	}
	segment_scale_compensate 1
	EXTRA_ATTRIBUTES
	{
		original_name string "Bip001 R Foot"
		wire_colour colour 0.0235294 0.52549 0.0235294
	}
}
JOINT Bip001_R_Forearm
{
	id 22
	visible	1
	scale_pivot	0 0 0
	rotate_pivot	0 0 0
	min_bound	0 0 0
	max_bound	0 0 0
	scale	1 1 1
	translate	50.8825 -1.07146e-06 -1.40743e-06
	rotation_orient	0 0 0 1
	rotation	-6.377e-09 -0.643189 -1.36083e-08 0.765708
	joint_orient	0 0 0 1
	bind_pose_matrix
		0.172617 -1.26367e-08 0.984989 0
		2.90432e-08 1 7.73957e-09 0
		-0.984989 2.72713e-08 0.172617 0
		50.8825 -1.07146e-06 -1.40743e-06 1
	rotation_order xyz
	inherits_transform 1
	shearing 0 0 0
	rotate_pivot_translate	0 0 0
	scale_pivot_translate	0 0 0
	translate_limit_x -INF +INF
	translate_limit_y -INF +INF
	translate_limit_z -INF +INF
	rotate_limit_x -INF +INF
	rotate_limit_y -INF +INF
	rotate_limit_z -INF +INF
	scale_limit_x -INF +INF
	scale_limit_y -INF +INF
	scale_limit_z -INF +INF
	parent 15
	child_joints 1
		14 
	INSTANCE_LIST
	{
	}
	segment_scale_compensate 1
	EXTRA_ATTRIBUTES
	{
		original_name string "Bip001 R Forearm"
		wire_colour colour 0.0235294 0.52549 0.0235294
	}
}
JOINT Bip001_R_Hand
{
	id 14
	visible	1
	scale_pivot	0 0 0
	rotate_pivot	0 0 0
	min_bound	0 0 0
	max_bound	0 0 0
	scale	1 1 1
	translate	42.1284 7.41627e-07 5.35909e-06
	rotation_orient	0 0 0 1
	rotation	0.754692 0.100775 0.324868 0.561022
	joint_orient	0 0 0 1
	bind_pose_matrix
		0.76861 0.516625 0.377276 0
		-0.212408 -0.350198 0.912274 0
		0.603425 -0.781319 -0.159431 0
		42.1284 7.41627e-07 5.35909e-06 1
	rotation_order xyz
	inherits_transform 1
	shearing 0 0 0
	rotate_pivot_translate	0 0 0
	scale_pivot_translate	0 0 0
	translate_limit_x -INF +INF
	translate_limit_y -INF +INF
	translate_limit_z -INF +INF
	rotate_limit_x -INF +INF
	rotate_limit_y -INF +INF
	rotate_limit_z -INF +INF
	scale_limit_x -INF +INF
	scale_limit_y -INF +INF
	scale_limit_z -INF +INF
	parent 22
	child_joints 3
		34 35 36 
	INSTANCE_LIST
	{
	}
	segment_scale_compensate 1
	EXTRA_ATTRIBUTES
	{
		original_name string "Bip001 R Hand"
		wire_colour colour 0.0235294 0.52549 0.0235294
	}
}
JOINT Bip001_R_Thigh
{
	id 16
	visible	1
	scale_pivot	0 0 0
	rotate_pivot	0 0 0
	min_bound	0 0 0
	max_bound	0 0 0
	scale	1 1 1
	translate	2.30364e-05 -16.5157 1.83521e-05
	rotation_orient	0 0 0 1
	rotation	0.0698295 -0.193101 -0.965349 0.161053
	joint_orient	0 0 0 1
	bind_pose_matrix
		-0.938372 -0.337913 -0.0726206 0
		0.283977 -0.873548 0.395312 0
		-0.197019 0.350327 0.915672 0
		2.30364e-05 -16.5157 1.83521e-05 1
	rotation_order xyz
	inherits_transform 1
	shearing 0 0 0
	rotate_pivot_translate	0 0 0
	scale_pivot_translate	0 0 0
	translate_limit_x -INF +INF
	translate_limit_y -INF +INF
	translate_limit_z -INF +INF
	rotate_limit_x -INF +INF
	rotate_limit_y -INF +INF
	rotate_limit_z -INF +INF
	scale_limit_x -INF +INF
	scale_limit_y -INF +INF
	scale_limit_z -INF +INF
	parent 9
	child_joints 1
		20 
	INSTANCE_LIST
	{
	}
	segment_scale_compensate 1
	EXTRA_ATTRIBUTES
	{
		original_name string "Bip001 R Thigh"
		wire_colour colour 0.0235294 0.52549 0.0235294
	}
}
JOINT Bip001_R_Toe0
{
	id 12
	visible	1
	scale_pivot	0 0 0
	rotate_pivot	0 0 0
	min_bound	0 0 0
	max_bound	0 0 0
	scale	1 1 1
	translate	18.3219 -4.24563e-07 -21.8944
	rotation_orient	0 0 0 1
	rotation	-0.0431675 0.705788 -0.0431677 0.705788
	joint_orient	0 0 0 1
	bind_pose_matrix
		-5.96046e-07 -0.121869 -0.992546 0
		2.79397e-07 0.992546 -0.121869 0
		1 -3.31551e-07 -4.76837e-07 0
		18.3219 -4.24563e-07 -21.8944 1
	rotation_order xyz
	inherits_transform 1
	shearing 0 0 0
	rotate_pivot_translate	0 0 0
	scale_pivot_translate	0 0 0
	translate_limit_x -INF +INF
	translate_limit_y -INF +INF
	translate_limit_z -INF +INF
	rotate_limit_x -INF +INF
	rotate_limit_y -INF +INF
	rotate_limit_z -INF +INF
	scale_limit_x -INF +INF
	scale_limit_y -INF +INF
	scale_limit_z -INF +INF
	parent 13
	child_joints 0
	INSTANCE_LIST
	{
	}
	segment_scale_compensate 1
	EXTRA_ATTRIBUTES
	{
		original_name string "Bip001 R Toe0"
		wire_colour colour 0.443137 0.52549 0.0235294
	}
}
JOINT Bip001_R_UpperArm
{
	id 15
	visible	1
	scale_pivot	0 0 0
	rotate_pivot	0 0 0
	min_bound	0 0 0
	max_bound	0 0 0
	scale	1 1 1
	translate	22.4233 -7.81872e-06 3.80263e-06
	rotation_orient	0 0 0 1
	rotation	0.443768 -0.00495194 0.212639 0.870534
	joint_orient	0 0 0 1
	bind_pose_matrix
		0.90952 0.365825 0.197347 0
		-0.374615 0.515709 0.770524 0
		0.180103 -0.774736 0.606091 0
		22.4233 -7.81872e-06 3.80263e-06 1
	rotation_order xyz
	inherits_transform 1
	shearing 0 0 0
	rotate_pivot_translate	0 0 0
	scale_pivot_translate	0 0 0
	translate_limit_x -INF +INF
	translate_limit_y -INF +INF
	translate_limit_z -INF +INF
	rotate_limit_x -INF +INF
	rotate_limit_y -INF +INF
	rotate_limit_z -INF +INF
	scale_limit_x -INF +INF
	scale_limit_y -INF +INF
	scale_limit_z -INF +INF
	parent 25
	child_joints 1
		22 
	INSTANCE_LIST
	{
	}
	segment_scale_compensate 1
	EXTRA_ATTRIBUTES
	{
		original_name string "Bip001 R UpperArm"
		wire_colour colour 0.0235294 0.52549 0.0235294
	}
}
JOINT Bip001_Spine
{
	id 10
	visible	1
	scale_pivot	0 0 0
	rotate_pivot	0 0 0
	min_bound	0 0 0
	max_bound	0 0 0
	scale	1 1 1
	translate	21.7741 0.00361705 0.0123811
	rotation_orient	0 0 0 1
	rotation	-0.139764 -0.0207151 -0.038761 0.989209
	joint_orient	0 0 0 1
	bind_pose_matrix
		0.996137 -0.0708951 0.0518179 0
		0.082476 0.957927 -0.274906 0
		-0.0301483 0.278118 0.960074 0
		21.7741 0.00361705 0.0123811 1
	rotation_order xyz
	inherits_transform 1
	shearing 0 0 0
	rotate_pivot_translate	0 0 0
	scale_pivot_translate	0 0 0
	translate_limit_x -INF +INF
	translate_limit_y -INF +INF
	translate_limit_z -INF +INF
	rotate_limit_x -INF +INF
	rotate_limit_y -INF +INF
	rotate_limit_z -INF +INF
	scale_limit_x -INF +INF
	scale_limit_y -INF +INF
	scale_limit_z -INF +INF
	parent 9
	child_joints 1
		11 
	INSTANCE_LIST
	{
	}
	segment_scale_compensate 1
	EXTRA_ATTRIBUTES
	{
		original_name string "Bip001 Spine"
		wire_colour colour 0.0313726 0.431373 0.52549
	}
}
JOINT Bip001_Spine1
{
	id 11
	visible	1
	scale_pivot	0 0 0
	rotate_pivot	0 0 0
	min_bound	0 0 0
	max_bound	0 0 0
	scale	1 1 1
	translate	16.1975 0.00530318 0.02393
	rotation_orient	0 0 0 1
	rotation	-0.0963958 -0.103531 -0.110644 0.983741
	joint_orient	0 0 0 1
	bind_pose_matrix
		0.954078 -0.197731 0.225027 0
		0.237651 0.956931 -0.166747 0
		-0.182364 0.212567 0.959979 0
		16.1975 0.00530318 0.02393 1
	rotation_order xyz
	inherits_transform 1
	shearing 0 0 0
	rotate_pivot_translate	0 0 0
	scale_pivot_translate	0 0 0
	translate_limit_x -INF +INF
	translate_limit_y -INF +INF
	translate_limit_z -INF +INF
	rotate_limit_x -INF +INF
	rotate_limit_y -INF +INF
	rotate_limit_z -INF +INF
	scale_limit_x -INF +INF
	scale_limit_y -INF +INF
	scale_limit_z -INF +INF
	parent 10
	child_joints 3
		4 25 26 
	INSTANCE_LIST
	{
	}
	segment_scale_compensate 1
	EXTRA_ATTRIBUTES
	{
		original_name string "Bip001 Spine1"
		wire_colour colour 0.0313726 0.431373 0.52549
	}
}
JOINT be_F_tabard_01
{
	id 7
	visible	0
	scale_pivot	0 0 0
	rotate_pivot	0 0 0
	min_bound	0 0 0
	max_bound	0 0 0
	scale	1 1 1
	translate	24.8568 -5.03734e-07 2.10022e-05
	rotation_orient	0 0 0 1
	rotation	5.63403e-07 1.79554e-08 0.0206198 0.999787
	joint_orient	0 0 0 1
	bind_pose_matrix
		0.99915 0.0412307 -1.26687e-08 0
		-0.0412307 0.99915 1.12731e-06 0
		5.91376e-08 -1.12583e-06 1 0
		24.8568 -5.03734e-07 2.10022e-05 1
	rotation_order xyz
	inherits_transform 1
	shearing 0 0 0
	rotate_pivot_translate	0 0 0
	scale_pivot_translate	0 0 0
	translate_limit_x -INF +INF
	translate_limit_y -INF +INF
	translate_limit_z -INF +INF
	rotate_limit_x -INF +INF
	rotate_limit_y -INF +INF
	rotate_limit_z -INF +INF
	scale_limit_x -INF +INF
	scale_limit_y -INF +INF
	scale_limit_z -INF +INF
	parent 5
	child_joints 0
	INSTANCE_LIST
	{
	}
	segment_scale_compensate 1
	EXTRA_ATTRIBUTES
	{
		wire_colour colour 0.682353 0.729412 0.796078
	}
}
JOINT bn_F_tabard_01
{
	id 6
	visible	0
	scale_pivot	0 0 0
	rotate_pivot	0 0 0
	min_bound	0 0 0
	max_bound	0 0 0
	scale	1 1 1
	translate	14.4872 -4.95827e-05 -29.1671
	rotation_orient	0 0 0 1
	rotation	0.0366335 0.705464 -0.706392 0.0446045
	joint_orient	0 0 0 1
	bind_pose_matrix
		-0.993337 -0.0113293 -0.114689 0
		0.114704 -0.000662804 -0.993399 0
		0.0111785 -0.999935 0.00195807 0
		14.4872 -4.95827e-05 -29.1671 1
	rotation_order xyz
	inherits_transform 1
	shearing 0 0 0
	rotate_pivot_translate	0 0 0
	scale_pivot_translate	0 0 0
	translate_limit_x -INF +INF
	translate_limit_y -INF +INF
	translate_limit_z -INF +INF
	rotate_limit_x -INF +INF
	rotate_limit_y -INF +INF
	rotate_limit_z -INF +INF
	scale_limit_x -INF +INF
	scale_limit_y -INF +INF
	scale_limit_z -INF +INF
	parent 9
	child_joints 1
		8 
	INSTANCE_LIST
	{
	}
	segment_scale_compensate 1
	EXTRA_ATTRIBUTES
	{
		wire_colour colour 0.682353 0.729412 0.796078
	}
}
JOINT bn_F_tabard_02
{
	id 8
	visible	0
	scale_pivot	0 0 0
	rotate_pivot	0 0 0
	min_bound	0 0 0
	max_bound	0 0 0
	scale	1 1 1
	translate	19.4102 -4.02672e-06 -2.14053e-06
	rotation_orient	0 0 0 1
	rotation	0.00336247 0.0307714 -0.0772398 0.996532
	joint_orient	0 0 0 1
	bind_pose_matrix
		0.986174 -0.153737 -0.0618488 0
		0.154151 0.988046 0.00194808 0
		0.0608099 -0.0114552 0.998084 0
		19.4102 -4.02672e-06 -2.14053e-06 1
	rotation_order xyz
	inherits_transform 1
	shearing 0 0 0
	rotate_pivot_translate	0 0 0
	scale_pivot_translate	0 0 0
	translate_limit_x -INF +INF
	translate_limit_y -INF +INF
	translate_limit_z -INF +INF
	rotate_limit_x -INF +INF
	rotate_limit_y -INF +INF
	rotate_limit_z -INF +INF
	scale_limit_x -INF +INF
	scale_limit_y -INF +INF
	scale_limit_z -INF +INF
	parent 6
	child_joints 1
		5 
	INSTANCE_LIST
	{
	}
	segment_scale_compensate 1
	EXTRA_ATTRIBUTES
	{
		wire_colour colour 0.682353 0.729412 0.796078
	}
}
JOINT bn_F_tabard_03
{
	id 5
	visible	0
	scale_pivot	0 0 0
	rotate_pivot	0 0 0
	min_bound	0 0 0
	max_bound	0 0 0
	scale	1 1 1
	translate	22.1778 -2.0388e-05 -7.24826e-06
	rotation_orient	0 0 0 1
	rotation	0.0014608 0.0296898 -0.0344933 0.998963
	joint_orient	0 0 0 1
	bind_pose_matrix
		0.995858 -0.0688283 -0.0594187 0
		0.0690018 0.997616 0.000870375 0
		0.0592172 -0.00496677 0.998233 0
		22.1778 -2.0388e-05 -7.24826e-06 1
	rotation_order xyz
	inherits_transform 1
	shearing 0 0 0
	rotate_pivot_translate	0 0 0
	scale_pivot_translate	0 0 0
	translate_limit_x -INF +INF
	translate_limit_y -INF +INF
	translate_limit_z -INF +INF
	rotate_limit_x -INF +INF
	rotate_limit_y -INF +INF
	rotate_limit_z -INF +INF
	scale_limit_x -INF +INF
	scale_limit_y -INF +INF
	scale_limit_z -INF +INF
	parent 8
	child_joints 1
		7 
	INSTANCE_LIST
	{
	}
	segment_scale_compensate 1
	EXTRA_ATTRIBUTES
	{
		wire_colour colour 0.682353 0.729412 0.796078
	}
}
BONE bn_fingers_L_01
{
	id 37
	visible	0
	scale_pivot	0 0 0
	rotate_pivot	0 0 0
	min_bound	0 0 0
	max_bound	0 0 0
	scale	1 1 1
	translate	24.585 -2.37212 -9.30444
	rotation_orient	0 0 0 1
	rotation	-0.0675349 0.973918 0.0174653 0.215912
	joint_orient	0 0 0 1
	bind_pose_matrix
		-0.897642 -0.124005 -0.422921 0
		-0.139089 0.990268 0.00485629 0
		0.418203 0.0631828 -0.906154 0
		24.585 -2.37212 -9.30444 1
	rotation_order xyz
	inherits_transform 1
	shearing 0 0 0
	rotate_pivot_translate	0 0 0
	scale_pivot_translate	0 0 0
	translate_limit_x -INF +INF
	translate_limit_y -INF +INF
	translate_limit_z -INF +INF
	rotate_limit_x -INF +INF
	rotate_limit_y -INF +INF
	rotate_limit_z -INF +INF
	scale_limit_x -INF +INF
	scale_limit_y -INF +INF
	scale_limit_z -INF +INF
	parent 24
	child_joints 0
	INSTANCE_LIST
	{
	}
	EXTRA_ATTRIBUTES
	{
		wire_colour colour 0.054902 1 0.00784314
	}
}
BONE bn_fingers_R_01
{
	id 35
	visible	0
	scale_pivot	0 0 0
	rotate_pivot	0 0 0
	min_bound	0 0 0
	max_bound	0 0 0
	scale	1 1 1
	translate	25.1662 2.89667 -4.50303
	rotation_orient	0 0 0 1
	rotation	-0.054164 0.701832 0.142021 0.695937
	joint_orient	0 0 0 1
	bind_pose_matrix
		-0.0254763 0.121648 -0.992246 0
		-0.273704 0.953792 0.123961 0
		0.961477 0.27474 0.00899637 0
		25.1662 2.89667 -4.50303 1
	rotation_order xyz
	inherits_transform 1
	shearing 0 0 0
	rotate_pivot_translate	0 0 0
	scale_pivot_translate	0 0 0
	translate_limit_x -INF +INF
	translate_limit_y -INF +INF
	translate_limit_z -INF +INF
	rotate_limit_x -INF +INF
	rotate_limit_y -INF +INF
	rotate_limit_z -INF +INF
	scale_limit_x -INF +INF
	scale_limit_y -INF +INF
	scale_limit_z -INF +INF
	parent 14
	child_joints 0
	INSTANCE_LIST
	{
	}
	EXTRA_ATTRIBUTES
	{
		wire_colour colour 0.054902 1 0.00784314
	}
}
BONE bn_mouth_01
{
	id 30
	visible	0
	scale_pivot	0 0 0
	rotate_pivot	0 0 0
	min_bound	0 0 0
	max_bound	0 0 0
	scale	1 1 1
	translate	9.78494 -3.13954e-05 3.94774
	rotation_orient	0 0 0 1
	rotation	0.703376 0.703366 0.0725904 0.0725891
	joint_orient	0 0 0 1
	bind_pose_matrix
		1.29938e-05 1 3.15905e-06 0
		0.978924 -1.35899e-05 0.20423 0
		0.20423 4.02331e-07 -0.978923 0
		9.78494 -3.13954e-05 3.94774 1
	rotation_order xyz
	inherits_transform 1
	shearing 0 0 0
	rotate_pivot_translate	0 0 0
	scale_pivot_translate	0 0 0
	translate_limit_x -INF +INF
	translate_limit_y -INF +INF
	translate_limit_z -INF +INF
	rotate_limit_x -INF +INF
	rotate_limit_y -INF +INF
	rotate_limit_z -INF +INF
	scale_limit_x -INF +INF
	scale_limit_y -INF +INF
	scale_limit_z -INF +INF
	parent 3
	child_joints 0
	INSTANCE_LIST
	{
	}
	EXTRA_ATTRIBUTES
	{
		wire_colour colour 0 0.988235 0
	}
}
BONE bn_mouth_L_01
{
	id 28
	visible	0
	scale_pivot	0 0 0
	rotate_pivot	0 0 0
	min_bound	0 0 0
	max_bound	0 0 0
	scale	1 1 1
	translate	8.01526 2.79227 3.79135
	rotation_orient	0 0 0 1
	rotation	0.416017 0.849811 -0.0443937 0.320592
	joint_orient	0 0 0 1
	bind_pose_matrix
		-0.4483 0.678609 -0.581824 0
		0.735538 0.649918 0.191292 0
		0.507949 -0.342197 -0.7905 0
		8.01526 2.79227 3.79135 1
	rotation_order xyz
	inherits_transform 1
	shearing 0 0 0
	rotate_pivot_translate	0 0 0
	scale_pivot_translate	0 0 0
	translate_limit_x -INF +INF
	translate_limit_y -INF +INF
	translate_limit_z -INF +INF
	rotate_limit_x -INF +INF
	rotate_limit_y -INF +INF
	rotate_limit_z -INF +INF
	scale_limit_x -INF +INF
	scale_limit_y -INF +INF
	scale_limit_z -INF +INF
	parent 3
	child_joints 0
	INSTANCE_LIST
	{
	}
	EXTRA_ATTRIBUTES
	{
		wire_colour colour 0 0.988235 0
	}
}
BONE bn_mouth_R_01
{
	id 29
	visible	0
	scale_pivot	0 0 0
	rotate_pivot	0 0 0
	min_bound	0 0 0
	max_bound	0 0 0
	scale	1 1 1
	translate	8.00369 -2.80794 3.77692
	rotation_orient	0 0 0 1
	rotation	-0.452459 0.833561 0.0274345 0.31576
	joint_orient	0 0 0 1
	bind_pose_matrix
		-0.391154 -0.736979 -0.551236 0
		-0.771629 0.589057 -0.24 0
		0.501585 0.331473 -0.799086 0
		8.00369 -2.80794 3.77692 1
	rotation_order xyz
	inherits_transform 1
	shearing 0 0 0
	rotate_pivot_translate	0 0 0
	scale_pivot_translate	0 0 0
	translate_limit_x -INF +INF
	translate_limit_y -INF +INF
	translate_limit_z -INF +INF
	rotate_limit_x -INF +INF
	rotate_limit_y -INF +INF
	rotate_limit_z -INF +INF
	scale_limit_x -INF +INF
	scale_limit_y -INF +INF
	scale_limit_z -INF +INF
	parent 3
	child_joints 0
	INSTANCE_LIST
	{
	}
	EXTRA_ATTRIBUTES
	{
		wire_colour colour 0 0.988235 0
	}
}
JOINT bn_shoulderpad_L
{
	id 32
	visible	0
	scale_pivot	0 0 0
	rotate_pivot	0 0 0
	min_bound	0 0 0
	max_bound	0 0 0
	scale	1 1 1
	translate	22.4233 -2.76447e-06 -1.06872e-06
	rotation_orient	0 0 0 1
	rotation	-0.371837 -0.084519 0.00926206 0.924396
	joint_orient	0 0 0 1
	bind_pose_matrix
		0.985541 0.0799781 0.14937 0
		0.0457309 0.723304 -0.689014 0
		-0.163146 0.685883 0.709188 0
		22.4233 -2.76447e-06 -1.06872e-06 1
	rotation_order xyz
	inherits_transform 1
	shearing 0 0 0
	rotate_pivot_translate	0 0 0
	scale_pivot_translate	0 0 0
	translate_limit_x -INF +INF
	translate_limit_y -INF +INF
	translate_limit_z -INF +INF
	rotate_limit_x -INF +INF
	rotate_limit_y -INF +INF
	rotate_limit_z -INF +INF
	scale_limit_x -INF +INF
	scale_limit_y -INF +INF
	scale_limit_z -INF +INF
	parent 26
	child_joints 0
	INSTANCE_LIST
	{
	}
	segment_scale_compensate 1
	EXTRA_ATTRIBUTES
	{
		wire_colour colour 0.643137 0.776471 0.807843
	}
}
JOINT bn_shoulderpad_R
{
	id 31
	visible	0
	scale_pivot	0 0 0
	rotate_pivot	0 0 0
	min_bound	0 0 0
	max_bound	0 0 0
	scale	1 1 1
	translate	21.329 10.52 -3.26923
	rotation_orient	0 0 0 1
	rotation	0.0072049 0.0981709 0.0593074 0.993375
	joint_orient	0 0 0 1
	bind_pose_matrix
		0.97369 0.119244 -0.194186 0
		-0.116414 0.992861 0.0259589 0
		0.195896 -0.0026698 0.980621 0
		21.329 10.52 -3.26923 1
	rotation_order xyz
	inherits_transform 1
	shearing 0 0 0
	rotate_pivot_translate	0 0 0
	scale_pivot_translate	0 0 0
	translate_limit_x -INF +INF
	translate_limit_y -INF +INF
	translate_limit_z -INF +INF
	rotate_limit_x -INF +INF
	rotate_limit_y -INF +INF
	rotate_limit_z -INF +INF
	scale_limit_x -INF +INF
	scale_limit_y -INF +INF
	scale_limit_z -INF +INF
	parent 25
	child_joints 0
	INSTANCE_LIST
	{
	}
	segment_scale_compensate 1
	EXTRA_ATTRIBUTES
	{
		wire_colour colour 0.643137 0.776471 0.807843
	}
}
BONE bn_thumb_L_01
{
	id 33
	visible	0
	scale_pivot	0 0 0
	rotate_pivot	0 0 0
	min_bound	0 0 0
	max_bound	0 0 0
	scale	1 1 1
	translate	7.89324 -11.732 -12.3482
	rotation_orient	0 0 0 1
	rotation	0.649059 0.0741728 -0.161599 0.739666
	joint_orient	0 0 0 1
	bind_pose_matrix
		0.936768 -0.142774 -0.319501 0
		0.335344 0.105215 0.936203 0
		-0.100049 -0.984147 0.146441 0
		7.89324 -11.732 -12.3482 1
	rotation_order xyz
	inherits_transform 1
	shearing 0 0 0
	rotate_pivot_translate	0 0 0
	scale_pivot_translate	0 0 0
	translate_limit_x -INF +INF
	translate_limit_y -INF +INF
	translate_limit_z -INF +INF
	rotate_limit_x -INF +INF
	rotate_limit_y -INF +INF
	rotate_limit_z -INF +INF
	scale_limit_x -INF +INF
	scale_limit_y -INF +INF
	scale_limit_z -INF +INF
	parent 24
	child_joints 0
	INSTANCE_LIST
	{
	}
	EXTRA_ATTRIBUTES
	{
		wire_colour colour 0.054902 1 0.00784314
	}
}
BONE bn_thumb_R_01
{
	id 34
	visible	0
	scale_pivot	0 0 0
	rotate_pivot	0 0 0
	min_bound	0 0 0
	max_bound	0 0 0
	scale	1 1 1
	translate	3.80857 10.8074 -8.92632
	rotation_orient	0 0 0 1
	rotation	-0.640343 0.334891 0.256351 0.641945
	joint_orient	0 0 0 1
	bind_pose_matrix
		0.644264 -0.0997639 -0.758269 0
		-0.758017 0.0484912 -0.65043 0
		0.101659 0.993829 -0.0443816 0
		3.80857 10.8074 -8.92632 1
	rotation_order xyz
	inherits_transform 1
	shearing 0 0 0
	rotate_pivot_translate	0 0 0
	scale_pivot_translate	0 0 0
	translate_limit_x -INF +INF
	translate_limit_y -INF +INF
	translate_limit_z -INF +INF
	rotate_limit_x -INF +INF
	rotate_limit_y -INF +INF
	rotate_limit_z -INF +INF
	scale_limit_x -INF +INF
	scale_limit_y -INF +INF
	scale_limit_z -INF +INF
	parent 14
	child_joints 0
	INSTANCE_LIST
	{
	}
	EXTRA_ATTRIBUTES
	{
		wire_colour colour 0.054902 1 0.00784314
	}
}
BONE bn_weapon_01
{
	id 36
	visible	0
	scale_pivot	0 0 0
	rotate_pivot	0 0 0
	min_bound	0 0 0
	max_bound	0 0 0
	scale	1 1 1
	translate	19.9492 -11.104 -8.98744
	rotation_orient	0 0 0 1
	rotation	-0.0935285 -0.156995 0.781703 0.596276
	joint_orient	0 0 0 1
	bind_pose_matrix
		-0.271416 0.961588 0.0410016 0
		-0.902854 -0.239616 -0.356985 0
		-0.333448 -0.13391 0.93321 0
		19.9492 -11.104 -8.98744 1
	rotation_order xyz
	inherits_transform 1
	shearing 0 0 0
	rotate_pivot_translate	0 0 0
	scale_pivot_translate	0 0 0
	translate_limit_x -INF +INF
	translate_limit_y -INF +INF
	translate_limit_z -INF +INF
	rotate_limit_x -INF +INF
	rotate_limit_y -INF +INF
	rotate_limit_z -INF +INF
	scale_limit_x -INF +INF
	scale_limit_y -INF +INF
	scale_limit_z -INF +INF
	parent 14
	child_joints 0
	INSTANCE_LIST
	{
	}
	EXTRA_ATTRIBUTES
	{
		wire_colour colour 0.054902 1 0.00784314
	}
}
JOINT root_displacement
{
	id 38
	visible	0
	scale_pivot	0 0 0
	rotate_pivot	0 0 0
	min_bound	0 0 0
	max_bound	0 0 0
	scale	1 1 1
	translate	0 0 -0
	rotation_orient	0 0 0 1
	rotation	0 0 0 1
	joint_orient	0 0 0 1
	bind_pose_matrix
		1 0 0 0
		0 1 0 0
		0 0 1 0
		0 0 -0 1
	rotation_order xyz
	inherits_transform 1
	shearing 0 0 0
	rotate_pivot_translate	0 0 0
	scale_pivot_translate	0 0 0
	translate_limit_x -INF +INF
	translate_limit_y -INF +INF
	translate_limit_z -INF +INF
	rotate_limit_x -INF +INF
	rotate_limit_y -INF +INF
	rotate_limit_z -INF +INF
	scale_limit_x -INF +INF
	scale_limit_y -INF +INF
	scale_limit_z -INF +INF
	parent 0
	child_joints 0
	INSTANCE_LIST
	{
	}
	segment_scale_compensate 1
	EXTRA_ATTRIBUTES
	{
		wire_colour colour 0 0.87451 0.145098
	}
}
ANIMATION_TAKE victory_01
{
	id 39
	start_time 0
	end_time 60
	fps 30
	current_time 0
	num_animated_nodes 38
	num_event_tracks 0
	ANIM_NODE 28
	{
		num_animated_attrs 3
		num_animated_attrs_user 0
		ATTR rotation
		{
			num_streams 1
			elements_per_sample 4
			SAMPLED_KEYS
			{

				0.416017 0.849811 -0.0443937 0.320592 
				0.415991 0.849619 -0.0446437 0.321103 
				0.415912 0.849055 -0.0453721 0.32259 
				0.415782 0.84814 -0.0465469 0.324988 
				0.415601 0.846892 -0.0481357 0.328227 
				0.415368 0.845326 -0.0501061 0.33224 
				0.415082 0.843457 -0.0524257 0.336957 
				0.41474 0.841299 -0.0550618 0.342308 
				0.414342 0.838867 -0.0579817 0.348226 
				0.413886 0.836176 -0.0611525 0.354639 
				0.413371 0.833242 -0.0645418 0.361478 
				0.412797 0.830082 -0.0681168 0.368676 
				0.412165 0.826717 -0.0718446 0.376163 
				0.411475 0.823166 -0.0756929 0.383871 
				0.410732 0.819452 -0.079629 0.391735 
				0.409938 0.815603 -0.0836209 0.399688 
				0.409098 0.811645 -0.0876361 0.407665 
				0.408219 0.807609 -0.0916428 0.415604 
				0.407308 0.803528 -0.0956097 0.42344 
				0.406374 0.799437 -0.099505 0.431114 
				0.405427 0.795373 -0.103298 0.438566 
				0.404477 0.791377 -0.106958 0.445736 
				0.403536 0.78749 -0.110454 0.452568 
				0.402617 0.783755 -0.113757 0.459005 
				0.401734 0.780218 -0.116837 0.464993 
				0.400902 0.776923 -0.119663 0.470477 
				0.400133 0.773919 -0.122208 0.475404 
				0.399444 0.771251 -0.124441 0.479719 
				0.39885 0.768967 -0.126334 0.483372 
				0.398364 0.767114 -0.127858 0.486307 
				0.398001 0.765737 -0.128983 0.488473 
				0.397775 0.764881 -0.129679 0.489813 
				0.397697 0.764586 -0.129918 0.490272 
				0.397798 0.764969 -0.129607 0.489674 
				0.398091 0.766079 -0.128704 0.487936 
				0.398558 0.767853 -0.127252 0.48514 
				0.399177 0.770222 -0.125296 0.481369 
				0.399928 0.77312 -0.122879 0.476701 
				0.400788 0.776475 -0.120045 0.471216 
				0.401734 0.780218 -0.116837 0.464993 
				0.402747 0.784278 -0.113298 0.458112 
				0.403803 0.788587 -0.109474 0.450654 
				0.404883 0.793079 -0.105408 0.442701 
				0.405969 0.79769 -0.101145 0.434338 
				0.407043 0.802358 -0.0967313 0.425652 
				0.408091 0.807028 -0.0922128 0.416731 
				0.409098 0.811645 -0.0876361 0.407666 
				0.410054 0.81616 -0.0830484 0.398549 
				0.410949 0.820528 -0.0784975 0.389476 
				0.411778 0.824709 -0.074031 0.380545 
				0.412533 0.828664 -0.0696976 0.371853 
				0.413213 0.832361 -0.0655457 0.363501 
				0.413816 0.835771 -0.061624 0.355591 
				0.414342 0.838867 -0.0579816 0.348226 
				0.414793 0.841624 -0.054667 0.341508 
				0.415169 0.844021 -0.0517293 0.335541 
				0.415474 0.846035 -0.049217 0.33043 
				0.415711 0.847645 -0.047179 0.326277 
				0.41588 0.848829 -0.0456636 0.323185 
				0.415983 0.84956 -0.0447192 0.321257 
				0.416017 0.849811 -0.0443937 0.320592 
			}
		}
		ATTR scale
		{
			num_streams 1
			elements_per_sample 3
			POSE_KEY
			{
				1 1 1 
			}
		}
		ATTR translate
		{
			num_streams 1
			elements_per_sample 3
			POSE_KEY
			{
				8.01526 2.79227 3.79135 
			}
		}
	}
	ANIM_NODE 10
	{
		num_animated_attrs 3
		num_animated_attrs_user 0
		ATTR rotation
		{
			num_streams 1
			elements_per_sample 4
			SAMPLED_KEYS
			{

				-0.139764 -0.0207151 -0.038761 0.989209 
				-0.141034 -0.0190249 -0.0379354 0.989095 
				-0.142121 -0.0174906 -0.0369643 0.989004 
				-0.14309 -0.0160517 -0.0359063 0.988928 
				-0.143975 -0.0146779 -0.0347914 0.988861 
				-0.144796 -0.0133513 -0.0336373 0.988799 
				-0.145565 -0.0120599 -0.032456 0.988743 
				-0.146292 -0.0107955 -0.0312567 0.988689 
				-0.146983 -0.0095519 -0.0300462 0.988636 
				-0.147642 -0.00832394 -0.0288307 0.988586 
				-0.148273 -0.00710741 -0.0276154 0.988535 
				-0.148879 -0.00589857 -0.0264061 0.988485 
				-0.149463 -0.00469378 -0.0252083 0.988435 
				-0.150026 -0.00348931 -0.0240283 0.988384 
				-0.150571 -0.00228109 -0.022874 0.988332 
				-0.151098 -0.00106423 -0.0217553 0.988279 
				-0.15161 0.000167764 -0.0206858 0.988224 
				-0.152106 0.00142421 -0.0196862 0.988167 
				-0.15259 0.0027204 -0.0187909 0.988107 
				-0.153062 0.00408623 -0.0180678 0.988043 
				-0.153533 0.00541942 -0.0178509 0.987967 
				-0.154056 0.00652244 -0.0185006 0.987867 
				-0.154624 0.00719872 -0.02051 0.987734 
				-0.15516 0.00708865 -0.0245164 0.98756 
				-0.15544 0.00596113 -0.0301885 0.987366 
				-0.155331 0.00437874 -0.0354464 0.987217 
