|XMD_005A#0MAX#0005.0.4|
JOINT Bip001
{
	id 1
	visible	1
	scale_pivot	0 0 0
	rotate_pivot	0 0 0
	min_bound	0 0 0
	max_bound	0 0 0
	scale	1 1 1
	translate	-0.45456 106.363 26.8729
	rotation_orient	0 0 0 1
	rotation	-0.134649 -0.35248 0.0460067 0.924938
	joint_orient	0 0 0 1
	bind_pose_matrix
		0.747283 0.180029 0.639655 0
		0.00981578 0.959506 -0.281518 0
		-0.664434 0.216652 0.715255 0
		-0.45456 106.363 26.8729 1
	rotation_order xyz
	inherits_transform 1
	shearing 0 0 0
	rotate_pivot_translate	0 0 0
	scale_pivot_translate	0 0 0
	translate_limit_x -INF +INF
	translate_limit_y -INF +INF
	translate_limit_z -INF +INF
	rotate_limit_x -INF +INF
	rotate_limit_y -INF +INF
	rotate_limit_z -INF +INF
	scale_limit_x -INF +INF
	scale_limit_y -INF +INF
	scale_limit_z -INF +INF
	parent 0
	child_joints 1
		9 
	INSTANCE_LIST
	{
	}
	segment_scale_compensate 1
	EXTRA_ATTRIBUTES
	{
		wire_colour colour 1 0 0
	}
}
JOINT Bip001_Head
{
	id 2
	visible	1
	scale_pivot	0 0 0
	rotate_pivot	0 0 0
	min_bound	0 0 0
	max_bound	0 0 0
	scale	1 1 1
	translate	11.5934 6.16283e-07 -2.9878e-07
	rotation_orient	0 0 0 1
	rotation	-0.259911 -0.229792 -0.0274522 0.93749
	joint_orient	0 0 0 1
	bind_pose_matrix
		0.892884 0.0679785 0.445125 0
		0.170923 0.863385 -0.474712 0
		-0.416585 0.499945 0.759284 0
		11.5934 6.16283e-07 -2.9878e-07 1
	rotation_order xyz
	inherits_transform 1
	shearing 0 0 0
	rotate_pivot_translate	0 0 0
	scale_pivot_translate	0 0 0
	translate_limit_x -INF +INF
	translate_limit_y -INF +INF
	translate_limit_z -INF +INF
	rotate_limit_x -INF +INF
	rotate_limit_y -INF +INF
	rotate_limit_z -INF +INF
	scale_limit_x -INF +INF
	scale_limit_y -INF +INF
	scale_limit_z -INF +INF
	parent 4
	child_joints 1
		3 
	INSTANCE_LIST
	{
	}
	segment_scale_compensate 1
	EXTRA_ATTRIBUTES
	{
		original_name string "Bip001 Head"
		wire_colour colour 0.65098 0.792157 0.941176
	}
}
JOINT Bip001_Jaw
{
	id 3
	visible	1
	scale_pivot	0 0 0
	rotate_pivot	0 0 0
	min_bound	0 0 0
	max_bound	0 0 0
	scale	1 1 1
	translate	3.87303 -3.70291e-05 -2.50609
	rotation_orient	0 0 0 1
	rotation	1.87657e-09 0.793596 2.20433e-06 0.608445
	joint_orient	0 0 0 1
	bind_pose_matrix
		-0.259589 2.68541e-06 -0.965719 0
		-2.67945e-06 1 3.50098e-06 0
		0.965719 3.49641e-06 -0.259589 0
		3.87303 -3.70291e-05 -2.50609 1
	rotation_order xyz
	inherits_transform 1
	shearing 0 0 0
	rotate_pivot_translate	0 0 0
	scale_pivot_translate	0 0 0
	translate_limit_x -INF +INF
	translate_limit_y -INF +INF
	translate_limit_z -INF +INF
	rotate_limit_x -INF +INF
	rotate_limit_y -INF +INF
	rotate_limit_z -INF +INF
	scale_limit_x -INF +INF
	scale_limit_y -INF +INF
	scale_limit_z -INF +INF
	parent 2
	child_joints 3
		28 29 30 
	INSTANCE_LIST
	{
	}
	segment_scale_compensate 1
	EXTRA_ATTRIBUTES
	{
		original_name string "Bip001 Jaw"
		wire_colour colour 0.988235 0 0
	}
}
JOINT Bip001_L_Calf
{
	id 17
	visible	1
	scale_pivot	0 0 0
	rotate_pivot	0 0 0
	min_bound	0 0 0
	max_bound	0 0 0
	scale	1 1 1
	translate	42.8806 4.20209e-07 1.90168e-06
	rotation_orient	0 0 0 1
	rotation	-1.52498e-08 -0.330292 5.04775e-08 0.943879
	joint_orient	0 0 0 1
	bind_pose_matrix
		0.781815 1.05363e-07 0.623511 0
		-8.52155e-08 1 -6.21325e-08 0
		-0.623511 -4.55669e-09 0.781815 0
		42.8806 4.20209e-07 1.90168e-06 1
	rotation_order xyz
	inherits_transform 1
	shearing 0 0 0
	rotate_pivot_translate	0 0 0
	scale_pivot_translate	0 0 0
	translate_limit_x -INF +INF
	translate_limit_y -INF +INF
	translate_limit_z -INF +INF
	rotate_limit_x -INF +INF
	rotate_limit_y -INF +INF
	rotate_limit_z -INF +INF
	scale_limit_x -INF +INF
	scale_limit_y -INF +INF
	scale_limit_z -INF +INF
	parent 18
	child_joints 1
		21 
	INSTANCE_LIST
	{
	}
	segment_scale_compensate 1
	EXTRA_ATTRIBUTES
	{
		original_name string "Bip001 L Calf"
		wire_colour colour 0.109804 0.109804 0.694118
	}
}
JOINT Bip001_L_Clavicle
{
	id 26
	visible	1
	scale_pivot	0 0 0
	rotate_pivot	0 0 0
	min_bound	0 0 0
	max_bound	0 0 0
	scale	1 1 1
	translate	23.2608 5.60499 11.8075
	rotation_orient	0 0 0 1
	rotation	0.608673 0.793229 -0.013603 0.0109397
	joint_orient	0 0 0 1
	bind_pose_matrix
		-0.258794 0.965337 -0.033915 0
		0.965932 0.258663 -0.00826326 0
		0.000795744 -0.0348981 -0.999391 0
		23.2608 5.60499 11.8075 1
	rotation_order xyz
	inherits_transform 1
	shearing 0 0 0
	rotate_pivot_translate	0 0 0
	scale_pivot_translate	0 0 0
	translate_limit_x -INF +INF
	translate_limit_y -INF +INF
	translate_limit_z -INF +INF
	rotate_limit_x -INF +INF
	rotate_limit_y -INF +INF
	rotate_limit_z -INF +INF
	scale_limit_x -INF +INF
	scale_limit_y -INF +INF
	scale_limit_z -INF +INF
	parent 11
	child_joints 2
		23 32 
	INSTANCE_LIST
	{
	}
	segment_scale_compensate 1
	EXTRA_ATTRIBUTES
	{
		original_name string "Bip001 L Clavicle"
		wire_colour colour 0.109804 0.109804 0.694118
	}
}
JOINT Bip001_L_Foot
{
	id 21
	visible	1
	scale_pivot	0 0 0
	rotate_pivot	0 0 0
	min_bound	0 0 0
	max_bound	0 0 0
	scale	1 1 1
	translate	55.3239 -3.84601e-06 1.8743e-08
	rotation_orient	0 0 0 1
	rotation	0.116216 0.134531 0.210876 0.961211
	joint_orient	0 0 0 1
	bind_pose_matrix
		0.874866 0.436661 -0.209611 0
		-0.374123 0.88405 0.280155 0
		0.307639 -0.166678 0.936791 0
		55.3239 -3.84601e-06 1.8743e-08 1
	rotation_order xyz
	inherits_transform 1
	shearing 0 0 0
	rotate_pivot_translate	0 0 0
	scale_pivot_translate	0 0 0
	translate_limit_x -INF +INF
	translate_limit_y -INF +INF
	translate_limit_z -INF +INF
	rotate_limit_x -INF +INF
	rotate_limit_y -INF +INF
	rotate_limit_z -INF +INF
	scale_limit_x -INF +INF
	scale_limit_y -INF +INF
	scale_limit_z -INF +INF
	parent 17
	child_joints 1
		19 
	INSTANCE_LIST
	{
	}
	segment_scale_compensate 1
	EXTRA_ATTRIBUTES
	{
		original_name string "Bip001 L Foot"
		wire_colour colour 0.109804 0.109804 0.694118
	}
}
JOINT Bip001_L_Forearm
{
	id 27
	visible	1
	scale_pivot	0 0 0
	rotate_pivot	0 0 0
	min_bound	0 0 0
	max_bound	0 0 0
	scale	1 1 1
	translate	50.8825 -2.76776e-07 -2.90249e-06
	rotation_orient	0 0 0 1
	rotation	-2.47454e-08 -0.221082 2.33368e-09 0.975255
	joint_orient	0 0 0 1
	bind_pose_matrix
		0.902245 1.54934e-08 0.431223 0
		6.38966e-09 1 -4.92979e-08 0
		-0.431223 4.72342e-08 0.902245 0
		50.8825 -2.76776e-07 -2.90249e-06 1
	rotation_order xyz
	inherits_transform 1
	shearing 0 0 0
	rotate_pivot_translate	0 0 0
	scale_pivot_translate	0 0 0
	translate_limit_x -INF +INF
	translate_limit_y -INF +INF
	translate_limit_z -INF +INF
	rotate_limit_x -INF +INF
	rotate_limit_y -INF +INF
	rotate_limit_z -INF +INF
	scale_limit_x -INF +INF
	scale_limit_y -INF +INF
	scale_limit_z -INF +INF
	parent 23
	child_joints 1
		24 
	INSTANCE_LIST
	{
	}
	segment_scale_compensate 1
	EXTRA_ATTRIBUTES
	{
		original_name string "Bip001 L Forearm"
		wire_colour colour 0.109804 0.109804 0.694118
	}
}
JOINT Bip001_L_Hand
{
	id 24
	visible	1
	scale_pivot	0 0 0
	rotate_pivot	0 0 0
	min_bound	0 0 0
	max_bound	0 0 0
	scale	1 1 1
	translate	42.1284 1.34581e-06 2.46148e-06
	rotation_orient	0 0 0 1
	rotation	0.873878 -0.153523 0.116872 -0.446216
	joint_orient	0 0 0 1
	bind_pose_matrix
		0.925543 -0.372621 0.0672549 0
		-0.16402 -0.554644 -0.815762 0
		0.341272 0.743992 -0.574465 0
		42.1284 1.34581e-06 2.46148e-06 1
	rotation_order xyz
	inherits_transform 1
	shearing 0 0 0
	rotate_pivot_translate	0 0 0
	scale_pivot_translate	0 0 0
	translate_limit_x -INF +INF
	translate_limit_y -INF +INF
	translate_limit_z -INF +INF
	rotate_limit_x -INF +INF
	rotate_limit_y -INF +INF
	rotate_limit_z -INF +INF
	scale_limit_x -INF +INF
	scale_limit_y -INF +INF
	scale_limit_z -INF +INF
	parent 27
	child_joints 2
		33 37 
	INSTANCE_LIST
	{
	}
	segment_scale_compensate 1
	EXTRA_ATTRIBUTES
	{
		original_name string "Bip001 L Hand"
		wire_colour colour 0.109804 0.109804 0.694118
	}
}
JOINT Bip001_L_Thigh
{
	id 18
	visible	1
	scale_pivot	0 0 0
	rotate_pivot	0 0 0
	min_bound	0 0 0
	max_bound	0 0 0
	scale	1 1 1
	translate	-2.4223e-05 16.5157 -2.59555e-05
	rotation_orient	0 0 0 1
	rotation	0.0869672 0.134122 -0.911811 -0.378217
	joint_orient	0 0 0 1
	bind_pose_matrix
		-0.698777 0.713054 -0.0571407 0
		-0.666397 -0.677926 -0.310373 0
		-0.26005 -0.178804 0.948896 0
		-2.4223e-05 16.5157 -2.59555e-05 1
	rotation_order xyz
	inherits_transform 1
	shearing 0 0 0
	rotate_pivot_translate	0 0 0
	scale_pivot_translate	0 0 0
	translate_limit_x -INF +INF
	translate_limit_y -INF +INF
	translate_limit_z -INF +INF
	rotate_limit_x -INF +INF
	rotate_limit_y -INF +INF
	rotate_limit_z -INF +INF
	scale_limit_x -INF +INF
	scale_limit_y -INF +INF
	scale_limit_z -INF +INF
	parent 9
	child_joints 1
		17 
	INSTANCE_LIST
	{
	}
	segment_scale_compensate 1
	EXTRA_ATTRIBUTES
	{
		original_name string "Bip001 L Thigh"
		wire_colour colour 0.109804 0.109804 0.694118
	}
}
JOINT Bip001_L_Toe0
{
	id 19
	visible	1
	scale_pivot	0 0 0
	rotate_pivot	0 0 0
	min_bound	0 0 0
	max_bound	0 0 0
	scale	1 1 1
	translate	18.3219 -3.17078e-07 -21.8944
	rotation_orient	0 0 0 1
	rotation	-9.41814e-08 0.707107 -3.38719e-11 0.707106
	joint_orient	0 0 0 1
	bind_pose_matrix
		-1.66893e-06 -1.33241e-07 -1 0
		-1.33145e-07 1 -1.3324e-07 0
		1 1.33145e-07 -1.66893e-06 0
		18.3219 -3.17078e-07 -21.8944 1
	rotation_order xyz
	inherits_transform 1
	shearing 0 0 0
	rotate_pivot_translate	0 0 0
	scale_pivot_translate	0 0 0
	translate_limit_x -INF +INF
	translate_limit_y -INF +INF
	translate_limit_z -INF +INF
	rotate_limit_x -INF +INF
	rotate_limit_y -INF +INF
	rotate_limit_z -INF +INF
	scale_limit_x -INF +INF
	scale_limit_y -INF +INF
	scale_limit_z -INF +INF
	parent 21
	child_joints 0
	INSTANCE_LIST
	{
	}
	segment_scale_compensate 1
	EXTRA_ATTRIBUTES
	{
		original_name string "Bip001 L Toe0"
		wire_colour colour 0.423529 0.0313726 0.533333
	}
}
JOINT Bip001_L_UpperArm
{
	id 23
	visible	1
	scale_pivot	0 0 0
	rotate_pivot	0 0 0
	min_bound	0 0 0
	max_bound	0 0 0
	scale	1 1 1
	translate	22.4233 -7.93773e-06 3.14575e-07
	rotation_orient	0 0 0 1
	rotation	0.347895 -0.110863 -0.244723 0.898214
	joint_orient	0 0 0 1
	bind_pose_matrix
		0.85564 -0.516765 0.0288824 0
		0.36249 0.638159 0.67923 0
		-0.369434 -0.570707 0.733357 0
		22.4233 -7.93773e-06 3.14575e-07 1
	rotation_order xyz
	inherits_transform 1
	shearing 0 0 0
	rotate_pivot_translate	0 0 0
	scale_pivot_translate	0 0 0
	translate_limit_x -INF +INF
	translate_limit_y -INF +INF
	translate_limit_z -INF +INF
	rotate_limit_x -INF +INF
	rotate_limit_y -INF +INF
	rotate_limit_z -INF +INF
	scale_limit_x -INF +INF
	scale_limit_y -INF +INF
	scale_limit_z -INF +INF
	parent 26
	child_joints 1
		27 
	INSTANCE_LIST
	{
	}
	segment_scale_compensate 1
	EXTRA_ATTRIBUTES
	{
		original_name string "Bip001 L UpperArm"
		wire_colour colour 0.109804 0.109804 0.694118
	}
}
JOINT Bip001_Neck
{
	id 4
	visible	1
	scale_pivot	0 0 0
	rotate_pivot	0 0 0
	min_bound	0 0 0
	max_bound	0 0 0
	scale	1 1 1
	translate	32.8698 -1.60786e-06 9.33883
	rotation_orient	0 0 0 1
	rotation	-1.35617e-08 0.314404 8.67214e-07 0.949289
	joint_orient	0 0 0 1
	bind_pose_matrix
		0.8023 1.63795e-06 -0.59692 0
		-1.655e-06 1 5.19563e-07 0
		0.59692 5.71059e-07 0.8023 0
		32.8698 -1.60786e-06 9.33883 1
	rotation_order xyz
	inherits_transform 1
	shearing 0 0 0
	rotate_pivot_translate	0 0 0
	scale_pivot_translate	0 0 0
	translate_limit_x -INF +INF
	translate_limit_y -INF +INF
	translate_limit_z -INF +INF
	rotate_limit_x -INF +INF
	rotate_limit_y -INF +INF
	rotate_limit_z -INF +INF
	scale_limit_x -INF +INF
	scale_limit_y -INF +INF
	scale_limit_z -INF +INF
	parent 11
	child_joints 1
		2 
	INSTANCE_LIST
	{
	}
	segment_scale_compensate 1
	EXTRA_ATTRIBUTES
	{
		original_name string "Bip001 Neck"
		wire_colour colour 0.0313726 0.431373 0.52549
	}
}
JOINT Bip001_Pelvis
{
	id 9
	visible	1
	scale_pivot	0 0 0
	rotate_pivot	0 0 0
	min_bound	0 0 0
	max_bound	0 0 0
	scale	1 1 1
	translate	-1.75549 1.7567e-07 -4.04078
	rotation_orient	0 0 0 1
	rotation	-0.499999 -0.5 0.5 0.500001
	joint_orient	0 0 0 1
	bind_pose_matrix
		-2.38419e-07 1 1.3411e-06 0
		-1.3411e-06 1.13249e-06 -1 0
		-1 -5.96046e-08 1.13249e-06 0
		-1.75549 1.7567e-07 -4.04078 1
	rotation_order xyz
	inherits_transform 1
	shearing 0 0 0
	rotate_pivot_translate	0 0 0
	scale_pivot_translate	0 0 0
	translate_limit_x -INF +INF
	translate_limit_y -INF +INF
	translate_limit_z -INF +INF
	rotate_limit_x -INF +INF
	rotate_limit_y -INF +INF
	rotate_limit_z -INF +INF
	scale_limit_x -INF +INF
	scale_limit_y -INF +INF
	scale_limit_z -INF +INF
	parent 1
	child_joints 4
		6 10 16 18 
	INSTANCE_LIST
	{
	}
	segment_scale_compensate 1
	EXTRA_ATTRIBUTES
	{
		original_name string "Bip001 Pelvis"
		wire_colour colour 0.878431 0.776471 0.341176
	}
}
JOINT Bip001_R_Calf
{
	id 20
	visible	1
	scale_pivot	0 0 0
	rotate_pivot	0 0 0
	min_bound	0 0 0
	max_bound	0 0 0
	scale	1 1 1
	translate	42.8806 9.04239e-07 -1.87004e-06
	rotation_orient	0 0 0 1
	rotation	4.15861e-08 -0.219275 -3.70623e-08 0.975663
	joint_orient	0 0 0 1
	bind_pose_matrix
		0.903837 -9.05581e-08 0.427877 0
		5.4083e-08 1 9.74016e-08 0
		-0.427877 -6.48943e-08 0.903837 0
		42.8806 9.04239e-07 -1.87004e-06 1
	rotation_order xyz
	inherits_transform 1
	shearing 0 0 0
	rotate_pivot_translate	0 0 0
	scale_pivot_translate	0 0 0
	translate_limit_x -INF +INF
	translate_limit_y -INF +INF
	translate_limit_z -INF +INF
	rotate_limit_x -INF +INF
	rotate_limit_y -INF +INF
	rotate_limit_z -INF +INF
	scale_limit_x -INF +INF
	scale_limit_y -INF +INF
	scale_limit_z -INF +INF
	parent 16
	child_joints 1
		13 
	INSTANCE_LIST
	{
	}
	segment_scale_compensate 1
	EXTRA_ATTRIBUTES
	{
		original_name string "Bip001 R Calf"
		wire_colour colour 0.0235294 0.52549 0.0235294
	}
}
JOINT Bip001_R_Clavicle
{
	id 25
	visible	1
	scale_pivot	0 0 0
	rotate_pivot	0 0 0
	min_bound	0 0 0
	max_bound	0 0 0
	scale	1 1 1
	translate	23.2608 -5.60506 11.8074
	rotation_orient	0 0 0 1
	rotation	0.774092 -0.630459 -0.0359847 -0.0448101
	joint_orient	0 0 0 1
	bind_pose_matrix
		0.202452 -0.972842 -0.112213 0
		-0.979292 -0.201027 -0.0240006 0
		0.000791024 0.114748 -0.993395 0
		23.2608 -5.60506 11.8074 1
	rotation_order xyz
	inherits_transform 1
	shearing 0 0 0
	rotate_pivot_translate	0 0 0
	scale_pivot_translate	0 0 0
	translate_limit_x -INF +INF
	translate_limit_y -INF +INF
	translate_limit_z -INF +INF
	rotate_limit_x -INF +INF
	rotate_limit_y -INF +INF
	rotate_limit_z -INF +INF
	scale_limit_x -INF +INF
	scale_limit_y -INF +INF
	scale_limit_z -INF +INF
	parent 11
	child_joints 2
		15 31 
	INSTANCE_LIST
	{
	}
	segment_scale_compensate 1
	EXTRA_ATTRIBUTES
	{
		original_name string "Bip001 R Clavicle"
		wire_colour colour 0.0235294 0.52549 0.0235294
	}
}
JOINT Bip001_R_Foot
{
	id 13
	visible	1
	scale_pivot	0 0 0
	rotate_pivot	0 0 0
	min_bound	0 0 0
	max_bound	0 0 0
	scale	1 1 1
	translate	55.3239 1.5716e-06 -4.12406e-06
	rotation_orient	0 0 0 1
	rotation	-0.0703458 0.144383 -0.153655 0.974985
	joint_orient	0 0 0 1
	bind_pose_matrix
		0.911087 -0.319936 -0.259925 0
		0.279309 0.942883 -0.181543 0
		0.303161 0.0928017 0.94841 0
		55.3239 1.5716e-06 -4.12406e-06 1
	rotation_order xyz
	inherits_transform 1
	shearing 0 0 0
	rotate_pivot_translate	0 0 0
	scale_pivot_translate	0 0 0
	translate_limit_x -INF +INF
	translate_limit_y -INF +INF
	translate_limit_z -INF +INF
	rotate_limit_x -INF +INF
	rotate_limit_y -INF +INF
	rotate_limit_z -INF +INF
	scale_limit_x -INF +INF
	scale_limit_y -INF +INF
	scale_limit_z -INF +INF
	parent 20
	child_joints 1
		12 
	INSTANCE_LIST
	{
	}
	segment_scale_compensate 1
	EXTRA_ATTRIBUTES
	{
		original_name string "Bip001 R Foot"
		wire_colour colour 0.0235294 0.52549 0.0235294
	}
}
JOINT Bip001_R_Forearm
{
	id 22
	visible	1
	scale_pivot	0 0 0
	rotate_pivot	0 0 0
	min_bound	0 0 0
	max_bound	0 0 0
	scale	1 1 1
	translate	50.8825 3.42672e-06 -2.6459e-06
	rotation_orient	0 0 0 1
	rotation	1.0086e-08 -0.610279 6.7636e-09 0.792186
	joint_orient	0 0 0 1
	bind_pose_matrix
		0.255119 -1.59446e-09 0.96691 0
		-2.30266e-08 1 7.72459e-09 0
		-0.96691 -2.42353e-08 0.255119 0
		50.8825 3.42672e-06 -2.6459e-06 1
	rotation_order xyz
	inherits_transform 1
	shearing 0 0 0
	rotate_pivot_translate	0 0 0
	scale_pivot_translate	0 0 0
	translate_limit_x -INF +INF
	translate_limit_y -INF +INF
	translate_limit_z -INF +INF
	rotate_limit_x -INF +INF
	rotate_limit_y -INF +INF
	rotate_limit_z -INF +INF
	scale_limit_x -INF +INF
	scale_limit_y -INF +INF
	scale_limit_z -INF +INF
	parent 15
	child_joints 1
		14 
	INSTANCE_LIST
	{
	}
	segment_scale_compensate 1
	EXTRA_ATTRIBUTES
	{
		original_name string "Bip001 R Forearm"
		wire_colour colour 0.0235294 0.52549 0.0235294
	}
}
JOINT Bip001_R_Hand
{
	id 14
	visible	1
	scale_pivot	0 0 0
	rotate_pivot	0 0 0
	min_bound	0 0 0
	max_bound	0 0 0
	scale	1 1 1
	translate	42.1285 -6.23613e-06 6.52012e-06
	rotation_orient	0 0 0 1
	rotation	0.823881 -0.0974648 0.196799 0.522486
	joint_orient	0 0 0 1
	bind_pose_matrix
		0.903542 0.0450501 0.426125 0
		-0.366248 -0.435019 0.82257 0
		0.222429 -0.899294 -0.376558 0
		42.1285 -6.23613e-06 6.52012e-06 1
	rotation_order xyz
	inherits_transform 1
	shearing 0 0 0
	rotate_pivot_translate	0 0 0
	scale_pivot_translate	0 0 0
	translate_limit_x -INF +INF
	translate_limit_y -INF +INF
	translate_limit_z -INF +INF
	rotate_limit_x -INF +INF
	rotate_limit_y -INF +INF
	rotate_limit_z -INF +INF
	scale_limit_x -INF +INF
	scale_limit_y -INF +INF
	scale_limit_z -INF +INF
	parent 22
	child_joints 3
		34 35 36 
	INSTANCE_LIST
	{
	}
	segment_scale_compensate 1
	EXTRA_ATTRIBUTES
	{
		original_name string "Bip001 R Hand"
		wire_colour colour 0.0235294 0.52549 0.0235294
	}
}
JOINT Bip001_R_Thigh
{
	id 16
	visible	1
	scale_pivot	0 0 0
	rotate_pivot	0 0 0
	min_bound	0 0 0
	max_bound	0 0 0
	scale	1 1 1
	translate	2.2346e-05 -16.5157 2.15072e-05
	rotation_orient	0 0 0 1
	rotation	-0.109376 -0.343342 -0.926167 0.111212
	joint_orient	0 0 0 1
	bind_pose_matrix
		-0.951338 -0.130895 0.278969 0
		0.28111 -0.739496 0.611657 0
		0.126234 0.660313 0.740306 0
		2.2346e-05 -16.5157 2.15072e-05 1
	rotation_order xyz
	inherits_transform 1
	shearing 0 0 0
	rotate_pivot_translate	0 0 0
	scale_pivot_translate	0 0 0
	translate_limit_x -INF +INF
	translate_limit_y -INF +INF
	translate_limit_z -INF +INF
	rotate_limit_x -INF +INF
	rotate_limit_y -INF +INF
	rotate_limit_z -INF +INF
	scale_limit_x -INF +INF
	scale_limit_y -INF +INF
	scale_limit_z -INF +INF
	parent 9
	child_joints 1
		20 
	INSTANCE_LIST
	{
	}
	segment_scale_compensate 1
	EXTRA_ATTRIBUTES
	{
		original_name string "Bip001 R Thigh"
		wire_colour colour 0.0235294 0.52549 0.0235294
	}
}
JOINT Bip001_R_Toe0
{
	id 12
	visible	1
	scale_pivot	0 0 0
	rotate_pivot	0 0 0
	min_bound	0 0 0
	max_bound	0 0 0
	scale	1 1 1
	translate	18.3219 1.96534e-06 -21.8944
	rotation_orient	0 0 0 1
	rotation	5.19892e-06 0.706995 6.79739e-05 0.707219
	joint_orient	0 0 0 1
	bind_pose_matrix
		0.00031662 0.000103496 -1 0
		-8.87936e-05 1 0.000103468 0
		1 8.87608e-05 0.00031662 0
		18.3219 1.96534e-06 -21.8944 1
	rotation_order xyz
	inherits_transform 1
	shearing 0 0 0
	rotate_pivot_translate	0 0 0
	scale_pivot_translate	0 0 0
	translate_limit_x -INF +INF
	translate_limit_y -INF +INF
	translate_limit_z -INF +INF
	rotate_limit_x -INF +INF
	rotate_limit_y -INF +INF
	rotate_limit_z -INF +INF
	scale_limit_x -INF +INF
	scale_limit_y -INF +INF
	scale_limit_z -INF +INF
	parent 13
	child_joints 0
	INSTANCE_LIST
	{
	}
	segment_scale_compensate 1
	EXTRA_ATTRIBUTES
	{
		original_name string "Bip001 R Toe0"
		wire_colour colour 0.443137 0.52549 0.0235294
	}
}
JOINT Bip001_R_UpperArm
{
	id 15
	visible	1
	scale_pivot	0 0 0
	rotate_pivot	0 0 0
	min_bound	0 0 0
	max_bound	0 0 0
	scale	1 1 1
	translate	22.4233 4.41959e-06 4.92588e-07
	rotation_orient	0 0 0 1
	rotation	0.499251 0.309969 0.255416 0.767744
	joint_orient	0 0 0 1
	bind_pose_matrix
		0.677364 0.701693 -0.220919 0
		-0.0826837 0.371021 0.924936 0
		0.730987 -0.608252 0.309335 0
		22.4233 4.41959e-06 4.92588e-07 1
	rotation_order xyz
	inherits_transform 1
	shearing 0 0 0
	rotate_pivot_translate	0 0 0
	scale_pivot_translate	0 0 0
	translate_limit_x -INF +INF
	translate_limit_y -INF +INF
	translate_limit_z -INF +INF
	rotate_limit_x -INF +INF
	rotate_limit_y -INF +INF
	rotate_limit_z -INF +INF
	scale_limit_x -INF +INF
	scale_limit_y -INF +INF
	scale_limit_z -INF +INF
	parent 25
	child_joints 1
		22 
	INSTANCE_LIST
	{
	}
	segment_scale_compensate 1
	EXTRA_ATTRIBUTES
	{
		original_name string "Bip001 R UpperArm"
		wire_colour colour 0.0235294 0.52549 0.0235294
	}
}
JOINT Bip001_Spine
{
	id 10
	visible	1
	scale_pivot	0 0 0
	rotate_pivot	0 0 0
	min_bound	0 0 0
	max_bound	0 0 0
	scale	1 1 1
	translate	21.7721 0.00137329 0.0125907
	rotation_orient	0 0 0 1
	rotation	-0.0520948 -0.0953185 -0.00503632 0.99407
	joint_orient	0 0 0 1
	bind_pose_matrix
		0.981778 -8.17114e-05 0.190031 0
		0.0199441 0.994521 -0.102612 0
		-0.188982 0.104532 0.976401 0
		21.7721 0.00137329 0.0125907 1
	rotation_order xyz
	inherits_transform 1
	shearing 0 0 0
	rotate_pivot_translate	0 0 0
	scale_pivot_translate	0 0 0
	translate_limit_x -INF +INF
	translate_limit_y -INF +INF
	translate_limit_z -INF +INF
	rotate_limit_x -INF +INF
	rotate_limit_y -INF +INF
	rotate_limit_z -INF +INF
	scale_limit_x -INF +INF
	scale_limit_y -INF +INF
	scale_limit_z -INF +INF
	parent 9
	child_joints 1
		11 
	INSTANCE_LIST
	{
	}
	segment_scale_compensate 1
	EXTRA_ATTRIBUTES
	{
		original_name string "Bip001 Spine"
		wire_colour colour 0.0313726 0.431373 0.52549
	}
}
JOINT Bip001_Spine1
{
	id 11
	visible	1
	scale_pivot	0 0 0
	rotate_pivot	0 0 0
	min_bound	0 0 0
	max_bound	0 0 0
	scale	1 1 1
	translate	16.2139 0.000347535 0.0219394
	rotation_orient	0 0 0 1
	rotation	-0.0234055 0.244077 -0.0644361 0.96733
	joint_orient	0 0 0 1
	bind_pose_matrix
		0.872549 -0.136087 -0.469189 0
		0.113236 0.9906 -0.0767363 0
		0.475222 0.0138269 0.879757 0
		16.2139 0.000347535 0.0219394 1
	rotation_order xyz
	inherits_transform 1
	shearing 0 0 0
	rotate_pivot_translate	0 0 0
	scale_pivot_translate	0 0 0
	translate_limit_x -INF +INF
	translate_limit_y -INF +INF
	translate_limit_z -INF +INF
	rotate_limit_x -INF +INF
	rotate_limit_y -INF +INF
	rotate_limit_z -INF +INF
	scale_limit_x -INF +INF
	scale_limit_y -INF +INF
	scale_limit_z -INF +INF
	parent 10
	child_joints 3
		4 25 26 
	INSTANCE_LIST
	{
	}
	segment_scale_compensate 1
	EXTRA_ATTRIBUTES
	{
		original_name string "Bip001 Spine1"
		wire_colour colour 0.0313726 0.431373 0.52549
	}
}
JOINT be_F_tabard_01
{
	id 7
	visible	0
	scale_pivot	0 0 0
	rotate_pivot	0 0 0
	min_bound	0 0 0
	max_bound	0 0 0
	scale	1 1 1
	translate	24.8568 1.01828e-06 2.13964e-05
	rotation_orient	0 0 0 1
	rotation	5.91559e-07 1.19361e-08 0.0206198 0.999787
	joint_orient	0 0 0 1
	bind_pose_matrix
		0.99915 0.0412307 5.28532e-10 0
		-0.0412307 0.99915 1.18336e-06 0
		4.82626e-08 -1.18237e-06 1 0
		24.8568 1.01828e-06 2.13964e-05 1
	rotation_order xyz
	inherits_transform 1
	shearing 0 0 0
	rotate_pivot_translate	0 0 0
	scale_pivot_translate	0 0 0
	translate_limit_x -INF +INF
	translate_limit_y -INF +INF
	translate_limit_z -INF +INF
	rotate_limit_x -INF +INF
	rotate_limit_y -INF +INF
	rotate_limit_z -INF +INF
	scale_limit_x -INF +INF
	scale_limit_y -INF +INF
	scale_limit_z -INF +INF
	parent 5
	child_joints 0
	INSTANCE_LIST
	{
	}
	segment_scale_compensate 1
	EXTRA_ATTRIBUTES
	{
		wire_colour colour 0.682353 0.729412 0.796078
	}
}
JOINT bn_F_tabard_01
{
	id 6
	visible	0
	scale_pivot	0 0 0
	rotate_pivot	0 0 0
	min_bound	0 0 0
	max_bound	0 0 0
	scale	1 1 1
	translate	12.9496 -2.2411e-05 -19.7355
	rotation_orient	0 0 0 1
	rotation	0.0962348 0.706075 -0.700499 0.038691
	joint_orient	0 0 0 1
	bind_pose_matrix
		-0.978484 0.0816921 -0.189462 0
		0.190104 7.88569e-05 -0.981764 0
		-0.0801873 -0.996658 -0.0156075 0
		12.9496 -2.2411e-05 -19.7355 1
	rotation_order xyz
	inherits_transform 1
	shearing 0 0 0
	rotate_pivot_translate	0 0 0
	scale_pivot_translate	0 0 0
	translate_limit_x -INF +INF
	translate_limit_y -INF +INF
	translate_limit_z -INF +INF
	rotate_limit_x -INF +INF
	rotate_limit_y -INF +INF
	rotate_limit_z -INF +INF
	scale_limit_x -INF +INF
	scale_limit_y -INF +INF
	scale_limit_z -INF +INF
	parent 9
	child_joints 1
		8 
	INSTANCE_LIST
	{
	}
	segment_scale_compensate 1
	EXTRA_ATTRIBUTES
	{
		wire_colour colour 0.682353 0.729412 0.796078
	}
}
JOINT bn_F_tabard_02
{
	id 8
	visible	0
	scale_pivot	0 0 0
	rotate_pivot	0 0 0
	min_bound	0 0 0
	max_bound	0 0 0
	scale	1 1 1
	translate	19.4102 -1.50705e-06 -1.67033e-05
	rotation_orient	0 0 0 1
	rotation	0.00420169 0.0351485 -0.0963902 0.994714
	joint_orient	0 0 0 1
	bind_pose_matrix
		0.978947 -0.191466 -0.0707354 0
		0.192057 0.981382 0.00158301 0
		0.0691154 -0.0151349 0.997494 0
		19.4102 -1.50705e-06 -1.67033e-05 1
	rotation_order xyz
	inherits_transform 1
	shearing 0 0 0
	rotate_pivot_translate	0 0 0
	scale_pivot_translate	0 0 0
	translate_limit_x -INF +INF
	translate_limit_y -INF +INF
	translate_limit_z -INF +INF
	rotate_limit_x -INF +INF
	rotate_limit_y -INF +INF
	rotate_limit_z -INF +INF
	scale_limit_x -INF +INF
	scale_limit_y -INF +INF
	scale_limit_z -INF +INF
	parent 6
	child_joints 1
		5 
	INSTANCE_LIST
	{
	}
	segment_scale_compensate 1
	EXTRA_ATTRIBUTES
	{
		wire_colour colour 0.682353 0.729412 0.796078
	}
}
JOINT bn_F_tabard_03
{
	id 5
	visible	0
	scale_pivot	0 0 0
	rotate_pivot	0 0 0
	min_bound	0 0 0
	max_bound	0 0 0
	scale	1 1 1
	translate	22.1778 -1.59082e-05 1.44905e-05
	rotation_orient	0 0 0 1
	rotation	0.00432861 0.0349712 -0.100036 0.99436
	joint_orient	0 0 0 1
	bind_pose_matrix
		0.97754 -0.198641 -0.0704139 0
		0.199247 0.979948 0.00161162 0
		0.0686818 -0.0156051 0.997517 0
		22.1778 -1.59082e-05 1.44905e-05 1
	rotation_order xyz
	inherits_transform 1
	shearing 0 0 0
	rotate_pivot_translate	0 0 0
	scale_pivot_translate	0 0 0
	translate_limit_x -INF +INF
	translate_limit_y -INF +INF
	translate_limit_z -INF +INF
	rotate_limit_x -INF +INF
	rotate_limit_y -INF +INF
	rotate_limit_z -INF +INF
	scale_limit_x -INF +INF
	scale_limit_y -INF +INF
	scale_limit_z -INF +INF
	parent 8
	child_joints 1
		7 
	INSTANCE_LIST
	{
	}
	segment_scale_compensate 1
	EXTRA_ATTRIBUTES
	{
		wire_colour colour 0.682353 0.729412 0.796078
	}
}
BONE bn_fingers_L_01
{
	id 37
	visible	0
	scale_pivot	0 0 0
	rotate_pivot	0 0 0
	min_bound	0 0 0
	max_bound	0 0 0
	scale	1 1 1
	translate	24.2948 -2.43626 -4.53717
	rotation_orient	0 0 0 1
	rotation	-0.033819 0.513784 0.0610105 0.855079
	joint_orient	0 0 0 1
	bind_pose_matrix
		0.464608 0.0695864 -0.882778 0
		-0.139089 0.990268 0.00485658 0
		0.874525 0.120528 0.469766 0
		24.2948 -2.43626 -4.53717 1
	rotation_order xyz
	inherits_transform 1
	shearing 0 0 0
	rotate_pivot_translate	0 0 0
	scale_pivot_translate	0 0 0
	translate_limit_x -INF +INF
	translate_limit_y -INF +INF
	translate_limit_z -INF +INF
	rotate_limit_x -INF +INF
	rotate_limit_y -INF +INF
	rotate_limit_z -INF +INF
	scale_limit_x -INF +INF
	scale_limit_y -INF +INF
	scale_limit_z -INF +INF
	parent 24
	child_joints 0
	INSTANCE_LIST
	{
	}
	EXTRA_ATTRIBUTES
	{
		wire_colour colour 0.054902 1 0.00784314
	}
}
BONE bn_fingers_R_01
{
	id 35
	visible	0
	scale_pivot	0 0 0
	rotate_pivot	0 0 0
	min_bound	0 0 0
	max_bound	0 0 0
	scale	1 1 1
	translate	25.1662 2.89666 -4.50304
	rotation_orient	0 0 0 1
	rotation	-0.0541641 0.701832 0.142022 0.695937
	joint_orient	0 0 0 1
	bind_pose_matrix
		-0.0254765 0.121648 -0.992247 0
		-0.273704 0.953792 0.123961 0
		0.961477 0.27474 0.00899637 0
		25.1662 2.89666 -4.50304 1
	rotation_order xyz
	inherits_transform 1
	shearing 0 0 0
	rotate_pivot_translate	0 0 0
	scale_pivot_translate	0 0 0
	translate_limit_x -INF +INF
	translate_limit_y -INF +INF
	translate_limit_z -INF +INF
	rotate_limit_x -INF +INF
	rotate_limit_y -INF +INF
	rotate_limit_z -INF +INF
	scale_limit_x -INF +INF
	scale_limit_y -INF +INF
	scale_limit_z -INF +INF
	parent 14
	child_joints 0
	INSTANCE_LIST
	{
	}
	EXTRA_ATTRIBUTES
	{
		wire_colour colour 0.054902 1 0.00784314
	}
}
BONE bn_mouth_01
{
	id 30
	visible	0
	scale_pivot	0 0 0
	rotate_pivot	0 0 0
	min_bound	0 0 0
	max_bound	0 0 0
	scale	1 1 1
	translate	9.78495 -3.199e-05 3.94772
	rotation_orient	0 0 0 1
	rotation	0.703376 0.703366 0.0725903 0.072589
	joint_orient	0 0 0 1
	bind_pose_matrix
		1.28746e-05 1 3.24845e-06 0
		0.978924 -1.35899e-05 0.20423 0
		0.20423 5.21541e-07 -0.978923 0
		9.78495 -3.199e-05 3.94772 1
	rotation_order xyz
	inherits_transform 1
	shearing 0 0 0
	rotate_pivot_translate	0 0 0
	scale_pivot_translate	0 0 0
	translate_limit_x -INF +INF
	translate_limit_y -INF +INF
	translate_limit_z -INF +INF
	rotate_limit_x -INF +INF
	rotate_limit_y -INF +INF
	rotate_limit_z -INF +INF
	scale_limit_x -INF +INF
	scale_limit_y -INF +INF
	scale_limit_z -INF +INF
	parent 3
	child_joints 0
	INSTANCE_LIST
	{
	}
	EXTRA_ATTRIBUTES
	{
		wire_colour colour 0 0.988235 0
	}
}
BONE bn_mouth_L_01
{
	id 28
	visible	0
	scale_pivot	0 0 0
	rotate_pivot	0 0 0
	min_bound	0 0 0
	max_bound	0 0 0
	scale	1 1 1
	translate	8.01527 2.79227 3.79134
	rotation_orient	0 0 0 1
	rotation	0.416018 0.849811 -0.0443937 0.320592
	joint_orient	0 0 0 1
	bind_pose_matrix
		-0.448301 0.678609 -0.581823 0
		0.735538 0.649918 0.191291 0
		0.507949 -0.342197 -0.790501 0
		8.01527 2.79227 3.79134 1
	rotation_order xyz
	inherits_transform 1
	shearing 0 0 0
	rotate_pivot_translate	0 0 0
	scale_pivot_translate	0 0 0
	translate_limit_x -INF +INF
	translate_limit_y -INF +INF
	translate_limit_z -INF +INF
	rotate_limit_x -INF +INF
	rotate_limit_y -INF +INF
	rotate_limit_z -INF +INF
	scale_limit_x -INF +INF
	scale_limit_y -INF +INF
	scale_limit_z -INF +INF
	parent 3
	child_joints 0
	INSTANCE_LIST
	{
	}
	EXTRA_ATTRIBUTES
	{
		wire_colour colour 0 0.988235 0
	}
}
BONE bn_mouth_R_01
{
	id 29
	visible	0
	scale_pivot	0 0 0
	rotate_pivot	0 0 0
	min_bound	0 0 0
	max_bound	0 0 0
	scale	1 1 1
	translate	8.00369 -2.80794 3.7769
	rotation_orient	0 0 0 1
	rotation	-0.452459 0.833561 0.0274344 0.31576
	joint_orient	0 0 0 1
	bind_pose_matrix
		-0.391154 -0.736978 -0.551236 0
		-0.771629 0.589057 -0.24 0
		0.501585 0.331473 -0.799086 0
		8.00369 -2.80794 3.7769 1
	rotation_order xyz
	inherits_transform 1
	shearing 0 0 0
	rotate_pivot_translate	0 0 0
	scale_pivot_translate	0 0 0
	translate_limit_x -INF +INF
	translate_limit_y -INF +INF
	translate_limit_z -INF +INF
	rotate_limit_x -INF +INF
	rotate_limit_y -INF +INF
	rotate_limit_z -INF +INF
	scale_limit_x -INF +INF
	scale_limit_y -INF +INF
	scale_limit_z -INF +INF
	parent 3
	child_joints 0
	INSTANCE_LIST
	{
	}
	EXTRA_ATTRIBUTES
	{
		wire_colour colour 0 0.988235 0
	}
}
JOINT bn_shoulderpad_L
{
	id 32
	visible	0
	scale_pivot	0 0 0
	rotate_pivot	0 0 0
	min_bound	0 0 0
	max_bound	0 0 0
	scale	1 1 1
	translate	22.4233 -8.15953e-06 1.81842e-06
	rotation_orient	0 0 0 1
	rotation	0.17855 -0.0568986 -0.125599 0.974221
	joint_orient	0 0 0 1
	bind_pose_matrix
		0.961975 -0.265042 0.066012 0
		0.224405 0.904689 0.362188 0
		-0.155715 -0.333602 0.929765 0
		22.4233 -8.15953e-06 1.81842e-06 1
	rotation_order xyz
	inherits_transform 1
	shearing 0 0 0
	rotate_pivot_translate	0 0 0
	scale_pivot_translate	0 0 0
	translate_limit_x -INF +INF
	translate_limit_y -INF +INF
	translate_limit_z -INF +INF
	rotate_limit_x -INF +INF
	rotate_limit_y -INF +INF
	rotate_limit_z -INF +INF
	scale_limit_x -INF +INF
	scale_limit_y -INF +INF
	scale_limit_z -INF +INF
	parent 26
	child_joints 0
	INSTANCE_LIST
	{
	}
	segment_scale_compensate 1
	EXTRA_ATTRIBUTES
	{
		wire_colour colour 0.643137 0.776471 0.807843
	}
}
JOINT bn_shoulderpad_R
{
	id 31
	visible	0
	scale_pivot	0 0 0
	rotate_pivot	0 0 0
	min_bound	0 0 0
	max_bound	0 0 0
	scale	1 1 1
	translate	19.0537 10.3409 -2.06551
	rotation_orient	0 0 0 1
	rotation	0.0325037 0.2546 0.125537 0.958312
	joint_orient	0 0 0 1
	bind_pose_matrix
		0.838838 0.257159 -0.479812 0
		-0.224057 0.966368 0.126221 0
		0.496134 0.00162618 0.868245 0
		19.0537 10.3409 -2.06551 1
	rotation_order xyz
	inherits_transform 1
	shearing 0 0 0
	rotate_pivot_translate	0 0 0
	scale_pivot_translate	0 0 0
	translate_limit_x -INF +INF
	translate_limit_y -INF +INF
	translate_limit_z -INF +INF
	rotate_limit_x -INF +INF
	rotate_limit_y -INF +INF
	rotate_limit_z -INF +INF
	scale_limit_x -INF +INF
	scale_limit_y -INF +INF
	scale_limit_z -INF +INF
	parent 25
	child_joints 0
	INSTANCE_LIST
	{
	}
	segment_scale_compensate 1
	EXTRA_ATTRIBUTES
	{
		wire_colour colour 0.643137 0.776471 0.807843
	}
}
BONE bn_thumb_L_01
{
	id 33
	visible	0
	scale_pivot	0 0 0
	rotate_pivot	0 0 0
	min_bound	0 0 0
	max_bound	0 0 0
	scale	1 1 1
	translate	3.80867 -10.8076 -8.92636
	rotation_orient	0 0 0 1
	rotation	0.631191 0.269992 -0.297762 0.663355
	joint_orient	0 0 0 1
	bind_pose_matrix
		0.676884 -0.054212 -0.73409 0
		0.735877 0.0258711 0.676621 0
		-0.0176892 -0.998195 0.057405 0
		3.80867 -10.8076 -8.92636 1
	rotation_order xyz
	inherits_transform 1
	shearing 0 0 0
	rotate_pivot_translate	0 0 0
	scale_pivot_translate	0 0 0
	translate_limit_x -INF +INF
	translate_limit_y -INF +INF
	translate_limit_z -INF +INF
	rotate_limit_x -INF +INF
	rotate_limit_y -INF +INF
	rotate_limit_z -INF +INF
	scale_limit_x -INF +INF
	scale_limit_y -INF +INF
	scale_limit_z -INF +INF
	parent 24
	child_joints 0
	INSTANCE_LIST
	{
	}
	EXTRA_ATTRIBUTES
	{
		wire_colour colour 0.054902 1 0.00784314
	}
}
BONE bn_thumb_R_01
{
	id 34
	visible	0
	scale_pivot	0 0 0
	rotate_pivot	0 0 0
	min_bound	0 0 0
	max_bound	0 0 0
	scale	1 1 1
	translate	3.80856 10.8074 -8.92632
	rotation_orient	0 0 0 1
	rotation	-0.640342 0.334891 0.256351 0.641945
	joint_orient	0 0 0 1
	bind_pose_matrix
		0.644264 -0.0997636 -0.758269 0
		-0.758017 0.0484912 -0.65043 0
		0.101659 0.993829 -0.0443815 0
		3.80856 10.8074 -8.92632 1
	rotation_order xyz
	inherits_transform 1
	shearing 0 0 0
	rotate_pivot_translate	0 0 0
	scale_pivot_translate	0 0 0
	translate_limit_x -INF +INF
	translate_limit_y -INF +INF
	translate_limit_z -INF +INF
	rotate_limit_x -INF +INF
	rotate_limit_y -INF +INF
	rotate_limit_z -INF +INF
	scale_limit_x -INF +INF
	scale_limit_y -INF +INF
	scale_limit_z -INF +INF
	parent 14
	child_joints 0
	INSTANCE_LIST
	{
	}
	EXTRA_ATTRIBUTES
	{
		wire_colour colour 0.054902 1 0.00784314
	}
}
BONE bn_weapon_01
{
	id 36
	visible	0
	scale_pivot	0 0 0
	rotate_pivot	0 0 0
	min_bound	0 0 0
	max_bound	0 0 0
	scale	1 1 1
	translate	19.9492 -11.104 -8.98742
	rotation_orient	0 0 0 1
	rotation	-0.0935287 -0.156995 0.781704 0.596276
	joint_orient	0 0 0 1
	bind_pose_matrix
		-0.271416 0.961589 0.0410014 0
		-0.902854 -0.239616 -0.356985 0
		-0.333448 -0.13391 0.93321 0
		19.9492 -11.104 -8.98742 1
	rotation_order xyz
	inherits_transform 1
	shearing 0 0 0
	rotate_pivot_translate	0 0 0
	scale_pivot_translate	0 0 0
	translate_limit_x -INF +INF
	translate_limit_y -INF +INF
	translate_limit_z -INF +INF
	rotate_limit_x -INF +INF
	rotate_limit_y -INF +INF
	rotate_limit_z -INF +INF
	scale_limit_x -INF +INF
	scale_limit_y -INF +INF
	scale_limit_z -INF +INF
	parent 14
	child_joints 0
	INSTANCE_LIST
	{
	}
	EXTRA_ATTRIBUTES
	{
		wire_colour colour 0.054902 1 0.00784314
	}
}
JOINT root_displacement
{
	id 38
	visible	0
	scale_pivot	0 0 0
	rotate_pivot	0 0 0
	min_bound	0 0 0
	max_bound	0 0 0
	scale	1 1 1
	translate	0 0 -0
	rotation_orient	0 0 0 1
	rotation	0 0 0 1
	joint_orient	0 0 0 1
	bind_pose_matrix
		1 0 0 0
		0 1 0 0
		0 0 1 0
		0 0 -0 1
	rotation_order xyz
	inherits_transform 1
	shearing 0 0 0
	rotate_pivot_translate	0 0 0
	scale_pivot_translate	0 0 0
	translate_limit_x -INF +INF
	translate_limit_y -INF +INF
	translate_limit_z -INF +INF
	rotate_limit_x -INF +INF
	rotate_limit_y -INF +INF
	rotate_limit_z -INF +INF
	scale_limit_x -INF +INF
	scale_limit_y -INF +INF
	scale_limit_z -INF +INF
	parent 0
	child_joints 0
	INSTANCE_LIST
	{
	}
	segment_scale_compensate 1
	EXTRA_ATTRIBUTES
	{
		wire_colour colour 0 0.87451 0.145098
	}
}
ANIMATION_TAKE skill_fullswing
{
	id 39
	start_time 0
	end_time 51
	fps 30
	current_time 0
	num_animated_nodes 38
	num_event_tracks 0
	ANIM_NODE 19
	{
		num_animated_attrs 3
		num_animated_attrs_user 0
		ATTR rotation
		{
			num_streams 1
			elements_per_sample 4
			SAMPLED_KEYS
			{

				-9.41814e-08 0.707107 -3.38719e-11 0.707106 
				7.18525e-07 0.707107 5.8204e-07 0.707106 
				2.45924e-07 0.707107 -1.1403e-07 0.707106 
				3.2441e-07 0.707107 -6.806e-08 0.707106 
				2.8042e-07 0.707107 -1.0704e-07 0.707106 
				-0.0290109 0.741783 0.199926 0.639488 
				0.0148751 0.85244 0.325022 0.409251 
				0.0148748 0.852439 0.325021 0.409251 
				0.0402915 0.782425 0.300064 0.544196 
				-0.0744109 0.737263 0.125253 0.65971 
				1.11788e-07 0.707107 2.66084e-07 0.707107 
				6.73646e-07 0.707107 -1.71317e-07 0.707106 
				0.0140723 0.799833 -0.0608736 0.596962 
				-0.0307105 0.880401 -0.0416035 0.471402 
				0.0192506 0.880726 -0.0148119 0.473003 
				-0.0805738 0.877244 -0.068262 0.468285 
				-0.0307102 0.880401 -0.0416035 0.471402 
				0.049651 0.875612 0.00692911 0.480406 
				0.0422735 0.871524 0.00482308 0.488503 
				-0.0138107 0.86289 -0.0307681 0.504265 
				-0.0678062 0.854453 -0.0692859 0.510403 
				-0.0710687 0.853182 -0.077874 0.510847 
				0.0127941 0.857553 -0.0346829 0.513066 
				0.0638727 0.811995 0.0935175 0.572573 
				-0.0689582 0.81668 0.0651224 0.569242 
				-0.183477 0.79436 0.0164029 0.578843 
				-0.095018 0.785249 0.0882941 0.605442 
				-0.0486012 0.759995 0.0947964 0.641139 
				-0.0376057 0.736422 0.0677269 0.672073 
				-0.0365968 0.723451 0.0296977 0.688765 
				-0.0190296 0.721284 0.00888374 0.692321 
				0.0355964 0.718785 0.0206601 0.694013 
				0.035306 0.716001 0.0178803 0.696976 
				0.0352077 0.715168 0.0168889 0.697861 
				0.0352523 0.71568 0.0172752 0.697324 
				0.0353764 0.716851 0.0184699 0.696083 
				0.0355124 0.718061 0.0198167 0.694791 
				0.0355965 0.718785 0.02066 0.694013 
				0.0398333 0.714633 0.024707 0.697927 
				0.0349011 0.711938 0.0213529 0.701049 
				0.0237504 0.710602 0.0129965 0.703073 
				0.010467 0.709993 0.0030445 0.704125 
				-0.000433943 0.70942 -0.00466586 0.70477 
				-0.00486238 0.7085 -0.00656185 0.705664 
				-3.46691e-08 0.707107 -7.86194e-08 0.707106 
				-8.91916e-06 0.707008 -0.000100467 0.707205 
				7.40332e-08 0.707107 -5.49596e-08 0.707106 
				2.82435e-08 0.707107 -4.7317e-08 0.707106 
				2.19086e-08 0.707107 -1.16124e-07 0.707106 
				-1.29614e-08 0.707107 -6.21801e-08 0.707106 
				1.18762e-08 0.707107 -8.70176e-08 0.707106 
				1.82744e-08 0.707107 -9.34159e-08 0.707106 
			}
		}
		ATTR scale
		{
			num_streams 1
			elements_per_sample 3
			POSE_KEY
			{
				1 1 1 
			}
		}
		ATTR translate
		{
			num_streams 1
			elements_per_sample 3
			POSE_KEY
			{
				18.3219 4.93929e-07 -21.8944 
			}
		}
	}
	ANIM_NODE 18
	{
		num_animated_attrs 3
		num_animated_attrs_user 0
		ATTR rotation
		{
			num_streams 1
			elements_per_sample 4
			SAMPLED_KEYS
			{

				0.0869704 0.134121 -0.911811 -0.378216 
				0.251444 0.0411466 -0.915 -0.312821 
				0.239598 -0.0145112 -0.912117 -0.332302 
				0.347079 -0.0549962 -0.854033 -0.383587 
				0.349595 -0.0538509 -0.813027 -0.462461 
				0.154959 -0.12218 -0.849005 -0.490153 
				-0.0467619 -0.0215009 -0.948856 -0.311485 
				0.166945 -0.0453749 -0.939961 -0.294183 
				0.43054 -0.141812 -0.835986 -0.309277 
				0.666244 -0.173686 -0.67393 -0.2679 
				0.77784 -0.166414 -0.581002 -0.172361 
				0.614729 -0.103774 -0.725464 -0.291619 
				0.694914 -0.0758242 -0.697646 -0.156958 
				0.657264 -0.0165979 -0.750029 -0.07201 
				0.607548 -0.0105877 -0.790708 -0.0745279 
				0.582448 -0.00930904 -0.807887 -0.0893681 
				0.575087 -0.0100984 -0.812579 -0.0942785 
				0.552796 -0.020998 -0.827962 -0.0919432 
				0.526079 -0.0339001 -0.844528 -0.0941506 
				0.497081 -0.0473922 -0.860933 -0.0972594 
				0.478223 -0.0593135 -0.871385 -0.0920478 
				0.469804 -0.0669098 -0.877418 -0.0703176 
				0.460224 -0.0680295 -0.884777 -0.0271299 
				0.259979 -0.000439867 -0.963926 0.0570829 
				0.0485795 0.0538241 -0.996322 0.0456558 
				-0.113756 0.0654593 -0.990539 -0.0400808 
				-0.201593 0.0604213 -0.969177 -0.128081 
				-0.171626 0.0426661 -0.971849 -0.15567 
				-0.143657 0.032255 -0.975464 -0.163684 
				-0.110778 0.0264423 -0.980382 -0.160874 
				-0.0723902 0.0228479 -0.985 -0.154963 
				-0.0323056 0.0189134 -0.98771 -0.15175 
				-0.00219457 -0.0170459 -0.989715 -0.142015 
