|XMD_005A#0MAX#0005.0.4|
JOINT Bip001
{
	id 1
	visible	1
	scale_pivot	0 0 0
	rotate_pivot	0 0 0
	min_bound	0 0 0
	max_bound	0 0 0
	scale	1 1 1
	translate	-0.45456 -26.8729 106.363
	rotation_orient	0 0 0 1
	rotation	-0.134649 -0.0460067 -0.35248 0.924938
	joint_orient	0 0 0 1
	bind_pose_matrix
		0.747283 -0.639655 0.180029 0
		0.664434 0.715255 -0.216652 0
		0.00981578 0.281518 0.959506 0
		-0.45456 -26.8729 106.363 1
	rotation_order xyz
	inherits_transform 1
	shearing 0 0 0
	rotate_pivot_translate	0 0 0
	scale_pivot_translate	0 0 0
	translate_limit_x -INF +INF
	translate_limit_y -INF +INF
	translate_limit_z -INF +INF
	rotate_limit_x -INF +INF
	rotate_limit_y -INF +INF
	rotate_limit_z -INF +INF
	scale_limit_x -INF +INF
	scale_limit_y -INF +INF
	scale_limit_z -INF +INF
	parent 0
	child_joints 1
		9 
	INSTANCE_LIST
	{
	}
	segment_scale_compensate 1
	EXTRA_ATTRIBUTES
	{
		wire_colour colour 1 0 0
	}
}
JOINT Bip001_Head
{
	id 2
	visible	1
	scale_pivot	0 0 0
	rotate_pivot	0 0 0
	min_bound	0 0 0
	max_bound	0 0 0
	scale	1 1 1
	translate	11.5934 7.12844e-07 6.99941e-07
	rotation_orient	0 0 0 1
	rotation	-0.259911 0.0274522 -0.229792 0.93749
	joint_orient	0 0 0 1
	bind_pose_matrix
		0.892884 -0.445125 0.0679785 0
		0.416585 0.759284 -0.499945 0
		0.170923 0.474712 0.863385 0
		11.5934 7.12844e-07 6.99941e-07 1
	rotation_order xyz
	inherits_transform 1
	shearing 0 0 0
	rotate_pivot_translate	0 0 0
	scale_pivot_translate	0 0 0
	translate_limit_x -INF +INF
	translate_limit_y -INF +INF
	translate_limit_z -INF +INF
	rotate_limit_x -INF +INF
	rotate_limit_y -INF +INF
	rotate_limit_z -INF +INF
	scale_limit_x -INF +INF
	scale_limit_y -INF +INF
	scale_limit_z -INF +INF
	parent 4
	child_joints 1
		3 
	INSTANCE_LIST
	{
	}
	segment_scale_compensate 1
	EXTRA_ATTRIBUTES
	{
		original_name string "Bip001 Head"
		wire_colour colour 0.65098 0.792157 0.941176
	}
}
JOINT Bip001_Jaw
{
	id 3
	visible	1
	scale_pivot	0 0 0
	rotate_pivot	0 0 0
	min_bound	0 0 0
	max_bound	0 0 0
	scale	1 1 1
	translate	3.87303 2.50608 -3.67684e-05
	rotation_orient	0 0 0 1
	rotation	2.82712e-10 -2.20832e-06 0.793596 0.608445
	joint_orient	0 0 0 1
	bind_pose_matrix
		-0.25959 0.965719 2.68773e-06 0
		-0.965719 -0.25959 -3.50469e-06 0
		-2.68683e-06 -3.50537e-06 1 0
		3.87303 2.50608 -3.67684e-05 1
	rotation_order xyz
	inherits_transform 1
	shearing 0 0 0
	rotate_pivot_translate	0 0 0
	scale_pivot_translate	0 0 0
	translate_limit_x -INF +INF
	translate_limit_y -INF +INF
	translate_limit_z -INF +INF
	rotate_limit_x -INF +INF
	rotate_limit_y -INF +INF
	rotate_limit_z -INF +INF
	scale_limit_x -INF +INF
	scale_limit_y -INF +INF
	scale_limit_z -INF +INF
	parent 2
	child_joints 3
		28 29 30 
	INSTANCE_LIST
	{
	}
	segment_scale_compensate 1
	EXTRA_ATTRIBUTES
	{
		original_name string "Bip001 Jaw"
		wire_colour colour 0.988235 0 0
	}
}
JOINT Bip001_L_Calf
{
	id 17
	visible	1
	scale_pivot	0 0 0
	rotate_pivot	0 0 0
	min_bound	0 0 0
	max_bound	0 0 0
	scale	1 1 1
	translate	42.8806 5.91907e-07 -2.48507e-06
	rotation_orient	0 0 0 1
	rotation	-3.17361e-08 -9.26867e-09 -0.330294 0.943878
	joint_orient	0 0 0 1
	bind_pose_matrix
		0.781812 -0.623515 3.84615e-08 0
		0.623515 0.781811 -5.37872e-08 0
		3.46747e-09 6.60327e-08 1 0
		42.8806 5.91907e-07 -2.48507e-06 1
	rotation_order xyz
	inherits_transform 1
	shearing 0 0 0
	rotate_pivot_translate	0 0 0
	scale_pivot_translate	0 0 0
	translate_limit_x -INF +INF
	translate_limit_y -INF +INF
	translate_limit_z -INF +INF
	rotate_limit_x -INF +INF
	rotate_limit_y -INF +INF
	rotate_limit_z -INF +INF
	scale_limit_x -INF +INF
	scale_limit_y -INF +INF
	scale_limit_z -INF +INF
	parent 18
	child_joints 1
		21 
	INSTANCE_LIST
	{
	}
	segment_scale_compensate 1
	EXTRA_ATTRIBUTES
	{
		original_name string "Bip001 L Calf"
		wire_colour colour 0.109804 0.109804 0.694118
	}
}
JOINT Bip001_L_Clavicle
{
	id 26
	visible	1
	scale_pivot	0 0 0
	rotate_pivot	0 0 0
	min_bound	0 0 0
	max_bound	0 0 0
	scale	1 1 1
	translate	23.2608 -11.8075 5.60499
	rotation_orient	0 0 0 1
	rotation	0.608673 0.013603 0.793229 0.0109397
	joint_orient	0 0 0 1
	bind_pose_matrix
		-0.258794 0.033915 0.965337 0
		-0.000795819 -0.999391 0.0348981 0
		0.965932 0.0082632 0.258664 0
		23.2608 -11.8075 5.60499 1
	rotation_order xyz
	inherits_transform 1
	shearing 0 0 0
	rotate_pivot_translate	0 0 0
	scale_pivot_translate	0 0 0
	translate_limit_x -INF +INF
	translate_limit_y -INF +INF
	translate_limit_z -INF +INF
	rotate_limit_x -INF +INF
	rotate_limit_y -INF +INF
	rotate_limit_z -INF +INF
	scale_limit_x -INF +INF
	scale_limit_y -INF +INF
	scale_limit_z -INF +INF
	parent 11
	child_joints 2
		23 32 
	INSTANCE_LIST
	{
	}
	segment_scale_compensate 1
	EXTRA_ATTRIBUTES
	{
		original_name string "Bip001 L Clavicle"
		wire_colour colour 0.109804 0.109804 0.694118
	}
}
JOINT Bip001_L_Foot
{
	id 21
	visible	1
	scale_pivot	0 0 0
	rotate_pivot	0 0 0
	min_bound	0 0 0
	max_bound	0 0 0
	scale	1 1 1
	translate	55.3239 -4.76238e-06 1.01597e-06
	rotation_orient	0 0 0 1
	rotation	0.116216 -0.210876 0.134531 0.961211
	joint_orient	0 0 0 1
	bind_pose_matrix
		0.874866 0.209611 0.436661 0
		-0.307639 0.936791 0.166677 0
		-0.374123 -0.280154 0.884051 0
		55.3239 -4.76238e-06 1.01597e-06 1
	rotation_order xyz
	inherits_transform 1
	shearing 0 0 0
	rotate_pivot_translate	0 0 0
	scale_pivot_translate	0 0 0
	translate_limit_x -INF +INF
	translate_limit_y -INF +INF
	translate_limit_z -INF +INF
	rotate_limit_x -INF +INF
	rotate_limit_y -INF +INF
	rotate_limit_z -INF +INF
	scale_limit_x -INF +INF
	scale_limit_y -INF +INF
	scale_limit_z -INF +INF
	parent 17
	child_joints 1
		19 
	INSTANCE_LIST
	{
	}
	segment_scale_compensate 1
	EXTRA_ATTRIBUTES
	{
		original_name string "Bip001 L Foot"
		wire_colour colour 0.109804 0.109804 0.694118
	}
}
JOINT Bip001_L_Forearm
{
	id 27
	visible	1
	scale_pivot	0 0 0
	rotate_pivot	0 0 0
	min_bound	0 0 0
	max_bound	0 0 0
	scale	1 1 1
	translate	50.8825 3.39288e-06 -7.52682e-07
	rotation_orient	0 0 0 1
	rotation	5.66256e-09 -2.40892e-08 -0.221082 0.975255
	joint_orient	0 0 0 1
	bind_pose_matrix
		0.902245 -0.431223 4.44825e-08 0
		0.431223 0.902245 2.16963e-08 0
		-4.949e-08 -3.93482e-10 1 0
		50.8825 3.39288e-06 -7.52682e-07 1
	rotation_order xyz
	inherits_transform 1
	shearing 0 0 0
	rotate_pivot_translate	0 0 0
	scale_pivot_translate	0 0 0
	translate_limit_x -INF +INF
	translate_limit_y -INF +INF
	translate_limit_z -INF +INF
	rotate_limit_x -INF +INF
	rotate_limit_y -INF +INF
	rotate_limit_z -INF +INF
	scale_limit_x -INF +INF
	scale_limit_y -INF +INF
	scale_limit_z -INF +INF
	parent 23
	child_joints 1
		24 
	INSTANCE_LIST
	{
	}
	segment_scale_compensate 1
	EXTRA_ATTRIBUTES
	{
		original_name string "Bip001 L Forearm"
		wire_colour colour 0.109804 0.109804 0.694118
	}
}
JOINT Bip001_L_Hand
{
	id 24
	visible	1
	scale_pivot	0 0 0
	rotate_pivot	0 0 0
	min_bound	0 0 0
	max_bound	0 0 0
	scale	1 1 1
	translate	42.1285 -1.39278e-06 1.05487e-06
	rotation_orient	0 0 0 1
	rotation	0.873878 -0.116872 -0.153523 -0.446216
	joint_orient	0 0 0 1
	bind_pose_matrix
		0.925543 -0.0672548 -0.372621 0
		-0.341272 -0.574465 -0.743992 0
		-0.16402 0.815762 -0.554644 0
		42.1285 -1.39278e-06 1.05487e-06 1
	rotation_order xyz
	inherits_transform 1
	shearing 0 0 0
	rotate_pivot_translate	0 0 0
	scale_pivot_translate	0 0 0
	translate_limit_x -INF +INF
	translate_limit_y -INF +INF
	translate_limit_z -INF +INF
	rotate_limit_x -INF +INF
	rotate_limit_y -INF +INF
	rotate_limit_z -INF +INF
	scale_limit_x -INF +INF
	scale_limit_y -INF +INF
	scale_limit_z -INF +INF
	parent 27
	child_joints 2
		33 37 
	INSTANCE_LIST
	{
	}
	segment_scale_compensate 1
	EXTRA_ATTRIBUTES
	{
		original_name string "Bip001 L Hand"
		wire_colour colour 0.109804 0.109804 0.694118
	}
}
JOINT Bip001_L_Thigh
{
	id 18
	visible	1
	scale_pivot	0 0 0
	rotate_pivot	0 0 0
	min_bound	0 0 0
	max_bound	0 0 0
	scale	1 1 1
	translate	-2.39883e-05 2.58878e-05 16.5157
	rotation_orient	0 0 0 1
	rotation	0.0869692 0.911811 0.134121 -0.378217
	joint_orient	0 0 0 1
	bind_pose_matrix
		-0.698777 0.0571453 0.713054 0
		0.260053 0.948896 0.1788 0
		-0.666396 0.310373 -0.677927 0
		-2.39883e-05 2.58878e-05 16.5157 1
	rotation_order xyz
	inherits_transform 1
	shearing 0 0 0
	rotate_pivot_translate	0 0 0
	scale_pivot_translate	0 0 0
	translate_limit_x -INF +INF
	translate_limit_y -INF +INF
	translate_limit_z -INF +INF
	rotate_limit_x -INF +INF
	rotate_limit_y -INF +INF
	rotate_limit_z -INF +INF
	scale_limit_x -INF +INF
	scale_limit_y -INF +INF
	scale_limit_z -INF +INF
	parent 9
	child_joints 1
		17 
	INSTANCE_LIST
	{
	}
	segment_scale_compensate 1
	EXTRA_ATTRIBUTES
	{
		original_name string "Bip001 L Thigh"
		wire_colour colour 0.109804 0.109804 0.694118
	}
}
JOINT Bip001_L_Toe0
{
	id 19
	visible	1
	scale_pivot	0 0 0
	rotate_pivot	0 0 0
	min_bound	0 0 0
	max_bound	0 0 0
	scale	1 1 1
	translate	18.3219 21.8944 5.30397e-07
	rotation_orient	0 0 0 1
	rotation	-7.99315e-10 1.12489e-07 0.707107 0.707106
	joint_orient	0 0 0 1
	bind_pose_matrix
		-1.3113e-06 1 -1.60214e-07 0
		-1 -1.3113e-06 1.57953e-07 0
		1.57953e-07 1.60214e-07 1 0
		18.3219 21.8944 5.30397e-07 1
	rotation_order xyz
	inherits_transform 1
	shearing 0 0 0
	rotate_pivot_translate	0 0 0
	scale_pivot_translate	0 0 0
	translate_limit_x -INF +INF
	translate_limit_y -INF +INF
	translate_limit_z -INF +INF
	rotate_limit_x -INF +INF
	rotate_limit_y -INF +INF
	rotate_limit_z -INF +INF
	scale_limit_x -INF +INF
	scale_limit_y -INF +INF
	scale_limit_z -INF +INF
	parent 21
	child_joints 0
	INSTANCE_LIST
	{
	}
	segment_scale_compensate 1
	EXTRA_ATTRIBUTES
	{
		original_name string "Bip001 L Toe0"
		wire_colour colour 0.423529 0.0313726 0.533333
	}
}
JOINT Bip001_L_UpperArm
{
	id 23
	visible	1
	scale_pivot	0 0 0
	rotate_pivot	0 0 0
	min_bound	0 0 0
	max_bound	0 0 0
	scale	1 1 1
	translate	22.4233 -7.4953e-07 -7.72674e-06
	rotation_orient	0 0 0 1
	rotation	0.347895 0.244723 -0.110863 0.898214
	joint_orient	0 0 0 1
	bind_pose_matrix
		0.85564 -0.0288824 -0.516765 0
		0.369434 0.733357 0.570707 0
		0.36249 -0.67923 0.638159 0
		22.4233 -7.4953e-07 -7.72674e-06 1
	rotation_order xyz
	inherits_transform 1
	shearing 0 0 0
	rotate_pivot_translate	0 0 0
	scale_pivot_translate	0 0 0
	translate_limit_x -INF +INF
	translate_limit_y -INF +INF
	translate_limit_z -INF +INF
	rotate_limit_x -INF +INF
	rotate_limit_y -INF +INF
	rotate_limit_z -INF +INF
	scale_limit_x -INF +INF
	scale_limit_y -INF +INF
	scale_limit_z -INF +INF
	parent 26
	child_joints 1
		27 
	INSTANCE_LIST
	{
	}
	segment_scale_compensate 1
	EXTRA_ATTRIBUTES
	{
		original_name string "Bip001 L UpperArm"
		wire_colour colour 0.109804 0.109804 0.694118
	}
}
JOINT Bip001_Neck
{
	id 4
	visible	1
	scale_pivot	0 0 0
	rotate_pivot	0 0 0
	min_bound	0 0 0
	max_bound	0 0 0
	scale	1 1 1
	translate	32.8698 -9.33883 -3.14818e-06
	rotation_orient	0 0 0 1
	rotation	-1.0795e-09 -8.58373e-07 0.314404 0.949289
	joint_orient	0 0 0 1
	bind_pose_matrix
		0.802301 0.59692 1.62901e-06 0
		-0.59692 0.802301 -5.41801e-07 0
		-1.63037e-06 -5.37702e-07 1 0
		32.8698 -9.33883 -3.14818e-06 1
	rotation_order xyz
	inherits_transform 1
	shearing 0 0 0
	rotate_pivot_translate	0 0 0
	scale_pivot_translate	0 0 0
	translate_limit_x -INF +INF
	translate_limit_y -INF +INF
	translate_limit_z -INF +INF
	rotate_limit_x -INF +INF
	rotate_limit_y -INF +INF
	rotate_limit_z -INF +INF
	scale_limit_x -INF +INF
	scale_limit_y -INF +INF
	scale_limit_z -INF +INF
	parent 11
	child_joints 1
		2 
	INSTANCE_LIST
	{
	}
	segment_scale_compensate 1
	EXTRA_ATTRIBUTES
	{
		original_name string "Bip001 Neck"
		wire_colour colour 0.0313726 0.431373 0.52549
	}
}
JOINT Bip001_Pelvis
{
	id 9
	visible	1
	scale_pivot	0 0 0
	rotate_pivot	0 0 0
	min_bound	0 0 0
	max_bound	0 0 0
	scale	1 1 1
	translate	-1.75549 4.04078 2.21515e-07
	rotation_orient	0 0 0 1
	rotation	-0.499999 -0.5 -0.5 0.500001
	joint_orient	0 0 0 1
	bind_pose_matrix
		0 -1.40071e-06 1 0
		1 1.37091e-06 0 0
		-1.40071e-06 1 1.37091e-06 0
		-1.75549 4.04078 2.21515e-07 1
	rotation_order xyz
	inherits_transform 1
	shearing 0 0 0
	rotate_pivot_translate	0 0 0
	scale_pivot_translate	0 0 0
	translate_limit_x -INF +INF
	translate_limit_y -INF +INF
	translate_limit_z -INF +INF
	rotate_limit_x -INF +INF
	rotate_limit_y -INF +INF
	rotate_limit_z -INF +INF
	scale_limit_x -INF +INF
	scale_limit_y -INF +INF
	scale_limit_z -INF +INF
	parent 1
	child_joints 4
		6 10 16 18 
	INSTANCE_LIST
	{
	}
	segment_scale_compensate 1
	EXTRA_ATTRIBUTES
	{
		original_name string "Bip001 Pelvis"
		wire_colour colour 0.878431 0.776471 0.341176
	}
}
JOINT Bip001_R_Calf
{
	id 20
	visible	1
	scale_pivot	0 0 0
	rotate_pivot	0 0 0
	min_bound	0 0 0
	max_bound	0 0 0
	scale	1 1 1
	translate	42.8806 3.27122e-07 9.65257e-08
	rotation_orient	0 0 0 1
	rotation	2.25465e-08 2.2372e-08 -0.219273 0.975664
	joint_orient	0 0 0 1
	bind_pose_matrix
		0.903839 -0.427873 -5.35427e-08 0
		0.427873 0.903839 3.41844e-08 0
		3.37675e-08 -5.38066e-08 1 0
		42.8806 3.27122e-07 9.65257e-08 1
	rotation_order xyz
	inherits_transform 1
	shearing 0 0 0
	rotate_pivot_translate	0 0 0
	scale_pivot_translate	0 0 0
	translate_limit_x -INF +INF
	translate_limit_y -INF +INF
	translate_limit_z -INF +INF
	rotate_limit_x -INF +INF
	rotate_limit_y -INF +INF
	rotate_limit_z -INF +INF
	scale_limit_x -INF +INF
	scale_limit_y -INF +INF
	scale_limit_z -INF +INF
	parent 16
	child_joints 1
		13 
	INSTANCE_LIST
	{
	}
	segment_scale_compensate 1
	EXTRA_ATTRIBUTES
	{
		original_name string "Bip001 R Calf"
		wire_colour colour 0.0235294 0.52549 0.0235294
	}
}
JOINT Bip001_R_Clavicle
{
	id 25
	visible	1
	scale_pivot	0 0 0
	rotate_pivot	0 0 0
	min_bound	0 0 0
	max_bound	0 0 0
	scale	1 1 1
	translate	23.2608 -11.8074 -5.60506
	rotation_orient	0 0 0 1
	rotation	0.774092 0.0359847 -0.630459 -0.0448101
	joint_orient	0 0 0 1
	bind_pose_matrix
		0.202452 0.112213 -0.972842 0
		-0.000791039 -0.993394 -0.114748 0
		-0.979292 0.0240006 -0.201026 0
		23.2608 -11.8074 -5.60506 1
	rotation_order xyz
	inherits_transform 1
	shearing 0 0 0
	rotate_pivot_translate	0 0 0
	scale_pivot_translate	0 0 0
	translate_limit_x -INF +INF
	translate_limit_y -INF +INF
	translate_limit_z -INF +INF
	rotate_limit_x -INF +INF
	rotate_limit_y -INF +INF
	rotate_limit_z -INF +INF
	scale_limit_x -INF +INF
	scale_limit_y -INF +INF
	scale_limit_z -INF +INF
	parent 11
	child_joints 2
		15 31 
	INSTANCE_LIST
	{
	}
	segment_scale_compensate 1
	EXTRA_ATTRIBUTES
	{
		original_name string "Bip001 R Clavicle"
		wire_colour colour 0.0235294 0.52549 0.0235294
	}
}
JOINT Bip001_R_Foot
{
	id 13
	visible	1
	scale_pivot	0 0 0
	rotate_pivot	0 0 0
	min_bound	0 0 0
	max_bound	0 0 0
	scale	1 1 1
	translate	55.3239 3.35032e-07 2.813e-06
	rotation_orient	0 0 0 1
	rotation	-0.0703124 0.153609 0.144221 0.975018
	joint_orient	0 0 0 1
	bind_pose_matrix
		0.911209 0.259636 -0.319823 0
		-0.302838 0.948513 -0.0928044 0
		0.279261 0.181419 0.942921 0
		55.3239 3.35032e-07 2.813e-06 1
	rotation_order xyz
	inherits_transform 1
	shearing 0 0 0
	rotate_pivot_translate	0 0 0
	scale_pivot_translate	0 0 0
	translate_limit_x -INF +INF
	translate_limit_y -INF +INF
	translate_limit_z -INF +INF
	rotate_limit_x -INF +INF
	rotate_limit_y -INF +INF
	rotate_limit_z -INF +INF
	scale_limit_x -INF +INF
	scale_limit_y -INF +INF
	scale_limit_z -INF +INF
	parent 20
	child_joints 1
		12 
	INSTANCE_LIST
	{
	}
	segment_scale_compensate 1
	EXTRA_ATTRIBUTES
	{
		original_name string "Bip001 R Foot"
		wire_colour colour 0.0235294 0.52549 0.0235294
	}
}
JOINT Bip001_R_Forearm
{
	id 22
	visible	1
	scale_pivot	0 0 0
	rotate_pivot	0 0 0
	min_bound	0 0 0
	max_bound	0 0 0
	scale	1 1 1
	translate	50.8825 2.4889e-06 1.4215e-06
	rotation_orient	0 0 0 1
	rotation	-7.35523e-08 1.20984e-08 -0.610279 0.792187
	joint_orient	0 0 0 1
	bind_pose_matrix
		0.255119 -0.96691 7.06064e-08 0
		0.96691 0.255119 -1.31301e-07 0
		1.08943e-07 1.01767e-07 1 0
		50.8825 2.4889e-06 1.4215e-06 1
	rotation_order xyz
	inherits_transform 1
	shearing 0 0 0
	rotate_pivot_translate	0 0 0
	scale_pivot_translate	0 0 0
	translate_limit_x -INF +INF
	translate_limit_y -INF +INF
	translate_limit_z -INF +INF
	rotate_limit_x -INF +INF
	rotate_limit_y -INF +INF
	rotate_limit_z -INF +INF
	scale_limit_x -INF +INF
	scale_limit_y -INF +INF
	scale_limit_z -INF +INF
	parent 15
	child_joints 1
		14 
	INSTANCE_LIST
	{
	}
	segment_scale_compensate 1
	EXTRA_ATTRIBUTES
	{
		original_name string "Bip001 R Forearm"
		wire_colour colour 0.0235294 0.52549 0.0235294
	}
}
JOINT Bip001_R_Hand
{
	id 14
	visible	1
	scale_pivot	0 0 0
	rotate_pivot	0 0 0
	min_bound	0 0 0
	max_bound	0 0 0
	scale	1 1 1
	translate	42.1285 -9.03039e-06 -9.26819e-06
	rotation_orient	0 0 0 1
	rotation	0.823881 -0.196798 -0.097465 0.522486
	joint_orient	0 0 0 1
	bind_pose_matrix
		0.903542 -0.426125 0.0450496 0
		-0.222429 -0.376558 0.899294 0
		-0.366248 -0.82257 -0.435018 0
		42.1285 -9.03039e-06 -9.26819e-06 1
	rotation_order xyz
	inherits_transform 1
	shearing 0 0 0
	rotate_pivot_translate	0 0 0
	scale_pivot_translate	0 0 0
	translate_limit_x -INF +INF
	translate_limit_y -INF +INF
	translate_limit_z -INF +INF
	rotate_limit_x -INF +INF
	rotate_limit_y -INF +INF
	rotate_limit_z -INF +INF
	scale_limit_x -INF +INF
	scale_limit_y -INF +INF
	scale_limit_z -INF +INF
	parent 22
	child_joints 3
		34 35 36 
	INSTANCE_LIST
	{
	}
	segment_scale_compensate 1
	EXTRA_ATTRIBUTES
	{
		original_name string "Bip001 R Hand"
		wire_colour colour 0.0235294 0.52549 0.0235294
	}
}
JOINT Bip001_R_Thigh
{
	id 16
	visible	1
	scale_pivot	0 0 0
	rotate_pivot	0 0 0
	min_bound	0 0 0
	max_bound	0 0 0
	scale	1 1 1
	translate	2.2109e-05 -2.16176e-05 -16.5157
	rotation_orient	0 0 0 1
	rotation	-0.109376 0.926166 -0.343343 0.111213
	joint_orient	0 0 0 1
	bind_pose_matrix
		-0.951337 -0.278969 -0.130896 0
		-0.126233 0.740305 -0.660313 0
		0.28111 -0.611657 -0.739495 0
		2.2109e-05 -2.16176e-05 -16.5157 1
	rotation_order xyz
	inherits_transform 1
	shearing 0 0 0
	rotate_pivot_translate	0 0 0
	scale_pivot_translate	0 0 0
	translate_limit_x -INF +INF
	translate_limit_y -INF +INF
	translate_limit_z -INF +INF
	rotate_limit_x -INF +INF
	rotate_limit_y -INF +INF
	rotate_limit_z -INF +INF
	scale_limit_x -INF +INF
	scale_limit_y -INF +INF
	scale_limit_z -INF +INF
	parent 9
	child_joints 1
		20 
	INSTANCE_LIST
	{
	}
	segment_scale_compensate 1
	EXTRA_ATTRIBUTES
	{
		original_name string "Bip001 R Thigh"
		wire_colour colour 0.0235294 0.52549 0.0235294
	}
}
JOINT Bip001_R_Toe0
{
	id 12
	visible	1
	scale_pivot	0 0 0
	rotate_pivot	0 0 0
	min_bound	0 0 0
	max_bound	0 0 0
	scale	1 1 1
	translate	18.3219 21.8944 -1.18143e-07
	rotation_orient	0 0 0 1
	rotation	-8.29259e-07 4.31765e-07 0.707107 0.707107
	joint_orient	0 0 0 1
	bind_pose_matrix
		3.57628e-07 1 -1.78336e-06 0
		-1 3.57628e-07 -5.62143e-07 0
		-5.62142e-07 1.78336e-06 1 0
		18.3219 21.8944 -1.18143e-07 1
	rotation_order xyz
	inherits_transform 1
	shearing 0 0 0
	rotate_pivot_translate	0 0 0
	scale_pivot_translate	0 0 0
	translate_limit_x -INF +INF
	translate_limit_y -INF +INF
	translate_limit_z -INF +INF
	rotate_limit_x -INF +INF
	rotate_limit_y -INF +INF
	rotate_limit_z -INF +INF
	scale_limit_x -INF +INF
	scale_limit_y -INF +INF
	scale_limit_z -INF +INF
	parent 13
	child_joints 0
	INSTANCE_LIST
	{
	}
	segment_scale_compensate 1
	EXTRA_ATTRIBUTES
	{
		original_name string "Bip001 R Toe0"
		wire_colour colour 0.443137 0.52549 0.0235294
	}
}
JOINT Bip001_R_UpperArm
{
	id 15
	visible	1
	scale_pivot	0 0 0
	rotate_pivot	0 0 0
	min_bound	0 0 0
	max_bound	0 0 0
	scale	1 1 1
	translate	22.4233 -4.30068e-07 4.41594e-06
	rotation_orient	0 0 0 1
	rotation	0.499251 -0.255416 0.309968 0.767744
	joint_orient	0 0 0 1
	bind_pose_matrix
		0.677364 0.220918 0.701693 0
		-0.730986 0.309335 0.608252 0
		-0.0826844 -0.924936 0.371021 0
		22.4233 -4.30068e-07 4.41594e-06 1
	rotation_order xyz
	inherits_transform 1
	shearing 0 0 0
	rotate_pivot_translate	0 0 0
	scale_pivot_translate	0 0 0
	translate_limit_x -INF +INF
	translate_limit_y -INF +INF
	translate_limit_z -INF +INF
	rotate_limit_x -INF +INF
	rotate_limit_y -INF +INF
	rotate_limit_z -INF +INF
	scale_limit_x -INF +INF
	scale_limit_y -INF +INF
	scale_limit_z -INF +INF
	parent 25
	child_joints 1
		22 
	INSTANCE_LIST
	{
	}
	segment_scale_compensate 1
	EXTRA_ATTRIBUTES
	{
		original_name string "Bip001 R UpperArm"
		wire_colour colour 0.0235294 0.52549 0.0235294
	}
}
JOINT Bip001_Spine
{
	id 10
	visible	1
	scale_pivot	0 0 0
	rotate_pivot	0 0 0
	min_bound	0 0 0
	max_bound	0 0 0
	scale	1 1 1
	translate	21.7721 -0.0125927 0.00137558
	rotation_orient	0 0 0 1
	rotation	-0.0520949 0.00503635 -0.0953187 0.99407
	joint_orient	0 0 0 1
	bind_pose_matrix
		0.981778 -0.190032 -8.17282e-05 0
		0.188982 0.976401 -0.104532 0
		0.0199442 0.102612 0.994521 0
		21.7721 -0.0125927 0.00137558 1
	rotation_order xyz
	inherits_transform 1
	shearing 0 0 0
	rotate_pivot_translate	0 0 0
	scale_pivot_translate	0 0 0
	translate_limit_x -INF +INF
	translate_limit_y -INF +INF
	translate_limit_z -INF +INF
	rotate_limit_x -INF +INF
	rotate_limit_y -INF +INF
	rotate_limit_z -INF +INF
	scale_limit_x -INF +INF
	scale_limit_y -INF +INF
	scale_limit_z -INF +INF
	parent 9
	child_joints 1
		11 
	INSTANCE_LIST
	{
	}
	segment_scale_compensate 1
	EXTRA_ATTRIBUTES
	{
		original_name string "Bip001 Spine"
		wire_colour colour 0.0313726 0.431373 0.52549
	}
}
JOINT Bip001_Spine1
{
	id 11
	visible	1
	scale_pivot	0 0 0
	rotate_pivot	0 0 0
	min_bound	0 0 0
	max_bound	0 0 0
	scale	1 1 1
	translate	16.2139 -0.0219387 0.000347751
	rotation_orient	0 0 0 1
	rotation	-0.0234055 0.0644361 0.244077 0.96733
	joint_orient	0 0 0 1
	bind_pose_matrix
		0.872549 0.469189 -0.136087 0
		-0.475222 0.879758 -0.0138269 0
		0.113236 0.0767363 0.9906 0
		16.2139 -0.0219387 0.000347751 1
	rotation_order xyz
	inherits_transform 1
	shearing 0 0 0
	rotate_pivot_translate	0 0 0
	scale_pivot_translate	0 0 0
	translate_limit_x -INF +INF
	translate_limit_y -INF +INF
	translate_limit_z -INF +INF
	rotate_limit_x -INF +INF
	rotate_limit_y -INF +INF
	rotate_limit_z -INF +INF
	scale_limit_x -INF +INF
	scale_limit_y -INF +INF
	scale_limit_z -INF +INF
	parent 10
	child_joints 3
		4 25 26 
	INSTANCE_LIST
	{
	}
	segment_scale_compensate 1
	EXTRA_ATTRIBUTES
	{
		original_name string "Bip001 Spine1"
		wire_colour colour 0.0313726 0.431373 0.52549
	}
}
JOINT be_F_tabard_01
{
	id 7
	visible	0
	scale_pivot	0 0 0
	rotate_pivot	0 0 0
	min_bound	0 0 0
	max_bound	0 0 0
	scale	1 1 1
	translate	24.8568 -2.1423e-05 -8.09217e-07
	rotation_orient	0 0 0 1
	rotation	5.46395e-07 -0.0206186 9.0586e-09 0.999787
	joint_orient	0 0 0 1
	bind_pose_matrix
		0.99915 -4.41851e-09 0.0412285 0
		-4.06452e-08 1 1.09218e-06 0
		-0.0412285 -1.09293e-06 0.99915 0
		24.8568 -2.1423e-05 -8.09217e-07 1
	rotation_order xyz
	inherits_transform 1
	shearing 0 0 0
	rotate_pivot_translate	0 0 0
	scale_pivot_translate	0 0 0
	translate_limit_x -INF +INF
	translate_limit_y -INF +INF
	translate_limit_z -INF +INF
	rotate_limit_x -INF +INF
	rotate_limit_y -INF +INF
	rotate_limit_z -INF +INF
	scale_limit_x -INF +INF
	scale_limit_y -INF +INF
	scale_limit_z -INF +INF
	parent 5
	child_joints 0
	INSTANCE_LIST
	{
	}
	segment_scale_compensate 1
	EXTRA_ATTRIBUTES
	{
		wire_colour colour 0.682353 0.729412 0.796078
	}
}
JOINT bn_F_tabard_01
{
	id 6
	visible	0
	scale_pivot	0 0 0
	rotate_pivot	0 0 0
	min_bound	0 0 0
	max_bound	0 0 0
	scale	1 1 1
	translate	12.9496 19.7355 -1.4589e-05
	rotation_orient	0 0 0 1
	rotation	0.0962339 0.7005 0.706075 0.0386868
	joint_orient	0 0 0 1
	bind_pose_matrix
		-0.978485 0.189455 0.0816966 0
		0.0801919 -0.0156071 0.996657 0
		0.190097 0.981765 7.83801e-05 0
		12.9496 19.7355 -1.4589e-05 1
	rotation_order xyz
	inherits_transform 1
	shearing 0 0 0
	rotate_pivot_translate	0 0 0
	scale_pivot_translate	0 0 0
	translate_limit_x -INF +INF
	translate_limit_y -INF +INF
	translate_limit_z -INF +INF
	rotate_limit_x -INF +INF
	rotate_limit_y -INF +INF
	rotate_limit_z -INF +INF
	scale_limit_x -INF +INF
	scale_limit_y -INF +INF
	scale_limit_z -INF +INF
	parent 9
	child_joints 1
		8 
	INSTANCE_LIST
	{
	}
	segment_scale_compensate 1
	EXTRA_ATTRIBUTES
	{
		wire_colour colour 0.682353 0.729412 0.796078
	}
}
JOINT bn_F_tabard_02
{
	id 8
	visible	0
	scale_pivot	0 0 0
	rotate_pivot	0 0 0
	min_bound	0 0 0
	max_bound	0 0 0
	scale	1 1 1
	translate	19.4102 -1.13144e-05 2.63177e-05
	rotation_orient	0 0 0 1
	rotation	0.00420157 0.0963899 0.0351501 0.994714
	joint_orient	0 0 0 1
	bind_pose_matrix
		0.978947 0.0707386 -0.191465 0
		-0.0691186 0.997494 0.0151349 0
		0.192056 -0.00158248 0.981383 0
		19.4102 -1.13144e-05 2.63177e-05 1
	rotation_order xyz
	inherits_transform 1
	shearing 0 0 0
	rotate_pivot_translate	0 0 0
	scale_pivot_translate	0 0 0
	translate_limit_x -INF +INF
	translate_limit_y -INF +INF
	translate_limit_z -INF +INF
	rotate_limit_x -INF +INF
	rotate_limit_y -INF +INF
	rotate_limit_z -INF +INF
	scale_limit_x -INF +INF
	scale_limit_y -INF +INF
	scale_limit_z -INF +INF
	parent 6
	child_joints 1
		5 
	INSTANCE_LIST
	{
	}
	segment_scale_compensate 1
	EXTRA_ATTRIBUTES
	{
		wire_colour colour 0.682353 0.729412 0.796078
	}
}
JOINT bn_F_tabard_03
{
	id 5
	visible	0
	scale_pivot	0 0 0
	rotate_pivot	0 0 0
	min_bound	0 0 0
	max_bound	0 0 0
	scale	1 1 1
	translate	22.1779 9.76978e-06 -3.42187e-05
	rotation_orient	0 0 0 1
	rotation	0.00432867 0.100036 0.0349731 0.99436
	joint_orient	0 0 0 1
	bind_pose_matrix
		0.977539 0.0704177 -0.198642 0
		-0.0686856 0.997516 0.0156057 0
		0.199247 -0.00161134 0.979948 0
		22.1779 9.76978e-06 -3.42187e-05 1
	rotation_order xyz
	inherits_transform 1
	shearing 0 0 0
	rotate_pivot_translate	0 0 0
	scale_pivot_translate	0 0 0
	translate_limit_x -INF +INF
	translate_limit_y -INF +INF
	translate_limit_z -INF +INF
	rotate_limit_x -INF +INF
	rotate_limit_y -INF +INF
	rotate_limit_z -INF +INF
	scale_limit_x -INF +INF
	scale_limit_y -INF +INF
	scale_limit_z -INF +INF
	parent 8
	child_joints 1
		7 
	INSTANCE_LIST
	{
	}
	segment_scale_compensate 1
	EXTRA_ATTRIBUTES
	{
		wire_colour colour 0.682353 0.729412 0.796078
	}
}
BONE bn_fingers_L_01
{
	id 37
	visible	0
	scale_pivot	0 0 0
	rotate_pivot	0 0 0
	min_bound	0 0 0
	max_bound	0 0 0
	scale	1 1 1
	translate	24.2948 4.53716 -2.43629
	rotation_orient	0 0 0 1
	rotation	-0.033819 -0.0610105 0.513784 0.855079
	joint_orient	0 0 0 1
	bind_pose_matrix
		0.464608 0.882778 0.0695864 0
		-0.874525 0.469766 -0.120528 0
		-0.139089 -0.00485658 0.990268 0
		24.2948 4.53716 -2.43629 1
	rotation_order xyz
	inherits_transform 1
	shearing 0 0 0
	rotate_pivot_translate	0 0 0
	scale_pivot_translate	0 0 0
	translate_limit_x -INF +INF
	translate_limit_y -INF +INF
	translate_limit_z -INF +INF
	rotate_limit_x -INF +INF
	rotate_limit_y -INF +INF
	rotate_limit_z -INF +INF
	scale_limit_x -INF +INF
	scale_limit_y -INF +INF
	scale_limit_z -INF +INF
	parent 24
	child_joints 0
	INSTANCE_LIST
	{
	}
	EXTRA_ATTRIBUTES
	{
		wire_colour colour 0.054902 1 0.00784314
	}
}
BONE bn_fingers_R_01
{
	id 35
	visible	0
	scale_pivot	0 0 0
	rotate_pivot	0 0 0
	min_bound	0 0 0
	max_bound	0 0 0
	scale	1 1 1
	translate	25.166 4.50302 2.89658
	rotation_orient	0 0 0 1
	rotation	-0.0541642 -0.142022 0.701832 0.695937
	joint_orient	0 0 0 1
	bind_pose_matrix
		-0.0254765 0.992246 0.121648 0
		-0.961477 0.00899631 -0.27474 0
		-0.273704 -0.123961 0.953792 0
		25.166 4.50302 2.89658 1
	rotation_order xyz
	inherits_transform 1
	shearing 0 0 0
	rotate_pivot_translate	0 0 0
	scale_pivot_translate	0 0 0
	translate_limit_x -INF +INF
	translate_limit_y -INF +INF
	translate_limit_z -INF +INF
	rotate_limit_x -INF +INF
	rotate_limit_y -INF +INF
	rotate_limit_z -INF +INF
	scale_limit_x -INF +INF
	scale_limit_y -INF +INF
	scale_limit_z -INF +INF
	parent 14
	child_joints 0
	INSTANCE_LIST
	{
	}
	EXTRA_ATTRIBUTES
	{
		wire_colour colour 0.054902 1 0.00784314
	}
}
BONE bn_mouth_01
{
	id 30
	visible	0
	scale_pivot	0 0 0
	rotate_pivot	0 0 0
	min_bound	0 0 0
	max_bound	0 0 0
	scale	1 1 1
	translate	9.78495 -3.94774 -3.12359e-05
	rotation_orient	0 0 0 1
	rotation	0.703376 -0.0725905 0.703366 0.0725887
	joint_orient	0 0 0 1
	bind_pose_matrix
		1.26362e-05 -3.85941e-06 1 0
		-0.20423 -0.978923 -1.19209e-06 0
		0.978923 -0.20423 -1.3113e-05 0
		9.78495 -3.94774 -3.12359e-05 1
	rotation_order xyz
	inherits_transform 1
	shearing 0 0 0
	rotate_pivot_translate	0 0 0
	scale_pivot_translate	0 0 0
	translate_limit_x -INF +INF
	translate_limit_y -INF +INF
	translate_limit_z -INF +INF
	rotate_limit_x -INF +INF
	rotate_limit_y -INF +INF
	rotate_limit_z -INF +INF
	scale_limit_x -INF +INF
	scale_limit_y -INF +INF
	scale_limit_z -INF +INF
	parent 3
	child_joints 0
	INSTANCE_LIST
	{
	}
	EXTRA_ATTRIBUTES
	{
		wire_colour colour 0 0.988235 0
	}
}
BONE bn_mouth_L_01
{
	id 28
	visible	0
	scale_pivot	0 0 0
	rotate_pivot	0 0 0
	min_bound	0 0 0
	max_bound	0 0 0
	scale	1 1 1
	translate	8.0153 -3.79134 2.79227
	rotation_orient	0 0 0 1
	rotation	0.416017 0.0443938 0.849812 0.320592
	joint_orient	0 0 0 1
	bind_pose_matrix
		-0.448302 0.581823 0.678609 0
		-0.507948 -0.790501 0.342197 0
		0.735538 -0.191291 0.649918 0
		8.0153 -3.79134 2.79227 1
	rotation_order xyz
	inherits_transform 1
	shearing 0 0 0
	rotate_pivot_translate	0 0 0
	scale_pivot_translate	0 0 0
	translate_limit_x -INF +INF
	translate_limit_y -INF +INF
	translate_limit_z -INF +INF
	rotate_limit_x -INF +INF
	rotate_limit_y -INF +INF
	rotate_limit_z -INF +INF
	scale_limit_x -INF +INF
	scale_limit_y -INF +INF
	scale_limit_z -INF +INF
	parent 3
	child_joints 0
	INSTANCE_LIST
	{
	}
	EXTRA_ATTRIBUTES
	{
		wire_colour colour 0 0.988235 0
	}
}
BONE bn_mouth_R_01
{
	id 29
	visible	0
	scale_pivot	0 0 0
	rotate_pivot	0 0 0
	min_bound	0 0 0
	max_bound	0 0 0
	scale	0.999999 1 1
	translate	8.0033 -3.77775 -2.80816
	rotation_orient	0 0 0 1
	rotation	-0.452459 -0.0274343 0.833561 0.31576
	joint_orient	0 0 0 1
	bind_pose_matrix
		-0.391153 0.551235 -0.736979 0
		-0.501584 -0.799087 -0.331473 0
		-0.77163 0.24 0.589057 0
		8.0033 -3.77775 -2.80816 1
	rotation_order xyz
	inherits_transform 1
	shearing 0 0 0
	rotate_pivot_translate	0 0 0
	scale_pivot_translate	0 0 0
	translate_limit_x -INF +INF
	translate_limit_y -INF +INF
	translate_limit_z -INF +INF
	rotate_limit_x -INF +INF
	rotate_limit_y -INF +INF
	rotate_limit_z -INF +INF
	scale_limit_x -INF +INF
	scale_limit_y -INF +INF
	scale_limit_z -INF +INF
	parent 3
	child_joints 0
	INSTANCE_LIST
	{
	}
	EXTRA_ATTRIBUTES
	{
		wire_colour colour 0 0.988235 0
	}
}
JOINT bn_shoulderpad_L
{
	id 32
	visible	0
	scale_pivot	0 0 0
	rotate_pivot	0 0 0
	min_bound	0 0 0
	max_bound	0 0 0
	scale	1 1 1
	translate	22.4233 -7.4953e-07 -7.72674e-06
	rotation_orient	0 0 0 1
	rotation	0.17855 0.125599 -0.0568985 0.974221
	joint_orient	0 0 0 1
	bind_pose_matrix
		0.961975 -0.0660119 -0.265041 0
		0.155715 0.929765 0.333602 0
		0.224404 -0.362188 0.904689 0
		22.4233 -7.4953e-07 -7.72674e-06 1
	rotation_order xyz
	inherits_transform 1
	shearing 0 0 0
	rotate_pivot_translate	0 0 0
	scale_pivot_translate	0 0 0
	translate_limit_x -INF +INF
	translate_limit_y -INF +INF
	translate_limit_z -INF +INF
	rotate_limit_x -INF +INF
	rotate_limit_y -INF +INF
	rotate_limit_z -INF +INF
	scale_limit_x -INF +INF
	scale_limit_y -INF +INF
	scale_limit_z -INF +INF
	parent 26
	child_joints 0
	INSTANCE_LIST
	{
	}
	segment_scale_compensate 1
	EXTRA_ATTRIBUTES
	{
		wire_colour colour 0.643137 0.776471 0.807843
	}
}
JOINT bn_shoulderpad_R
{
	id 31
	visible	0
	scale_pivot	0 0 0
	rotate_pivot	0 0 0
	min_bound	0 0 0
	max_bound	0 0 0
	scale	1 1 1
	translate	19.0536 2.06557 10.3411
	rotation_orient	0 0 0 1
	rotation	0.0325037 -0.125537 0.2546 0.958312
	joint_orient	0 0 0 1
	bind_pose_matrix
		0.838838 0.479812 0.257159 0
		-0.496134 0.868245 -0.00162626 0
		-0.224057 -0.126221 0.966368 0
		19.0536 2.06557 10.3411 1
	rotation_order xyz
	inherits_transform 1
	shearing 0 0 0
	rotate_pivot_translate	0 0 0
	scale_pivot_translate	0 0 0
	translate_limit_x -INF +INF
	translate_limit_y -INF +INF
	translate_limit_z -INF +INF
	rotate_limit_x -INF +INF
	rotate_limit_y -INF +INF
	rotate_limit_z -INF +INF
	scale_limit_x -INF +INF
	scale_limit_y -INF +INF
	scale_limit_z -INF +INF
	parent 25
	child_joints 0
	INSTANCE_LIST
	{
	}
	segment_scale_compensate 1
	EXTRA_ATTRIBUTES
	{
		wire_colour colour 0.643137 0.776471 0.807843
	}
}
BONE bn_thumb_L_01
{
	id 33
	visible	0
	scale_pivot	0 0 0
	rotate_pivot	0 0 0
	min_bound	0 0 0
	max_bound	0 0 0
	scale	1 1 1
	translate	3.80863 8.9263 -10.8076
	rotation_orient	0 0 0 1
	rotation	0.631191 0.297763 0.269992 0.663355
	joint_orient	0 0 0 1
	bind_pose_matrix
		0.676884 0.734091 -0.0542121 0
		0.0176893 0.0574051 0.998195 0
		0.735878 -0.676621 0.0258711 0
		3.80863 8.9263 -10.8076 1
	rotation_order xyz
	inherits_transform 1
	shearing 0 0 0
	rotate_pivot_translate	0 0 0
	scale_pivot_translate	0 0 0
	translate_limit_x -INF +INF
	translate_limit_y -INF +INF
	translate_limit_z -INF +INF
	rotate_limit_x -INF +INF
	rotate_limit_y -INF +INF
	rotate_limit_z -INF +INF
	scale_limit_x -INF +INF
	scale_limit_y -INF +INF
	scale_limit_z -INF +INF
	parent 24
	child_joints 0
	INSTANCE_LIST
	{
	}
	EXTRA_ATTRIBUTES
	{
		wire_colour colour 0.054902 1 0.00784314
	}
}
BONE bn_thumb_R_01
{
	id 34
	visible	0
	scale_pivot	0 0 0
	rotate_pivot	0 0 0
	min_bound	0 0 0
	max_bound	0 0 0
	scale	1 1 1
	translate	3.80828 8.92639 10.8073
	rotation_orient	0 0 0 1
	rotation	-0.640343 -0.256351 0.334891 0.641945
	joint_orient	0 0 0 1
	bind_pose_matrix
		0.644263 0.758269 -0.0997634 0
		-0.101658 -0.0443816 -0.993829 0
		-0.758017 0.650429 0.0484908 0
		3.80828 8.92639 10.8073 1
	rotation_order xyz
	inherits_transform 1
	shearing 0 0 0
	rotate_pivot_translate	0 0 0
	scale_pivot_translate	0 0 0
	translate_limit_x -INF +INF
	translate_limit_y -INF +INF
	translate_limit_z -INF +INF
	rotate_limit_x -INF +INF
	rotate_limit_y -INF +INF
	rotate_limit_z -INF +INF
	scale_limit_x -INF +INF
	scale_limit_y -INF +INF
	scale_limit_z -INF +INF
	parent 14
	child_joints 0
	INSTANCE_LIST
	{
	}
	EXTRA_ATTRIBUTES
	{
		wire_colour colour 0.054902 1 0.00784314
	}
}
BONE bn_weapon_01
{
	id 36
	visible	0
	scale_pivot	0 0 0
	rotate_pivot	0 0 0
	min_bound	0 0 0
	max_bound	0 0 0
	scale	1 1 1
	translate	19.9492 8.98742 -11.104
	rotation_orient	0 0 0 1
	rotation	-0.0935288 -0.781704 -0.156995 0.596276
	joint_orient	0 0 0 1
	bind_pose_matrix
		-0.271416 -0.0410011 0.961588 0
		0.333448 0.93321 0.133909 0
		-0.902854 0.356985 -0.239616 0
		19.9492 8.98742 -11.104 1
	rotation_order xyz
	inherits_transform 1
	shearing 0 0 0
	rotate_pivot_translate	0 0 0
	scale_pivot_translate	0 0 0
	translate_limit_x -INF +INF
	translate_limit_y -INF +INF
	translate_limit_z -INF +INF
	rotate_limit_x -INF +INF
	rotate_limit_y -INF +INF
	rotate_limit_z -INF +INF
	scale_limit_x -INF +INF
	scale_limit_y -INF +INF
	scale_limit_z -INF +INF
	parent 14
	child_joints 0
	INSTANCE_LIST
	{
	}
	EXTRA_ATTRIBUTES
	{
		wire_colour colour 0.054902 1 0.00784314
	}
}
JOINT root_displacement
{
	id 38
	visible	0
	scale_pivot	0 0 0
	rotate_pivot	0 0 0
	min_bound	0 0 0
	max_bound	0 0 0
	scale	1 1 1
	translate	0 0 0
	rotation_orient	0 0 0 1
	rotation	0 0 0 1
	joint_orient	0 0 0 1
	bind_pose_matrix
		1 0 0 0
		0 1 0 0
		0 0 1 0
		0 0 0 1
	rotation_order xyz
	inherits_transform 1
	shearing 0 0 0
	rotate_pivot_translate	0 0 0
	scale_pivot_translate	0 0 0
	translate_limit_x -INF +INF
	translate_limit_y -INF +INF
	translate_limit_z -INF +INF
	rotate_limit_x -INF +INF
	rotate_limit_y -INF +INF
	rotate_limit_z -INF +INF
	scale_limit_x -INF +INF
	scale_limit_y -INF +INF
	scale_limit_z -INF +INF
	parent 0
	child_joints 0
	INSTANCE_LIST
	{
	}
	segment_scale_compensate 1
	EXTRA_ATTRIBUTES
	{
		wire_colour colour 0 0.87451 0.145098
	}
}
ANIMATION_TAKE menu_idlebreak_01
{
	id 39
	start_time 0
	end_time 250
	fps 30
	current_time 0
	num_animated_nodes 38
	num_event_tracks 0
	ANIM_NODE 9
	{
		num_animated_attrs 3
		num_animated_attrs_user 0
		ATTR rotation
		{
			num_streams 1
			elements_per_sample 4
			SAMPLED_KEYS
			{

				-0.499999 -0.5 0.5 0.500001 
				0.499462 0.500459 -0.500572 -0.499507 
				0.498898 0.500795 -0.501233 -0.499069 
				0.498313 0.501015 -0.501975 -0.498687 
				0.497711 0.501128 -0.502788 -0.498356 
				0.497096 0.50114 -0.503662 -0.498075 
				0.496471 0.501061 -0.504588 -0.497841 
				0.495842 0.500897 -0.505557 -0.49765 
				0.495212 0.500656 -0.506558 -0.497502 
				0.494585 0.500347 -0.507583 -0.497392 
				0.493965 0.499976 -0.508622 -0.497319 
				0.493357 0.499553 -0.509665 -0.49728 
				0.492765 0.499084 -0.510703 -0.497272 
				0.492193 0.498578 -0.511728 -0.497294 
				0.491645 0.498043 -0.512728 -0.497341 
				0.491125 0.497486 -0.513696 -0.497413 
				0.490639 0.496916 -0.514621 -0.497506 
				0.49019 0.496341 -0.515495 -0.497619 
				0.489782 0.495768 -0.516308 -0.497749 
				0.48942 0.495206 -0.517051 -0.497893 
				0.489108 0.494662 -0.517716 -0.498049 
				0.488851 0.494146 -0.518291 -0.498216 
				0.488653 0.493664 -0.518769 -0.49839 
				0.488518 0.493226 -0.51914 -0.49857 
				0.488452 0.492839 -0.519396 -0.498752 
				0.488457 0.492511 -0.519525 -0.498935 
				0.488539 0.49225 -0.519521 -0.499117 
				0.488702 0.492064 -0.519373 -0.499294 
				0.48895 0.491962 -0.519072 -0.499465 
				0.489288 0.49195 -0.518609 -0.499627 
				0.489719 0.492038 -0.517973 -0.499778 
				0.490247 0.492233 -0.517156 -0.499914 
				-0.490877 -0.492541 0.516148 0.500034 
				-0.491613 -0.492972 0.514939 0.500133 
				-0.492457 -0.493532 0.51352 0.50021 
				-0.493414 -0.494228 0.511879 0.500261 
				-0.494487 -0.495068 0.510008 0.500282 
				-0.495679 -0.496059 0.507895 0.50027 
				-0.496993 -0.497207 0.50553 0.500222 
				-0.498433 -0.498518 0.502902 0.500134 
				-0.499999 -0.5 0.5 0.500001 
				0.509619 0.509064 -0.481523 -0.499278 
				0.529073 0.527426 -0.441753 -0.496748 
				0.549669 0.547069 -0.395668 -0.491962 
				0.564485 0.561737 -0.35979 -0.486169 
				0.573868 0.572001 -0.336194 -0.480065 
				0.581757 0.581364 -0.315728 -0.473171 
				0.588055 0.589394 -0.299035 -0.466244 
				0.59269 0.595681 -0.286758 -0.460058 
				0.595586 0.599811 -0.279527 -0.455377 
				0.597477 0.601927 -0.27603 -0.452229 
				0.599152 0.602716 -0.274345 -0.449984 
				0.600584 0.602554 -0.274162 -0.4484 
				0.601742 0.60181 -0.27517 -0.447228 
				0.602588 0.600849 -0.277053 -0.446217 
				0.603085 0.600035 -0.279498 -0.445115 
				0.603197 0.599733 -0.282189 -0.443671 
				0.602887 0.600307 -0.284812 -0.441635 
				0.602117 0.602121 -0.287053 -0.438754 
				0.600846 0.605534 -0.288593 -0.434772 
				0.599017 0.610891 -0.28911 -0.429426 
				0.595297 0.620123 -0.288688 -0.421578 
				0.588944 0.633748 -0.287657 -0.410807 
				0.580799 0.649995 -0.286065 -0.397926 
				0.571778 0.667165 -0.283997 -0.383806 
				0.562899 0.68367 -0.281587 -0.369389 
				0.555292 0.698052 -0.279029 -0.355694 
				0.55017 0.708967 -0.276558 -0.343794 
				0.548792 0.715139 -0.274437 -0.334795 
				0.552776 0.716124 -0.271149 -0.328761 
				0.561693 0.712924 -0.265981 -0.3248 
				0.573695 0.706416 -0.260388 -0.322566 
				0.586959 0.697512 -0.255834 -0.321723 
				0.599724 0.687205 -0.253809 -0.321967 
				0.610294 0.676569 -0.255827 -0.323029 
				0.617007 0.66672 -0.263412 -0.324655 
				0.620297 0.657362 -0.27739 -0.325825 
				0.621774 0.647348 -0.296526 -0.326205 
				0.621528 0.636515 -0.319228 -0.326564 
				0.619702 0.624749 -0.343917 -0.327688 
				0.616515 0.61201 -0.369041 -0.330395 
				0.612272 0.598344 -0.393093 -0.335537 
				0.60735 0.583866 -0.414605 -0.343989 
				0.602169 0.568736 -0.432136 -0.356636 
				0.596026 0.55075 -0.446145 -0.377336 
				0.587888 0.528693 -0.457795 -0.406565 
				0.577853 0.504368 -0.466842 -0.440179 
				0.56637 0.47989 -0.473328 -0.474226 
				-0.554306 -0.457725 0.477647 0.505061 
				-0.542892 -0.440617 0.480521 0.529363 
				-0.533574 -0.431447 0.482871 0.544047 
				-0.526001 -0.430116 0.484915 0.550619 
				-0.518907 -0.433869 0.486328 0.553153 
				-0.512347 -0.441563 0.487197 0.552414 
				-0.506341 -0.452028 0.487584 0.549137 
				-0.500906 -0.464095 0.487553 0.54406 
				-0.496083 -0.476613 0.487187 0.53795 
				-0.491943 -0.488464 0.486606 0.53161 
				-0.488594 -0.498564 0.485964 0.525879 
