|XMD_005A#0MAX#0005.0.4|
JOINT Bip001
{
	id 1
	visible	1
	scale_pivot	0 0 0
	rotate_pivot	0 0 0
	min_bound	0 0 0
	max_bound	0 0 0
	scale	1 1 1
	translate	-0.454559 107.132 26.8729
	rotation_orient	0 0 0 1
	rotation	-0.134649 -0.35248 0.0460067 0.924938
	joint_orient	0 0 0 1
	bind_pose_matrix
		0.747283 0.180029 0.639655 0
		0.00981577 0.959506 -0.281518 0
		-0.664434 0.216652 0.715255 0
		-0.454559 107.132 26.8729 1
	rotation_order xyz
	inherits_transform 1
	shearing 0 0 0
	rotate_pivot_translate	0 0 0
	scale_pivot_translate	0 0 0
	translate_limit_x -INF +INF
	translate_limit_y -INF +INF
	translate_limit_z -INF +INF
	rotate_limit_x -INF +INF
	rotate_limit_y -INF +INF
	rotate_limit_z -INF +INF
	scale_limit_x -INF +INF
	scale_limit_y -INF +INF
	scale_limit_z -INF +INF
	parent 0
	child_joints 1
		9 
	INSTANCE_LIST
	{
	}
	segment_scale_compensate 1
	EXTRA_ATTRIBUTES
	{
		wire_colour colour 1 0 0
	}
}
JOINT Bip001_Head
{
	id 2
	visible	1
	scale_pivot	0 0 0
	rotate_pivot	0 0 0
	min_bound	0 0 0
	max_bound	0 0 0
	scale	1 1 1
	translate	11.5934 2.5836e-07 1.98268e-06
	rotation_orient	0 0 0 1
	rotation	-0.247722 -0.221846 -0.0225164 0.942821
	joint_orient	0 0 0 1
	bind_pose_matrix
		0.900555 0.0674541 0.429477 0
		0.15237 0.876254 -0.457124 0
		-0.407166 0.477105 0.778837 0
		11.5934 2.5836e-07 1.98268e-06 1
	rotation_order xyz
	inherits_transform 1
	shearing 0 0 0
	rotate_pivot_translate	0 0 0
	scale_pivot_translate	0 0 0
	translate_limit_x -INF +INF
	translate_limit_y -INF +INF
	translate_limit_z -INF +INF
	rotate_limit_x -INF +INF
	rotate_limit_y -INF +INF
	rotate_limit_z -INF +INF
	scale_limit_x -INF +INF
	scale_limit_y -INF +INF
	scale_limit_z -INF +INF
	parent 4
	child_joints 1
		3 
	INSTANCE_LIST
	{
	}
	segment_scale_compensate 1
	EXTRA_ATTRIBUTES
	{
		original_name string "Bip001 Head"
		wire_colour colour 0.65098 0.792157 0.941176
	}
}
JOINT Bip001_Jaw
{
	id 3
	visible	1
	scale_pivot	0 0 0
	rotate_pivot	0 0 0
	min_bound	0 0 0
	max_bound	0 0 0
	scale	1 1 1
	translate	3.87303 -3.74672e-05 -2.50609
	rotation_orient	0 0 0 1
	rotation	-2.85114e-09 0.793596 2.20941e-06 0.608445
	joint_orient	0 0 0 1
	bind_pose_matrix
		-0.259589 2.68408e-06 -0.965719 0
		-2.69313e-06 1 3.50328e-06 0
		0.965719 3.51022e-06 -0.259589 0
		3.87303 -3.74672e-05 -2.50609 1
	rotation_order xyz
	inherits_transform 1
	shearing 0 0 0
	rotate_pivot_translate	0 0 0
	scale_pivot_translate	0 0 0
	translate_limit_x -INF +INF
	translate_limit_y -INF +INF
	translate_limit_z -INF +INF
	rotate_limit_x -INF +INF
	rotate_limit_y -INF +INF
	rotate_limit_z -INF +INF
	scale_limit_x -INF +INF
	scale_limit_y -INF +INF
	scale_limit_z -INF +INF
	parent 2
	child_joints 3
		28 29 30 
	INSTANCE_LIST
	{
	}
	segment_scale_compensate 1
	EXTRA_ATTRIBUTES
	{
		original_name string "Bip001 Jaw"
		wire_colour colour 0.988235 0 0
	}
}
JOINT Bip001_L_Calf
{
	id 17
	visible	1
	scale_pivot	0 0 0
	rotate_pivot	0 0 0
	min_bound	0 0 0
	max_bound	0 0 0
	scale	1 1 1
	translate	42.8806 -8.03965e-08 9.30885e-07
	rotation_orient	0 0 0 1
	rotation	-3.33529e-08 -0.346938 -8.85035e-10 0.937888
	joint_orient	0 0 0 1
	bind_pose_matrix
		0.759268 2.14827e-08 0.650778 0
		2.48029e-08 1 -6.19485e-08 0
		-0.650778 6.31767e-08 0.759268 0
		42.8806 -8.03965e-08 9.30885e-07 1
	rotation_order xyz
	inherits_transform 1
	shearing 0 0 0
	rotate_pivot_translate	0 0 0
	scale_pivot_translate	0 0 0
	translate_limit_x -INF +INF
	translate_limit_y -INF +INF
	translate_limit_z -INF +INF
	rotate_limit_x -INF +INF
	rotate_limit_y -INF +INF
	rotate_limit_z -INF +INF
	scale_limit_x -INF +INF
	scale_limit_y -INF +INF
	scale_limit_z -INF +INF
	parent 18
	child_joints 1
		21 
	INSTANCE_LIST
	{
	}
	segment_scale_compensate 1
	EXTRA_ATTRIBUTES
	{
		original_name string "Bip001 L Calf"
		wire_colour colour 0.109804 0.109804 0.694118
	}
}
JOINT Bip001_L_Clavicle
{
	id 26
	visible	1
	scale_pivot	0 0 0
	rotate_pivot	0 0 0
	min_bound	0 0 0
	max_bound	0 0 0
	scale	1 1 1
	translate	23.2608 5.60499 11.8075
	rotation_orient	0 0 0 1
	rotation	0.608673 0.793229 -0.0136031 0.0109398
	joint_orient	0 0 0 1
	bind_pose_matrix
		-0.258794 0.965337 -0.0339152 0
		0.965932 0.258663 -0.00826315 0
		0.000795903 -0.0348982 -0.999391 0
		23.2608 5.60499 11.8075 1
	rotation_order xyz
	inherits_transform 1
	shearing 0 0 0
	rotate_pivot_translate	0 0 0
	scale_pivot_translate	0 0 0
	translate_limit_x -INF +INF
	translate_limit_y -INF +INF
	translate_limit_z -INF +INF
	rotate_limit_x -INF +INF
	rotate_limit_y -INF +INF
	rotate_limit_z -INF +INF
	scale_limit_x -INF +INF
	scale_limit_y -INF +INF
	scale_limit_z -INF +INF
	parent 11
	child_joints 2
		23 32 
	INSTANCE_LIST
	{
	}
	segment_scale_compensate 1
	EXTRA_ATTRIBUTES
	{
		original_name string "Bip001 L Clavicle"
		wire_colour colour 0.109804 0.109804 0.694118
	}
}
JOINT Bip001_L_Foot
{
	id 21
	visible	1
	scale_pivot	0 0 0
	rotate_pivot	0 0 0
	min_bound	0 0 0
	max_bound	0 0 0
	scale	1 1 1
	translate	55.3239 -3.58588e-06 5.06943e-06
	rotation_orient	0 0 0 1
	rotation	0.109318 0.124481 0.20359 0.964938
	joint_orient	0 0 0 1
	bind_pose_matrix
		0.886111 0.42012 -0.195721 0
		-0.365687 0.893201 0.261657 0
		0.284746 -0.160284 0.945108 0
		55.3239 -3.58588e-06 5.06943e-06 1
	rotation_order xyz
	inherits_transform 1
	shearing 0 0 0
	rotate_pivot_translate	0 0 0
	scale_pivot_translate	0 0 0
	translate_limit_x -INF +INF
	translate_limit_y -INF +INF
	translate_limit_z -INF +INF
	rotate_limit_x -INF +INF
	rotate_limit_y -INF +INF
	rotate_limit_z -INF +INF
	scale_limit_x -INF +INF
	scale_limit_y -INF +INF
	scale_limit_z -INF +INF
	parent 17
	child_joints 1
		19 
	INSTANCE_LIST
	{
	}
	segment_scale_compensate 1
	EXTRA_ATTRIBUTES
	{
		original_name string "Bip001 L Foot"
		wire_colour colour 0.109804 0.109804 0.694118
	}
}
JOINT Bip001_L_Forearm
{
	id 27
	visible	1
	scale_pivot	0 0 0
	rotate_pivot	0 0 0
	min_bound	0 0 0
	max_bound	0 0 0
	scale	1 1 1
	translate	50.8825 -1.46758e-06 2.48393e-06
	rotation_orient	0 0 0 1
	rotation	2.21477e-08 -0.221082 -2.62134e-08 0.975255
	joint_orient	0 0 0 1
	bind_pose_matrix
		0.902245 -6.09223e-08 0.431223 0
		4.13365e-08 1 5.47899e-08 0
		-0.431224 -3.16087e-08 0.902245 0
		50.8825 -1.46758e-06 2.48393e-06 1
	rotation_order xyz
	inherits_transform 1
	shearing 0 0 0
	rotate_pivot_translate	0 0 0
	scale_pivot_translate	0 0 0
	translate_limit_x -INF +INF
	translate_limit_y -INF +INF
	translate_limit_z -INF +INF
	rotate_limit_x -INF +INF
	rotate_limit_y -INF +INF
	rotate_limit_z -INF +INF
	scale_limit_x -INF +INF
	scale_limit_y -INF +INF
	scale_limit_z -INF +INF
	parent 23
	child_joints 1
		24 
	INSTANCE_LIST
	{
	}
	segment_scale_compensate 1
	EXTRA_ATTRIBUTES
	{
		original_name string "Bip001 L Forearm"
		wire_colour colour 0.109804 0.109804 0.694118
	}
}
JOINT Bip001_L_Hand
{
	id 24
	visible	1
	scale_pivot	0 0 0
	rotate_pivot	0 0 0
	min_bound	0 0 0
	max_bound	0 0 0
	scale	1 1 1
	translate	42.1284 -1.10858e-06 -2.55778e-06
	rotation_orient	0 0 0 1
	rotation	0.873878 -0.153523 0.116872 -0.446216
	joint_orient	0 0 0 1
	bind_pose_matrix
		0.925543 -0.372621 0.0672558 0
		-0.16402 -0.554645 -0.815762 0
		0.341273 0.743992 -0.574465 0
		42.1284 -1.10858e-06 -2.55778e-06 1
	rotation_order xyz
	inherits_transform 1
	shearing 0 0 0
	rotate_pivot_translate	0 0 0
	scale_pivot_translate	0 0 0
	translate_limit_x -INF +INF
	translate_limit_y -INF +INF
	translate_limit_z -INF +INF
	rotate_limit_x -INF +INF
	rotate_limit_y -INF +INF
	rotate_limit_z -INF +INF
	scale_limit_x -INF +INF
	scale_limit_y -INF +INF
	scale_limit_z -INF +INF
	parent 27
	child_joints 2
		33 37 
	INSTANCE_LIST
	{
	}
	segment_scale_compensate 1
	EXTRA_ATTRIBUTES
	{
		original_name string "Bip001 L Hand"
		wire_colour colour 0.109804 0.109804 0.694118
	}
}
JOINT Bip001_L_Thigh
{
	id 18
	visible	1
	scale_pivot	0 0 0
	rotate_pivot	0 0 0
	min_bound	0 0 0
	max_bound	0 0 0
	scale	1 1 1
	translate	-2.49302e-05 16.5157 -2.59117e-05
	rotation_orient	0 0 0 1
	rotation	0.114419 0.122934 -0.912616 -0.372729
	joint_orient	0 0 0 1
	bind_pose_matrix
		-0.695963 0.70845 -0.117199 0
		-0.652185 -0.691921 -0.309678 0
		-0.300484 -0.139089 0.943591 0
		-2.49302e-05 16.5157 -2.59117e-05 1
	rotation_order xyz
	inherits_transform 1
	shearing 0 0 0
	rotate_pivot_translate	0 0 0
	scale_pivot_translate	0 0 0
	translate_limit_x -INF +INF
	translate_limit_y -INF +INF
	translate_limit_z -INF +INF
	rotate_limit_x -INF +INF
	rotate_limit_y -INF +INF
	rotate_limit_z -INF +INF
	scale_limit_x -INF +INF
	scale_limit_y -INF +INF
	scale_limit_z -INF +INF
	parent 9
	child_joints 1
		17 
	INSTANCE_LIST
	{
	}
	segment_scale_compensate 1
	EXTRA_ATTRIBUTES
	{
		original_name string "Bip001 L Thigh"
		wire_colour colour 0.109804 0.109804 0.694118
	}
}
JOINT Bip001_L_Toe0
{
	id 19
	visible	1
	scale_pivot	0 0 0
	rotate_pivot	0 0 0
	min_bound	0 0 0
	max_bound	0 0 0
	scale	1 1 1
	translate	18.3219 5.80288e-07 -21.8944
	rotation_orient	0 0 0 1
	rotation	-9.50143e-08 0.707107 -2.06704e-07 0.707106
	joint_orient	0 0 0 1
	bind_pose_matrix
		-1.3113e-06 -4.26694e-07 -1 0
		1.57953e-07 1 -4.26694e-07 0
		1 -1.57954e-07 -1.3113e-06 0
		18.3219 5.80288e-07 -21.8944 1
	rotation_order xyz
	inherits_transform 1
	shearing 0 0 0
	rotate_pivot_translate	0 0 0
	scale_pivot_translate	0 0 0
	translate_limit_x -INF +INF
	translate_limit_y -INF +INF
	translate_limit_z -INF +INF
	rotate_limit_x -INF +INF
	rotate_limit_y -INF +INF
	rotate_limit_z -INF +INF
	scale_limit_x -INF +INF
	scale_limit_y -INF +INF
	scale_limit_z -INF +INF
	parent 21
	child_joints 0
	INSTANCE_LIST
	{
	}
	segment_scale_compensate 1
	EXTRA_ATTRIBUTES
	{
		original_name string "Bip001 L Toe0"
		wire_colour colour 0.423529 0.0313726 0.533333
	}
}
JOINT Bip001_L_UpperArm
{
	id 23
	visible	1
	scale_pivot	0 0 0
	rotate_pivot	0 0 0
	min_bound	0 0 0
	max_bound	0 0 0
	scale	1 1 1
	translate	22.4233 -8.02621e-06 2.55108e-06
	rotation_orient	0 0 0 1
	rotation	0.349904 -0.0951566 -0.248434 0.898217
	joint_orient	0 0 0 1
	bind_pose_matrix
		0.858451 -0.512886 -0.00291368 0
		0.379704 0.631695 0.675859 0
		-0.344799 -0.581299 0.737025 0
		22.4233 -8.02621e-06 2.55108e-06 1
	rotation_order xyz
	inherits_transform 1
	shearing 0 0 0
	rotate_pivot_translate	0 0 0
	scale_pivot_translate	0 0 0
	translate_limit_x -INF +INF
	translate_limit_y -INF +INF
	translate_limit_z -INF +INF
	rotate_limit_x -INF +INF
	rotate_limit_y -INF +INF
	rotate_limit_z -INF +INF
	scale_limit_x -INF +INF
	scale_limit_y -INF +INF
	scale_limit_z -INF +INF
	parent 26
	child_joints 1
		27 
	INSTANCE_LIST
	{
	}
	segment_scale_compensate 1
	EXTRA_ATTRIBUTES
	{
		original_name string "Bip001 L UpperArm"
		wire_colour colour 0.109804 0.109804 0.694118
	}
}
JOINT Bip001_Neck
{
	id 4
	visible	1
	scale_pivot	0 0 0
	rotate_pivot	0 0 0
	min_bound	0 0 0
	max_bound	0 0 0
	scale	1 1 1
	translate	32.8698 -2.87205e-06 9.33883
	rotation_orient	0 0 0 1
	rotation	9.99279e-09 0.314404 8.72652e-07 0.949289
	joint_orient	0 0 0 1
	bind_pose_matrix
		0.8023 1.66308e-06 -0.59692 0
		-1.65052e-06 1 5.67703e-07 0
		0.59692 5.29758e-07 0.8023 0
		32.8698 -2.87205e-06 9.33883 1
	rotation_order xyz
	inherits_transform 1
	shearing 0 0 0
	rotate_pivot_translate	0 0 0
	scale_pivot_translate	0 0 0
	translate_limit_x -INF +INF
	translate_limit_y -INF +INF
	translate_limit_z -INF +INF
	rotate_limit_x -INF +INF
	rotate_limit_y -INF +INF
	rotate_limit_z -INF +INF
	scale_limit_x -INF +INF
	scale_limit_y -INF +INF
	scale_limit_z -INF +INF
	parent 11
	child_joints 1
		2 
	INSTANCE_LIST
	{
	}
	segment_scale_compensate 1
	EXTRA_ATTRIBUTES
	{
		original_name string "Bip001 Neck"
		wire_colour colour 0.0313726 0.431373 0.52549
	}
}
JOINT Bip001_Pelvis
{
	id 9
	visible	1
	scale_pivot	0 0 0
	rotate_pivot	0 0 0
	min_bound	0 0 0
	max_bound	0 0 0
	scale	1 1 1
	translate	-5.67983 1.07225e-07 -4.32737
	rotation_orient	0 0 0 1
	rotation	-0.499999 -0.5 0.5 0.500001
	joint_orient	0 0 0 1
	bind_pose_matrix
		-2.38419e-07 1 1.3411e-06 0
		-1.3411e-06 1.13249e-06 -1 0
		-1 -5.96046e-08 1.13249e-06 0
		-5.67983 1.07225e-07 -4.32737 1
	rotation_order xyz
	inherits_transform 1
	shearing 0 0 0
	rotate_pivot_translate	0 0 0
	scale_pivot_translate	0 0 0
	translate_limit_x -INF +INF
	translate_limit_y -INF +INF
	translate_limit_z -INF +INF
	rotate_limit_x -INF +INF
	rotate_limit_y -INF +INF
	rotate_limit_z -INF +INF
	scale_limit_x -INF +INF
	scale_limit_y -INF +INF
	scale_limit_z -INF +INF
	parent 1
	child_joints 4
		6 10 16 18 
	INSTANCE_LIST
	{
	}
	segment_scale_compensate 1
	EXTRA_ATTRIBUTES
	{
		original_name string "Bip001 Pelvis"
		wire_colour colour 0.878431 0.776471 0.341176
	}
}
JOINT Bip001_R_Calf
{
	id 20
	visible	1
	scale_pivot	0 0 0
	rotate_pivot	0 0 0
	min_bound	0 0 0
	max_bound	0 0 0
	scale	1 1 1
	translate	42.8806 2.87441e-07 -9.42076e-07
	rotation_orient	0 0 0 1
	rotation	-4.78752e-09 -0.260746 1.01997e-08 0.965407
	joint_orient	0 0 0 1
	bind_pose_matrix
		0.864023 2.21903e-08 0.503452 0
		-1.7197e-08 1 -1.45628e-08 0
		-0.503452 3.92477e-09 0.864023 0
		42.8806 2.87441e-07 -9.42076e-07 1
	rotation_order xyz
	inherits_transform 1
	shearing 0 0 0
	rotate_pivot_translate	0 0 0
	scale_pivot_translate	0 0 0
	translate_limit_x -INF +INF
	translate_limit_y -INF +INF
	translate_limit_z -INF +INF
	rotate_limit_x -INF +INF
	rotate_limit_y -INF +INF
	rotate_limit_z -INF +INF
	scale_limit_x -INF +INF
	scale_limit_y -INF +INF
	scale_limit_z -INF +INF
	parent 16
	child_joints 1
		13 
	INSTANCE_LIST
	{
	}
	segment_scale_compensate 1
	EXTRA_ATTRIBUTES
	{
		original_name string "Bip001 R Calf"
		wire_colour colour 0.0235294 0.52549 0.0235294
	}
}
JOINT Bip001_R_Clavicle
{
	id 25
	visible	1
	scale_pivot	0 0 0
	rotate_pivot	0 0 0
	min_bound	0 0 0
	max_bound	0 0 0
	scale	1 1 1
	translate	23.2608 -5.60505 11.8074
	rotation_orient	0 0 0 1
	rotation	0.774092 -0.630459 -0.0359846 -0.0448101
	joint_orient	0 0 0 1
	bind_pose_matrix
		0.202452 -0.972842 -0.112213 0
		-0.979292 -0.201027 -0.0240006 0
		0.000791058 0.114748 -0.993395 0
		23.2608 -5.60505 11.8074 1
	rotation_order xyz
	inherits_transform 1
	shearing 0 0 0
	rotate_pivot_translate	0 0 0
	scale_pivot_translate	0 0 0
	translate_limit_x -INF +INF
	translate_limit_y -INF +INF
	translate_limit_z -INF +INF
	rotate_limit_x -INF +INF
	rotate_limit_y -INF +INF
	rotate_limit_z -INF +INF
	scale_limit_x -INF +INF
	scale_limit_y -INF +INF
	scale_limit_z -INF +INF
	parent 11
	child_joints 2
		15 31 
	INSTANCE_LIST
	{
	}
	segment_scale_compensate 1
	EXTRA_ATTRIBUTES
	{
		original_name string "Bip001 R Clavicle"
		wire_colour colour 0.0235294 0.52549 0.0235294
	}
}
JOINT Bip001_R_Foot
{
	id 13
	visible	1
	scale_pivot	0 0 0
	rotate_pivot	0 0 0
	min_bound	0 0 0
	max_bound	0 0 0
	scale	1 1 1
	translate	55.3239 -1.53471e-06 2.66168e-06
	rotation_orient	0 0 0 1
	rotation	-0.0667195 0.147901 -0.140976 0.976627
	joint_orient	0 0 0 1
	bind_pose_matrix
		0.916502 -0.295098 -0.270075 0
		0.255627 0.951348 -0.172021 0
		0.307699 0.088619 0.947348 0
		55.3239 -1.53471e-06 2.66168e-06 1
	rotation_order xyz
	inherits_transform 1
	shearing 0 0 0
	rotate_pivot_translate	0 0 0
	scale_pivot_translate	0 0 0
	translate_limit_x -INF +INF
	translate_limit_y -INF +INF
	translate_limit_z -INF +INF
	rotate_limit_x -INF +INF
	rotate_limit_y -INF +INF
	rotate_limit_z -INF +INF
	scale_limit_x -INF +INF
	scale_limit_y -INF +INF
	scale_limit_z -INF +INF
	parent 20
	child_joints 1
		12 
	INSTANCE_LIST
	{
	}
	segment_scale_compensate 1
	EXTRA_ATTRIBUTES
	{
		original_name string "Bip001 R Foot"
		wire_colour colour 0.0235294 0.52549 0.0235294
	}
}
JOINT Bip001_R_Forearm
{
	id 22
	visible	1
	scale_pivot	0 0 0
	rotate_pivot	0 0 0
	min_bound	0 0 0
	max_bound	0 0 0
	scale	1 1 1
	translate	50.8825 3.83706e-06 3.52303e-06
	rotation_orient	0 0 0 1
	rotation	-5.16964e-09 -0.610279 1.37913e-08 0.792187
	joint_orient	0 0 0 1
	bind_pose_matrix
		0.255119 2.81605e-08 0.96691 0
		-1.55408e-08 1 -2.50238e-08 0
		-0.96691 -8.64248e-09 0.255119 0
		50.8825 3.83706e-06 3.52303e-06 1
	rotation_order xyz
	inherits_transform 1
	shearing 0 0 0
	rotate_pivot_translate	0 0 0
	scale_pivot_translate	0 0 0
	translate_limit_x -INF +INF
	translate_limit_y -INF +INF
	translate_limit_z -INF +INF
	rotate_limit_x -INF +INF
	rotate_limit_y -INF +INF
	rotate_limit_z -INF +INF
	scale_limit_x -INF +INF
	scale_limit_y -INF +INF
	scale_limit_z -INF +INF
	parent 15
	child_joints 1
		14 
	INSTANCE_LIST
	{
	}
	segment_scale_compensate 1
	EXTRA_ATTRIBUTES
	{
		original_name string "Bip001 R Forearm"
		wire_colour colour 0.0235294 0.52549 0.0235294
	}
}
JOINT Bip001_R_Hand
{
	id 14
	visible	1
	scale_pivot	0 0 0
	rotate_pivot	0 0 0
	min_bound	0 0 0
	max_bound	0 0 0
	scale	1 1 1
	translate	42.1284 4.11875e-06 3.06041e-06
	rotation_orient	0 0 0 1
	rotation	0.820546 -0.0904085 0.20105 0.52736
	joint_orient	0 0 0 1
	bind_pose_matrix
		0.902811 0.0636825 0.425297 0
		-0.36042 -0.427435 0.829094 0
		0.234585 -0.901801 -0.36294 0
		42.1284 4.11875e-06 3.06041e-06 1
	rotation_order xyz
	inherits_transform 1
	shearing 0 0 0
	rotate_pivot_translate	0 0 0
	scale_pivot_translate	0 0 0
	translate_limit_x -INF +INF
	translate_limit_y -INF +INF
	translate_limit_z -INF +INF
	rotate_limit_x -INF +INF
	rotate_limit_y -INF +INF
	rotate_limit_z -INF +INF
	scale_limit_x -INF +INF
	scale_limit_y -INF +INF
	scale_limit_z -INF +INF
	parent 22
	child_joints 3
		34 35 36 
	INSTANCE_LIST
	{
	}
	segment_scale_compensate 1
	EXTRA_ATTRIBUTES
	{
		original_name string "Bip001 R Hand"
		wire_colour colour 0.0235294 0.52549 0.0235294
	}
}
JOINT Bip001_R_Thigh
{
	id 16
	visible	1
	scale_pivot	0 0 0
	rotate_pivot	0 0 0
	min_bound	0 0 0
	max_bound	0 0 0
	scale	1 1 1
	translate	2.25186e-05 -16.5157 2.00652e-05
	rotation_orient	0 0 0 1
	rotation	-0.0685825 -0.340327 -0.931056 0.112286
	joint_orient	0 0 0 1
	bind_pose_matrix
		-0.965377 -0.162408 0.204136 0
		0.25577 -0.743138 0.618326 0
		0.0512804 0.64913 0.758947 0
		2.25186e-05 -16.5157 2.00652e-05 1
	rotation_order xyz
	inherits_transform 1
	shearing 0 0 0
	rotate_pivot_translate	0 0 0
	scale_pivot_translate	0 0 0
	translate_limit_x -INF +INF
	translate_limit_y -INF +INF
	translate_limit_z -INF +INF
	rotate_limit_x -INF +INF
	rotate_limit_y -INF +INF
	rotate_limit_z -INF +INF
	scale_limit_x -INF +INF
	scale_limit_y -INF +INF
	scale_limit_z -INF +INF
	parent 9
	child_joints 1
		20 
	INSTANCE_LIST
	{
	}
	segment_scale_compensate 1
	EXTRA_ATTRIBUTES
	{
		original_name string "Bip001 R Thigh"
		wire_colour colour 0.0235294 0.52549 0.0235294
	}
}
JOINT Bip001_R_Toe0
{
	id 12
	visible	1
	scale_pivot	0 0 0
	rotate_pivot	0 0 0
	min_bound	0 0 0
	max_bound	0 0 0
	scale	1 1 1
	translate	18.3219 2.12176e-08 -21.8944
	rotation_orient	0 0 0 1
	rotation	-1.26398e-06 0.707107 -7.17818e-07 0.707107
	joint_orient	0 0 0 1
	bind_pose_matrix
		3.57628e-07 -2.80269e-06 -1 0
		-7.72393e-07 1 -2.80269e-06 0
		1 7.72394e-07 3.57628e-07 0
		18.3219 2.12176e-08 -21.8944 1
	rotation_order xyz
	inherits_transform 1
	shearing 0 0 0
	rotate_pivot_translate	0 0 0
	scale_pivot_translate	0 0 0
	translate_limit_x -INF +INF
	translate_limit_y -INF +INF
	translate_limit_z -INF +INF
	rotate_limit_x -INF +INF
	rotate_limit_y -INF +INF
	rotate_limit_z -INF +INF
	scale_limit_x -INF +INF
	scale_limit_y -INF +INF
	scale_limit_z -INF +INF
	parent 13
	child_joints 0
	INSTANCE_LIST
	{
	}
	segment_scale_compensate 1
	EXTRA_ATTRIBUTES
	{
		original_name string "Bip001 R Toe0"
		wire_colour colour 0.443137 0.52549 0.0235294
	}
}
JOINT Bip001_R_UpperArm
{
	id 15
	visible	1
	scale_pivot	0 0 0
	rotate_pivot	0 0 0
	min_bound	0 0 0
	max_bound	0 0 0
	scale	1 1 1
	translate	22.4233 -6.65908e-06 -5.29158e-07
	rotation_orient	0 0 0 1
	rotation	0.507451 0.30932 0.257072 0.762056
	joint_orient	0 0 0 1
	bind_pose_matrix
		0.676471 0.705735 -0.210534 0
		-0.0778772 0.352815 0.932447 0
		0.73234 -0.614377 0.293629 0
		22.4233 -6.65908e-06 -5.29158e-07 1
	rotation_order xyz
	inherits_transform 1
	shearing 0 0 0
	rotate_pivot_translate	0 0 0
	scale_pivot_translate	0 0 0
	translate_limit_x -INF +INF
	translate_limit_y -INF +INF
	translate_limit_z -INF +INF
	rotate_limit_x -INF +INF
	rotate_limit_y -INF +INF
	rotate_limit_z -INF +INF
	scale_limit_x -INF +INF
	scale_limit_y -INF +INF
	scale_limit_z -INF +INF
	parent 25
	child_joints 1
		22 
	INSTANCE_LIST
	{
	}
	segment_scale_compensate 1
	EXTRA_ATTRIBUTES
	{
		original_name string "Bip001 R UpperArm"
		wire_colour colour 0.0235294 0.52549 0.0235294
	}
}
JOINT Bip001_Spine
{
	id 10
	visible	1
	scale_pivot	0 0 0
	rotate_pivot	0 0 0
	min_bound	0 0 0
	max_bound	0 0 0
	scale	1 1 1
	translate	21.7745 0.00135046 0.01283
	rotation_orient	0 0 0 1
	rotation	-0.0513729 0.000397576 -0.010006 0.998629
	joint_orient	0 0 0 1
	bind_pose_matrix
		0.999799 -0.0200255 0.000234018 0
		0.0199438 0.994521 -0.102613 0
		0.00182214 0.102597 0.994721 0
		21.7745 0.00135046 0.01283 1
	rotation_order xyz
	inherits_transform 1
	shearing 0 0 0
	rotate_pivot_translate	0 0 0
	scale_pivot_translate	0 0 0
	translate_limit_x -INF +INF
	translate_limit_y -INF +INF
	translate_limit_z -INF +INF
	rotate_limit_x -INF +INF
	rotate_limit_y -INF +INF
	rotate_limit_z -INF +INF
	scale_limit_x -INF +INF
	scale_limit_y -INF +INF
	scale_limit_z -INF +INF
	parent 9
	child_joints 1
		11 
	INSTANCE_LIST
	{
	}
	segment_scale_compensate 1
	EXTRA_ATTRIBUTES
	{
		original_name string "Bip001 Spine"
		wire_colour colour 0.0313726 0.431373 0.52549
	}
}
JOINT Bip001_Spine1
{
	id 11
	visible	1
	scale_pivot	0 0 0
	rotate_pivot	0 0 0
	min_bound	0 0 0
	max_bound	0 0 0
	scale	1 1 1
	translate	16.2091 0.00104282 0.0238879
	rotation_orient	0 0 0 1
	rotation	-0.0300127 0.141626 -0.0616369 0.987544
	joint_orient	0 0 0 1
	bind_pose_matrix
		0.952286 -0.130239 -0.276024 0
		0.113237 0.9906 -0.0767364 0
		0.283423 0.0418189 0.958083 0
		16.2091 0.00104282 0.0238879 1
	rotation_order xyz
	inherits_transform 1
	shearing 0 0 0
	rotate_pivot_translate	0 0 0
	scale_pivot_translate	0 0 0
	translate_limit_x -INF +INF
	translate_limit_y -INF +INF
	translate_limit_z -INF +INF
	rotate_limit_x -INF +INF
	rotate_limit_y -INF +INF
	rotate_limit_z -INF +INF
	scale_limit_x -INF +INF
	scale_limit_y -INF +INF
	scale_limit_z -INF +INF
	parent 10
	child_joints 3
		4 25 26 
	INSTANCE_LIST
	{
	}
	segment_scale_compensate 1
	EXTRA_ATTRIBUTES
	{
		original_name string "Bip001 Spine1"
		wire_colour colour 0.0313726 0.431373 0.52549
	}
}
JOINT be_F_tabard_01
{
	id 7
	visible	0
	scale_pivot	0 0 0
	rotate_pivot	0 0 0
	min_bound	0 0 0
	max_bound	0 0 0
	scale	1 1 1
	translate	24.8567 1.29468e-06 2.05482e-05
	rotation_orient	0 0 0 1
	rotation	5.76925e-07 1.21496e-08 0.0206198 0.999787
	joint_orient	0 0 0 1
	bind_pose_matrix
		0.99915 0.0412307 -5.01863e-10 0
		-0.0412307 0.99915 1.15411e-06 0
		4.80861e-08 -1.1531e-06 1 0
		24.8567 1.29468e-06 2.05482e-05 1
	rotation_order xyz
	inherits_transform 1
	shearing 0 0 0
	rotate_pivot_translate	0 0 0
	scale_pivot_translate	0 0 0
	translate_limit_x -INF +INF
	translate_limit_y -INF +INF
	translate_limit_z -INF +INF
	rotate_limit_x -INF +INF
	rotate_limit_y -INF +INF
	rotate_limit_z -INF +INF
	scale_limit_x -INF +INF
	scale_limit_y -INF +INF
	scale_limit_z -INF +INF
	parent 5
	child_joints 0
	INSTANCE_LIST
	{
	}
	segment_scale_compensate 1
	EXTRA_ATTRIBUTES
	{
		wire_colour colour 0.682353 0.729412 0.796078
	}
}
JOINT bn_F_tabard_01
{
	id 6
	visible	0
	scale_pivot	0 0 0
	rotate_pivot	0 0 0
	min_bound	0 0 0
	max_bound	0 0 0
	scale	1 1 1
	translate	14.4872 -4.84826e-05 -29.1671
	rotation_orient	0 0 0 1
	rotation	0.0940885 0.706212 -0.700801 0.0359212
	joint_orient	0 0 0 1
	bind_pose_matrix
		-0.979714 0.0825455 -0.182611 0
		0.18324 5.03063e-05 -0.983068 0
		-0.0811387 -0.996587 -0.0151749 0
		14.4872 -4.84826e-05 -29.1671 1
	rotation_order xyz
	inherits_transform 1
	shearing 0 0 0
	rotate_pivot_translate	0 0 0
	scale_pivot_translate	0 0 0
	translate_limit_x -INF +INF
	translate_limit_y -INF +INF
	translate_limit_z -INF +INF
	rotate_limit_x -INF +INF
	rotate_limit_y -INF +INF
	rotate_limit_z -INF +INF
	scale_limit_x -INF +INF
	scale_limit_y -INF +INF
	scale_limit_z -INF +INF
	parent 9
	child_joints 1
		8 
	INSTANCE_LIST
	{
	}
	segment_scale_compensate 1
	EXTRA_ATTRIBUTES
	{
		wire_colour colour 0.682353 0.729412 0.796078
	}
}
JOINT bn_F_tabard_02
{
	id 8
	visible	0
	scale_pivot	0 0 0
	rotate_pivot	0 0 0
	min_bound	0 0 0
	max_bound	0 0 0
	scale	1 1 1
	translate	19.4102 -9.08302e-06 -4.96023e-06
	rotation_orient	0 0 0 1
	rotation	0.00344056 0.0365402 -0.0789375 0.996204
	joint_orient	0 0 0 1
	bind_pose_matrix
		0.984867 -0.157024 -0.0733461 0
		0.157527 0.987514 0.00108622 0
		0.0722598 -0.0126238 0.997306 0
		19.4102 -9.08302e-06 -4.96023e-06 1
	rotation_order xyz
	inherits_transform 1
	shearing 0 0 0
	rotate_pivot_translate	0 0 0
	scale_pivot_translate	0 0 0
	translate_limit_x -INF +INF
	translate_limit_y -INF +INF
	translate_limit_z -INF +INF
	rotate_limit_x -INF +INF
	rotate_limit_y -INF +INF
	rotate_limit_z -INF +INF
	scale_limit_x -INF +INF
	scale_limit_y -INF +INF
	scale_limit_z -INF +INF
	parent 6
	child_joints 1
		5 
	INSTANCE_LIST
	{
	}
	segment_scale_compensate 1
	EXTRA_ATTRIBUTES
	{
		wire_colour colour 0.682353 0.729412 0.796078
	}
}
JOINT bn_F_tabard_03
{
	id 5
	visible	0
	scale_pivot	0 0 0
	rotate_pivot	0 0 0
	min_bound	0 0 0
	max_bound	0 0 0
	scale	1 1 1
	translate	22.1778 -1.36013e-05 -6.36226e-06
	rotation_orient	0 0 0 1
	rotation	0.00149448 0.0329784 -0.0351625 0.998836
	joint_orient	0 0 0 1
	bind_pose_matrix
		0.995352 -0.0701446 -0.0659851 0
		0.0703417 0.997523 0.000666276 0
		0.0657749 -0.00530468 0.997821 0
		22.1778 -1.36013e-05 -6.36226e-06 1
	rotation_order xyz
	inherits_transform 1
	shearing 0 0 0
	rotate_pivot_translate	0 0 0
	scale_pivot_translate	0 0 0
	translate_limit_x -INF +INF
	translate_limit_y -INF +INF
	translate_limit_z -INF +INF
	rotate_limit_x -INF +INF
	rotate_limit_y -INF +INF
	rotate_limit_z -INF +INF
	scale_limit_x -INF +INF
	scale_limit_y -INF +INF
	scale_limit_z -INF +INF
	parent 8
	child_joints 1
		7 
	INSTANCE_LIST
	{
	}
	segment_scale_compensate 1
	EXTRA_ATTRIBUTES
	{
		wire_colour colour 0.682353 0.729412 0.796078
	}
}
BONE bn_fingers_L_01
{
	id 37
	visible	0
	scale_pivot	0 0 0
	rotate_pivot	0 0 0
	min_bound	0 0 0
	max_bound	0 0 0
	scale	1 1 1
	translate	24.2948 -2.43627 -4.53717
	rotation_orient	0 0 0 1
	rotation	-0.033819 0.513784 0.0610105 0.855079
	joint_orient	0 0 0 1
	bind_pose_matrix
		0.464608 0.0695864 -0.882778 0
		-0.139089 0.990268 0.00485653 0
		0.874525 0.120528 0.469766 0
		24.2948 -2.43627 -4.53717 1
	rotation_order xyz
	inherits_transform 1
	shearing 0 0 0
	rotate_pivot_translate	0 0 0
	scale_pivot_translate	0 0 0
	translate_limit_x -INF +INF
	translate_limit_y -INF +INF
	translate_limit_z -INF +INF
	rotate_limit_x -INF +INF
	rotate_limit_y -INF +INF
	rotate_limit_z -INF +INF
	scale_limit_x -INF +INF
	scale_limit_y -INF +INF
	scale_limit_z -INF +INF
	parent 24
	child_joints 0
	INSTANCE_LIST
	{
	}
	EXTRA_ATTRIBUTES
	{
		wire_colour colour 0.054902 1 0.00784314
	}
}
BONE bn_fingers_R_01
{
	id 35
	visible	0
	scale_pivot	0 0 0
	rotate_pivot	0 0 0
	min_bound	0 0 0
	max_bound	0 0 0
	scale	1 1 1
	translate	25.1662 2.89667 -4.50304
	rotation_orient	0 0 0 1
	rotation	-0.0541641 0.701832 0.142022 0.695937
	joint_orient	0 0 0 1
	bind_pose_matrix
		-0.0254762 0.121648 -0.992246 0
		-0.273704 0.953792 0.123961 0
		0.961476 0.27474 0.00899655 0
		25.1662 2.89667 -4.50304 1
	rotation_order xyz
	inherits_transform 1
	shearing 0 0 0
	rotate_pivot_translate	0 0 0
	scale_pivot_translate	0 0 0
	translate_limit_x -INF +INF
	translate_limit_y -INF +INF
	translate_limit_z -INF +INF
	rotate_limit_x -INF +INF
	rotate_limit_y -INF +INF
	rotate_limit_z -INF +INF
	scale_limit_x -INF +INF
	scale_limit_y -INF +INF
	scale_limit_z -INF +INF
	parent 14
	child_joints 0
	INSTANCE_LIST
	{
	}
	EXTRA_ATTRIBUTES
	{
		wire_colour colour 0.054902 1 0.00784314
	}
}
BONE bn_mouth_01
{
	id 30
	visible	0
	scale_pivot	0 0 0
	rotate_pivot	0 0 0
	min_bound	0 0 0
	max_bound	0 0 0
	scale	1 1 1
	translate	9.78495 -3.17365e-05 3.94772
	rotation_orient	0 0 0 1
	rotation	0.703376 0.703366 0.0725904 0.072589
	joint_orient	0 0 0 1
	bind_pose_matrix
		1.30534e-05 1 3.30061e-06 0
		0.978924 -1.35899e-05 0.20423 0
		0.20423 5.51343e-07 -0.978923 0
		9.78495 -3.17365e-05 3.94772 1
	rotation_order xyz
	inherits_transform 1
	shearing 0 0 0
	rotate_pivot_translate	0 0 0
	scale_pivot_translate	0 0 0
	translate_limit_x -INF +INF
	translate_limit_y -INF +INF
	translate_limit_z -INF +INF
	rotate_limit_x -INF +INF
	rotate_limit_y -INF +INF
	rotate_limit_z -INF +INF
	scale_limit_x -INF +INF
	scale_limit_y -INF +INF
	scale_limit_z -INF +INF
	parent 3
	child_joints 0
	INSTANCE_LIST
	{
	}
	EXTRA_ATTRIBUTES
	{
		wire_colour colour 0 0.988235 0
	}
}
BONE bn_mouth_L_01
{
	id 28
	visible	0
	scale_pivot	0 0 0
	rotate_pivot	0 0 0
	min_bound	0 0 0
	max_bound	0 0 0
	scale	1 1 1
	translate	8.01527 2.79227 3.79134
	rotation_orient	0 0 0 1
	rotation	0.416018 0.849811 -0.0443936 0.320592
	joint_orient	0 0 0 1
	bind_pose_matrix
		-0.448301 0.678609 -0.581823 0
		0.735538 0.649917 0.191292 0
		0.507949 -0.342197 -0.790501 0
		8.01527 2.79227 3.79134 1
	rotation_order xyz
	inherits_transform 1
	shearing 0 0 0
	rotate_pivot_translate	0 0 0
	scale_pivot_translate	0 0 0
	translate_limit_x -INF +INF
	translate_limit_y -INF +INF
	translate_limit_z -INF +INF
	rotate_limit_x -INF +INF
	rotate_limit_y -INF +INF
	rotate_limit_z -INF +INF
	scale_limit_x -INF +INF
	scale_limit_y -INF +INF
	scale_limit_z -INF +INF
	parent 3
	child_joints 0
	INSTANCE_LIST
	{
	}
	EXTRA_ATTRIBUTES
	{
		wire_colour colour 0 0.988235 0
	}
}
BONE bn_mouth_R_01
{
	id 29
	visible	0
	scale_pivot	0 0 0
	rotate_pivot	0 0 0
	min_bound	0 0 0
	max_bound	0 0 0
	scale	1 1 1
	translate	8.00369 -2.80794 3.7769
	rotation_orient	0 0 0 1
	rotation	-0.452459 0.833561 0.0274344 0.31576
	joint_orient	0 0 0 1
	bind_pose_matrix
		-0.391154 -0.736979 -0.551236 0
		-0.77163 0.589057 -0.24 0
		0.501585 0.331473 -0.799087 0
		8.00369 -2.80794 3.7769 1
	rotation_order xyz
	inherits_transform 1
	shearing 0 0 0
	rotate_pivot_translate	0 0 0
	scale_pivot_translate	0 0 0
	translate_limit_x -INF +INF
	translate_limit_y -INF +INF
	translate_limit_z -INF +INF
	rotate_limit_x -INF +INF
	rotate_limit_y -INF +INF
	rotate_limit_z -INF +INF
	scale_limit_x -INF +INF
	scale_limit_y -INF +INF
	scale_limit_z -INF +INF
	parent 3
	child_joints 0
	INSTANCE_LIST
	{
	}
	EXTRA_ATTRIBUTES
	{
		wire_colour colour 0 0.988235 0
	}
}
JOINT bn_shoulderpad_L
{
	id 32
	visible	0
	scale_pivot	0 0 0
	rotate_pivot	0 0 0
	min_bound	0 0 0
	max_bound	0 0 0
	scale	1 1 1
	translate	22.4233 -8.02621e-06 2.55108e-06
	rotation_orient	0 0 0 1
	rotation	0.179581 -0.0488372 -0.127504 0.974222
	joint_orient	0 0 0 1
	bind_pose_matrix
		0.962716 -0.265974 0.049362 0
		0.230893 0.902987 0.362358 0
		-0.140951 -0.33745 0.930731 0
		22.4233 -8.02621e-06 2.55108e-06 1
	rotation_order xyz
	inherits_transform 1
	shearing 0 0 0
	rotate_pivot_translate	0 0 0
	scale_pivot_translate	0 0 0
	translate_limit_x -INF +INF
	translate_limit_y -INF +INF
	translate_limit_z -INF +INF
	rotate_limit_x -INF +INF
	rotate_limit_y -INF +INF
	rotate_limit_z -INF +INF
	scale_limit_x -INF +INF
	scale_limit_y -INF +INF
	scale_limit_z -INF +INF
	parent 26
	child_joints 0
	INSTANCE_LIST
	{
	}
	segment_scale_compensate 1
	EXTRA_ATTRIBUTES
	{
		wire_colour colour 0.643137 0.776471 0.807843
	}
}
JOINT bn_shoulderpad_R
{
	id 31
	visible	0
	scale_pivot	0 0 0
	rotate_pivot	0 0 0
	min_bound	0 0 0
	max_bound	0 0 0
	scale	1 1 1
	translate	19.0426 10.3585 -1.95627
	rotation_orient	0 0 0 1
	rotation	0.0373518 0.254481 0.127229 0.957944
	joint_orient	0 0 0 1
	bind_pose_matrix
		0.838104 0.262766 -0.478053 0
		-0.224745 0.964835 0.136316 0
		0.497062 -0.00680732 0.867688 0
		19.0426 10.3585 -1.95627 1
	rotation_order xyz
	inherits_transform 1
	shearing 0 0 0
	rotate_pivot_translate	0 0 0
	scale_pivot_translate	0 0 0
	translate_limit_x -INF +INF
	translate_limit_y -INF +INF
	translate_limit_z -INF +INF
	rotate_limit_x -INF +INF
	rotate_limit_y -INF +INF
	rotate_limit_z -INF +INF
	scale_limit_x -INF +INF
	scale_limit_y -INF +INF
	scale_limit_z -INF +INF
	parent 25
	child_joints 0
	INSTANCE_LIST
	{
	}
	segment_scale_compensate 1
	EXTRA_ATTRIBUTES
	{
		wire_colour colour 0.643137 0.776471 0.807843
	}
}
BONE bn_thumb_L_01
{
	id 33
	visible	0
	scale_pivot	0 0 0
	rotate_pivot	0 0 0
	min_bound	0 0 0
	max_bound	0 0 0
	scale	1 1 1
	translate	3.80866 -10.8076 -8.92636
	rotation_orient	0 0 0 1
	rotation	0.631191 0.269992 -0.297763 0.663355
	joint_orient	0 0 0 1
	bind_pose_matrix
		0.676884 -0.0542123 -0.734091 0
		0.735878 0.0258712 0.676621 0
		-0.0176894 -0.998195 0.0574054 0
		3.80866 -10.8076 -8.92636 1
	rotation_order xyz
	inherits_transform 1
	shearing 0 0 0
	rotate_pivot_translate	0 0 0
	scale_pivot_translate	0 0 0
	translate_limit_x -INF +INF
	translate_limit_y -INF +INF
	translate_limit_z -INF +INF
	rotate_limit_x -INF +INF
	rotate_limit_y -INF +INF
	rotate_limit_z -INF +INF
	scale_limit_x -INF +INF
	scale_limit_y -INF +INF
	scale_limit_z -INF +INF
	parent 24
	child_joints 0
	INSTANCE_LIST
	{
	}
	EXTRA_ATTRIBUTES
	{
		wire_colour colour 0.054902 1 0.00784314
	}
}
BONE bn_thumb_R_01
{
	id 34
	visible	0
	scale_pivot	0 0 0
	rotate_pivot	0 0 0
	min_bound	0 0 0
	max_bound	0 0 0
	scale	1 1 1
	translate	3.80857 10.8074 -8.92632
	rotation_orient	0 0 0 1
	rotation	-0.640342 0.334891 0.256351 0.641945
	joint_orient	0 0 0 1
	bind_pose_matrix
		0.644264 -0.0997635 -0.758269 0
		-0.758017 0.0484912 -0.65043 0
		0.101659 0.993829 -0.0443814 0
		3.80857 10.8074 -8.92632 1
	rotation_order xyz
	inherits_transform 1
	shearing 0 0 0
	rotate_pivot_translate	0 0 0
	scale_pivot_translate	0 0 0
	translate_limit_x -INF +INF
	translate_limit_y -INF +INF
	translate_limit_z -INF +INF
	rotate_limit_x -INF +INF
	rotate_limit_y -INF +INF
	rotate_limit_z -INF +INF
	scale_limit_x -INF +INF
	scale_limit_y -INF +INF
	scale_limit_z -INF +INF
	parent 14
	child_joints 0
	INSTANCE_LIST
	{
	}
	EXTRA_ATTRIBUTES
	{
		wire_colour colour 0.054902 1 0.00784314
	}
}
BONE bn_weapon_01
{
	id 36
	visible	0
	scale_pivot	0 0 0
	rotate_pivot	0 0 0
	min_bound	0 0 0
	max_bound	0 0 0
	scale	1 1 1
	translate	19.9492 -11.104 -8.98744
	rotation_orient	0 0 0 1
	rotation	-0.0935285 -0.156995 0.781704 0.596276
	joint_orient	0 0 0 1
	bind_pose_matrix
		-0.271416 0.961588 0.0410016 0
		-0.902854 -0.239616 -0.356985 0
		-0.333448 -0.13391 0.93321 0
		19.9492 -11.104 -8.98744 1
	rotation_order xyz
	inherits_transform 1
	shearing 0 0 0
	rotate_pivot_translate	0 0 0
	scale_pivot_translate	0 0 0
	translate_limit_x -INF +INF
	translate_limit_y -INF +INF
	translate_limit_z -INF +INF
	rotate_limit_x -INF +INF
	rotate_limit_y -INF +INF
	rotate_limit_z -INF +INF
	scale_limit_x -INF +INF
	scale_limit_y -INF +INF
	scale_limit_z -INF +INF
	parent 14
	child_joints 0
	INSTANCE_LIST
	{
	}
	EXTRA_ATTRIBUTES
	{
		wire_colour colour 0.054902 1 0.00784314
	}
}
JOINT root_displacement
{
	id 38
	visible	0
	scale_pivot	0 0 0
	rotate_pivot	0 0 0
	min_bound	0 0 0
	max_bound	0 0 0
	scale	1 1 1
	translate	0 0 -0
	rotation_orient	0 0 0 1
	rotation	0 0 0 1
	joint_orient	0 0 0 1
	bind_pose_matrix
		1 0 0 0
		0 1 0 0
		0 0 1 0
		0 0 -0 1
	rotation_order xyz
	inherits_transform 1
	shearing 0 0 0
	rotate_pivot_translate	0 0 0
	scale_pivot_translate	0 0 0
	translate_limit_x -INF +INF
	translate_limit_y -INF +INF
	translate_limit_z -INF +INF
	rotate_limit_x -INF +INF
	rotate_limit_y -INF +INF
	rotate_limit_z -INF +INF
	scale_limit_x -INF +INF
	scale_limit_y -INF +INF
	scale_limit_z -INF +INF
	parent 0
	child_joints 0
	INSTANCE_LIST
	{
	}
	segment_scale_compensate 1
	EXTRA_ATTRIBUTES
	{
		wire_colour colour 0 0.87451 0.145098
	}
}
ANIMATION_TAKE victory_begin_01
{
	id 39
	start_time 0
	end_time 80
	fps 30
	current_time 0
	num_animated_nodes 38
	num_event_tracks 0
	ANIM_NODE 4
	{
		num_animated_attrs 3
		num_animated_attrs_user 0
		ATTR rotation
		{
			num_streams 1
			elements_per_sample 4
			POSE_KEY
			{
				9.99279e-09 0.314404 8.72652e-07 0.949289 
			}
		}
		ATTR scale
		{
			num_streams 1
			elements_per_sample 3
			POSE_KEY
			{
				1 1 1 
			}
		}
		ATTR translate
		{
			num_streams 1
			elements_per_sample 3
			POSE_KEY
			{
				32.8698 -2.87205e-06 9.33883 
			}
		}
	}
	ANIM_NODE 38
	{
		num_animated_attrs 3
		num_animated_attrs_user 0
		ATTR rotation
		{
			num_streams 1
			elements_per_sample 4
			POSE_KEY
			{
				0 0 0 1 
			}
		}
		ATTR scale
		{
			num_streams 1
			elements_per_sample 3
			POSE_KEY
			{
				1 1 1 
			}
		}
		ATTR translate
		{
			num_streams 1
			elements_per_sample 3
			POSE_KEY
			{
				0 0 -0 
			}
		}
	}
	ANIM_NODE 1
	{
		num_animated_attrs 3
		num_animated_attrs_user 0
		ATTR rotation
		{
			num_streams 1
			elements_per_sample 4
			SAMPLED_KEYS
			{

				-0.134649 -0.35248 0.0460067 0.924938 
				-0.110278 -0.488529 0.0377912 0.864725 
				-0.0826432 -0.622428 0.0288053 0.777769 
				-0.0545339 -0.72437 0.0189402 0.68699 
				-0.0302348 -0.777593 0.00871317 0.627981 
				-0.0119508 -0.783346 -0.000415174 0.62147 
				0.00196927 -0.756372 -0.00882446 0.65408 
				0.0129478 -0.703719 -0.0185988 0.710117 
				0.0225602 -0.632779 -0.0318318 0.773349 
				0.028041 -0.483543 -0.0711918 0.87197 
				0.0249473 -0.292729 -0.0819071 0.952354 
				0.0100457 -0.150786 0.0248485 0.988203 
				-0.00226498 -0.0701325 0.116576 0.9907 
				-0.00291257 -0.0518662 0.119308 0.991497 
				-0.00264565 -0.0411523 0.112309 0.992817 
				-0.00153904 -0.0369411 0.0980663 0.994493 
				0.000332892 -0.038151 0.0790357 0.996141 
				0.00289461 -0.0436848 0.0576724 0.997375 
				0.0060688 -0.0524383 0.036446 0.99794 
				0.00977692 -0.0633057 0.01784 0.997787 
				0.0139397 -0.0751807 0.00434021 0.997063 
				0.0181605 -0.0863731 -0.0042766 0.996088 
				0.0223438 -0.0972106 -0.0104627 0.994958 
				0.0268603 -0.109608 -0.0150819 0.993497 
				0.0320784 -0.125466 -0.0189998 0.991397 
				0.0383606 -0.146659 -0.0230815 0.988174 
				0.0460578 -0.175013 -0.0281862 0.983084 
				0.0554974 -0.212264 -0.0351591 0.975002 
				0.0669606 -0.259971 -0.0448143 0.962249 
				0.0938746 -0.3519 -0.0666792 0.928928 
				0.129131 -0.489781 -0.0960463 0.856863 
				0.143925 -0.628926 -0.113404 0.755564 
				0.109249 -0.775969 -0.104627 0.612364 
				-0.0502442 0.885271 0.0736866 -0.456443 
				0.00679775 0.938333 0.0191575 -0.345134 
				0.0459918 0.948005 -0.0222735 -0.314125 
				0.0563264 0.926949 -0.0278712 -0.369887 
				0.0610384 0.892303 -0.0272633 -0.44646 
				-0.0611876 -0.844583 0.0219479 0.531464 
				-0.0582531 -0.787432 0.0137514 0.613488 
				-0.0541268 -0.728133 0.00475517 0.683279 
				-0.0510237 -0.676853 -0.00281644 0.734342 
				-0.0480353 -0.636065 -0.0091383 0.770084 
				-0.043407 -0.600837 -0.015953 0.798033 
				-0.0382188 -0.571236 -0.023349 0.819563 
				-0.033532 -0.547056 -0.0314118 0.835834 
				-0.0303931 -0.527891 -0.0402162 0.847815 
				-0.029836 -0.513188 -0.0498202 0.856309 
				-0.0332414 -0.505553 -0.0616841 0.859945 
				-0.0400708 -0.506178 -0.0760576 0.858133 
				-0.0484665 -0.512224 -0.091171 0.852623 
				-0.056575 -0.520875 -0.105267 0.845226 
				-0.0625561 -0.529433 -0.116612 0.837967 
				-0.0645871 -0.535321 -0.123508 0.83307 
				-0.063229 -0.538748 -0.126456 0.830519 
				-0.0602768 -0.541827 -0.127194 0.82862 
				-0.0557666 -0.544874 -0.125888 0.827137 
				-0.0497333 -0.54819 -0.122699 0.825808 
				-0.0422107 -0.552064 -0.117788 0.82436 
				-0.0332323 -0.556777 -0.111312 0.822499 
				-0.0228324 -0.562596 -0.103429 0.819919 
				-6.08127e-05 -0.572001 -0.0888149 0.81543 
				0.0306817 -0.584647 -0.0652763 0.808075 
				0.0463461 -0.597671 -0.0378955 0.799503 
				0.0160766 -0.614972 0.00276886 0.78838 
				-0.0204732 -0.625446 0.0340454 0.779255 
				-0.0297504 -0.624459 0.038743 0.779529 
				-0.034595 -0.620589 0.0371488 0.782491 
				-0.0365126 -0.61546 0.0321903 0.786664 
				-0.0370108 -0.610683 0.026795 0.790556 
				-0.037601 -0.607923 0.0238934 0.792745 
				-0.0385251 -0.606961 0.0233445 0.793454 
				-0.0390612 -0.606403 0.023026 0.793864 
				-0.039278 -0.606177 0.0228972 0.794029 
				-0.0392437 -0.606212 0.0229176 0.794003 
