|XMD_005A#0MAX#0005.0.4|
JOINT Bip001
{
	id 1
	visible	1
	scale_pivot	0 0 0
	rotate_pivot	0 0 0
	min_bound	0 0 0
	max_bound	0 0 0
	scale	1 1 1
	translate	-2.00021 112.725 -4.15772
	rotation_orient	0 0 0 1
	rotation	-0.0146824 -0.604679 -0.0255728 0.795923
	joint_orient	0 0 0 1
	bind_pose_matrix
		0.267419 -0.0229517 0.963307 0
		0.0584641 0.998261 0.00755454 0
		-0.961805 0.0542987 0.268295 0
		-2.00021 112.725 -4.15772 1
	rotation_order xyz
	inherits_transform 1
	shearing 0 0 0
	rotate_pivot_translate	0 0 0
	scale_pivot_translate	0 0 0
	translate_limit_x -INF +INF
	translate_limit_y -INF +INF
	translate_limit_z -INF +INF
	rotate_limit_x -INF +INF
	rotate_limit_y -INF +INF
	rotate_limit_z -INF +INF
	scale_limit_x -INF +INF
	scale_limit_y -INF +INF
	scale_limit_z -INF +INF
	parent 0
	child_joints 1
		9 
	INSTANCE_LIST
	{
	}
	segment_scale_compensate 1
	EXTRA_ATTRIBUTES
	{
		wire_colour colour 0.65098 0.792157 0.941176
	}
}
JOINT Bip001_Head
{
	id 2
	visible	1
	scale_pivot	0 0 0
	rotate_pivot	0 0 0
	min_bound	0 0 0
	max_bound	0 0 0
	scale	1 1 1
	translate	11.5934 -6.69262e-07 3.52242e-06
	rotation_orient	0 0 0 1
	rotation	-0.0781711 -0.23109 -0.0391955 0.968995
	joint_orient	0 0 0 1
	bind_pose_matrix
		0.890122 -0.0398313 0.453978 0
		0.11209 0.984706 -0.133379 0
		-0.441722 0.16961 0.880973 0
		11.5934 -6.69262e-07 3.52242e-06 1
	rotation_order xyz
	inherits_transform 1
	shearing 0 0 0
	rotate_pivot_translate	0 0 0
	scale_pivot_translate	0 0 0
	translate_limit_x -INF +INF
	translate_limit_y -INF +INF
	translate_limit_z -INF +INF
	rotate_limit_x -INF +INF
	rotate_limit_y -INF +INF
	rotate_limit_z -INF +INF
	scale_limit_x -INF +INF
	scale_limit_y -INF +INF
	scale_limit_z -INF +INF
	parent 4
	child_joints 1
		3 
	INSTANCE_LIST
	{
	}
	segment_scale_compensate 1
	EXTRA_ATTRIBUTES
	{
		original_name string "Bip001 Head"
		wire_colour colour 0.65098 0.792157 0.941176
	}
}
JOINT Bip001_Jaw
{
	id 3
	visible	1
	scale_pivot	0 0 0
	rotate_pivot	0 0 0
	min_bound	0 0 0
	max_bound	0 0 0
	scale	1 1 1
	translate	3.87303 -3.56971e-05 -2.50608
	rotation_orient	0 0 0 1
	rotation	-6.74864e-09 0.793596 2.20166e-06 0.608445
	joint_orient	0 0 0 1
	bind_pose_matrix
		-0.259589 2.66847e-06 -0.965719 0
		-2.68989e-06 1 3.48625e-06 0
		0.965719 3.50267e-06 -0.259589 0
		3.87303 -3.56971e-05 -2.50608 1
	rotation_order xyz
	inherits_transform 1
	shearing 0 0 0
	rotate_pivot_translate	0 0 0
	scale_pivot_translate	0 0 0
	translate_limit_x -INF +INF
	translate_limit_y -INF +INF
	translate_limit_z -INF +INF
	rotate_limit_x -INF +INF
	rotate_limit_y -INF +INF
	rotate_limit_z -INF +INF
	scale_limit_x -INF +INF
	scale_limit_y -INF +INF
	scale_limit_z -INF +INF
	parent 2
	child_joints 3
		28 29 30 
	INSTANCE_LIST
	{
	}
	segment_scale_compensate 1
	EXTRA_ATTRIBUTES
	{
		original_name string "Bip001 Jaw"
		wire_colour colour 0.988235 0 0
	}
}
JOINT Bip001_L_Calf
{
	id 17
	visible	1
	scale_pivot	0 0 0
	rotate_pivot	0 0 0
	min_bound	0 0 0
	max_bound	0 0 0
	scale	1 1 1
	translate	42.8806 -1.09692e-06 -3.09723e-06
	rotation_orient	0 0 0 1
	rotation	-1.29464e-08 -0.346568 2.74779e-08 0.938025
	joint_orient	0 0 0 1
	bind_pose_matrix
		0.759781 6.05236e-08 0.650179 0
		-4.25763e-08 1 -4.3334e-08 0
		-0.650179 5.24213e-09 0.759781 0
		42.8806 -1.09692e-06 -3.09723e-06 1
	rotation_order xyz
	inherits_transform 1
	shearing 0 0 0
	rotate_pivot_translate	0 0 0
	scale_pivot_translate	0 0 0
	translate_limit_x -INF +INF
	translate_limit_y -INF +INF
	translate_limit_z -INF +INF
	rotate_limit_x -INF +INF
	rotate_limit_y -INF +INF
	rotate_limit_z -INF +INF
	scale_limit_x -INF +INF
	scale_limit_y -INF +INF
	scale_limit_z -INF +INF
	parent 18
	child_joints 1
		21 
	INSTANCE_LIST
	{
	}
	segment_scale_compensate 1
	EXTRA_ATTRIBUTES
	{
		original_name string "Bip001 L Calf"
		wire_colour colour 0.109804 0.109804 0.694118
	}
}
JOINT Bip001_L_Clavicle
{
	id 26
	visible	1
	scale_pivot	0 0 0
	rotate_pivot	0 0 0
	min_bound	0 0 0
	max_bound	0 0 0
	scale	1 1 1
	translate	23.2608 5.60499 11.8075
	rotation_orient	0 0 0 1
	rotation	0.693926 0.720046 0.000276807 0.000286178
	joint_orient	0 0 0 1
	bind_pose_matrix
		-0.0369323 0.999318 -2.79553e-05 0
		0.999317 0.0369325 0.0007958 0
		0.000796289 1.45467e-06 -1 0
		23.2608 5.60499 11.8075 1
	rotation_order xyz
	inherits_transform 1
	shearing 0 0 0
	rotate_pivot_translate	0 0 0
	scale_pivot_translate	0 0 0
	translate_limit_x -INF +INF
	translate_limit_y -INF +INF
	translate_limit_z -INF +INF
	rotate_limit_x -INF +INF
	rotate_limit_y -INF +INF
	rotate_limit_z -INF +INF
	scale_limit_x -INF +INF
	scale_limit_y -INF +INF
	scale_limit_z -INF +INF
	parent 11
	child_joints 2
		23 32 
	INSTANCE_LIST
	{
	}
	segment_scale_compensate 1
	EXTRA_ATTRIBUTES
	{
		original_name string "Bip001 L Clavicle"
		wire_colour colour 0.109804 0.109804 0.694118
	}
}
JOINT Bip001_L_Foot
{
	id 21
	visible	1
	scale_pivot	0 0 0
	rotate_pivot	0 0 0
	min_bound	0 0 0
	max_bound	0 0 0
	scale	1 1 1
	translate	55.3239 1.45764e-06 2.8207e-07
	rotation_orient	0 0 0 1
	rotation	-0.0363357 0.106741 0.0502136 0.992353
	joint_orient	0 0 0 1
	bind_pose_matrix
		0.97217 0.0919021 -0.215499 0
		-0.107416 0.992317 -0.0613959 0
		0.208201 0.0828353 0.974572 0
		55.3239 1.45764e-06 2.8207e-07 1
	rotation_order xyz
	inherits_transform 1
	shearing 0 0 0
	rotate_pivot_translate	0 0 0
	scale_pivot_translate	0 0 0
	translate_limit_x -INF +INF
	translate_limit_y -INF +INF
	translate_limit_z -INF +INF
	rotate_limit_x -INF +INF
	rotate_limit_y -INF +INF
	rotate_limit_z -INF +INF
	scale_limit_x -INF +INF
	scale_limit_y -INF +INF
	scale_limit_z -INF +INF
	parent 17
	child_joints 1
		19 
	INSTANCE_LIST
	{
	}
	segment_scale_compensate 1
	EXTRA_ATTRIBUTES
	{
		original_name string "Bip001 L Foot"
		wire_colour colour 0.109804 0.109804 0.694118
	}
}
JOINT Bip001_L_Forearm
{
	id 27
	visible	1
	scale_pivot	0 0 0
	rotate_pivot	0 0 0
	min_bound	0 0 0
	max_bound	0 0 0
	scale	1 1 1
	translate	50.8825 2.43637e-06 7.97703e-07
	rotation_orient	0 0 0 1
	rotation	-3.288e-09 -0.102477 3.68659e-08 0.994735
	joint_orient	0 0 0 1
	bind_pose_matrix
		0.978997 7.40176e-08 0.203875 0
		-7.26698e-08 1 -1.40972e-08 0
		-0.203875 -1.01445e-09 0.978997 0
		50.8825 2.43637e-06 7.97703e-07 1
	rotation_order xyz
	inherits_transform 1
	shearing 0 0 0
	rotate_pivot_translate	0 0 0
	scale_pivot_translate	0 0 0
	translate_limit_x -INF +INF
	translate_limit_y -INF +INF
	translate_limit_z -INF +INF
	rotate_limit_x -INF +INF
	rotate_limit_y -INF +INF
	rotate_limit_z -INF +INF
	scale_limit_x -INF +INF
	scale_limit_y -INF +INF
	scale_limit_z -INF +INF
	parent 23
	child_joints 1
		24 
	INSTANCE_LIST
	{
	}
	segment_scale_compensate 1
	EXTRA_ATTRIBUTES
	{
		original_name string "Bip001 L Forearm"
		wire_colour colour 0.109804 0.109804 0.694118
	}
}
JOINT Bip001_L_Hand
{
	id 24
	visible	1
	scale_pivot	0 0 0
	rotate_pivot	0 0 0
	min_bound	0 0 0
	max_bound	0 0 0
	scale	1 1 1
	translate	42.1284 -2.47681e-06 -1.96884e-07
	rotation_orient	0 0 0 1
	rotation	-0.477473 0.086827 -0.114099 0.866869
	joint_orient	0 0 0 1
	bind_pose_matrix
		0.958885 -0.280732 -0.0415771 0
		0.114902 0.518002 -0.847627 0
		0.259493 0.808 0.528961 0
		42.1284 -2.47681e-06 -1.96884e-07 1
	rotation_order xyz
	inherits_transform 1
	shearing 0 0 0
	rotate_pivot_translate	0 0 0
	scale_pivot_translate	0 0 0
	translate_limit_x -INF +INF
	translate_limit_y -INF +INF
	translate_limit_z -INF +INF
	rotate_limit_x -INF +INF
	rotate_limit_y -INF +INF
	rotate_limit_z -INF +INF
	scale_limit_x -INF +INF
	scale_limit_y -INF +INF
	scale_limit_z -INF +INF
	parent 27
	child_joints 2
		33 37 
	INSTANCE_LIST
	{
	}
	segment_scale_compensate 1
	EXTRA_ATTRIBUTES
	{
		original_name string "Bip001 L Hand"
		wire_colour colour 0.109804 0.109804 0.694118
	}
}
JOINT Bip001_L_Thigh
{
	id 18
	visible	1
	scale_pivot	0 0 0
	rotate_pivot	0 0 0
	min_bound	0 0 0
	max_bound	0 0 0
	scale	1 1 1
	translate	-2.04868e-05 16.5157 -2.67129e-05
	rotation_orient	0 0 0 1
	rotation	0.256606 0.128412 -0.949368 -0.127921
	joint_orient	0 0 0 1
	bind_pose_matrix
		-0.83558 0.30879 -0.454373 0
		-0.176985 -0.934294 -0.30947 0
		-0.520079 -0.17817 0.835328 0
		-2.04868e-05 16.5157 -2.67129e-05 1
	rotation_order xyz
	inherits_transform 1
	shearing 0 0 0
	rotate_pivot_translate	0 0 0
	scale_pivot_translate	0 0 0
	translate_limit_x -INF +INF
	translate_limit_y -INF +INF
	translate_limit_z -INF +INF
	rotate_limit_x -INF +INF
	rotate_limit_y -INF +INF
	rotate_limit_z -INF +INF
	scale_limit_x -INF +INF
	scale_limit_y -INF +INF
	scale_limit_z -INF +INF
	parent 9
	child_joints 1
		17 
	INSTANCE_LIST
	{
	}
	segment_scale_compensate 1
	EXTRA_ATTRIBUTES
	{
		original_name string "Bip001 L Thigh"
		wire_colour colour 0.109804 0.109804 0.694118
	}
}
JOINT Bip001_L_Toe0
{
	id 19
	visible	1
	scale_pivot	0 0 0
	rotate_pivot	0 0 0
	min_bound	0 0 0
	max_bound	0 0 0
	scale	1 1 1
	translate	18.3219 7.39276e-07 -21.8944
	rotation_orient	0 0 0 1
	rotation	9.85936e-06 0.707218 6.9885e-05 0.706995
	joint_orient	0 0 0 1
	bind_pose_matrix
		-0.000315785 0.000112762 -1 0
		-8.48712e-05 1 0.000112789 0
		1 8.49068e-05 -0.000315785 0
		18.3219 7.39276e-07 -21.8944 1
	rotation_order xyz
	inherits_transform 1
	shearing 0 0 0
	rotate_pivot_translate	0 0 0
	scale_pivot_translate	0 0 0
	translate_limit_x -INF +INF
	translate_limit_y -INF +INF
	translate_limit_z -INF +INF
	rotate_limit_x -INF +INF
	rotate_limit_y -INF +INF
	rotate_limit_z -INF +INF
	scale_limit_x -INF +INF
	scale_limit_y -INF +INF
	scale_limit_z -INF +INF
	parent 21
	child_joints 0
	INSTANCE_LIST
	{
	}
	segment_scale_compensate 1
	EXTRA_ATTRIBUTES
	{
		original_name string "Bip001 L Toe0"
		wire_colour colour 0.423529 0.0313726 0.533333
	}
}
JOINT Bip001_L_UpperArm
{
	id 23
	visible	1
	scale_pivot	0 0 0
	rotate_pivot	0 0 0
	min_bound	0 0 0
	max_bound	0 0 0
	scale	1 1 1
	translate	22.4233 6.20533e-06 -2.56685e-06
	rotation_orient	0 0 0 1
	rotation	-0.0170525 -0.0494036 -0.481958 0.874634
	joint_orient	0 0 0 1
	bind_pose_matrix
		0.530552 -0.841389 0.102857 0
		0.844759 0.534851 0.0177916 0
		-0.0699831 0.0774503 0.994537 0
		22.4233 6.20533e-06 -2.56685e-06 1
	rotation_order xyz
	inherits_transform 1
	shearing 0 0 0
	rotate_pivot_translate	0 0 0
	scale_pivot_translate	0 0 0
	translate_limit_x -INF +INF
	translate_limit_y -INF +INF
	translate_limit_z -INF +INF
	rotate_limit_x -INF +INF
	rotate_limit_y -INF +INF
	rotate_limit_z -INF +INF
	scale_limit_x -INF +INF
	scale_limit_y -INF +INF
	scale_limit_z -INF +INF
	parent 26
	child_joints 1
		27 
	INSTANCE_LIST
	{
	}
	segment_scale_compensate 1
	EXTRA_ATTRIBUTES
	{
		original_name string "Bip001 L UpperArm"
		wire_colour colour 0.109804 0.109804 0.694118
	}
}
JOINT Bip001_Neck
{
	id 4
	visible	1
	scale_pivot	0 0 0
	rotate_pivot	0 0 0
	min_bound	0 0 0
	max_bound	0 0 0
	scale	1 1 1
	translate	32.8683 7.68658e-05 9.33975
	rotation_orient	0 0 0 1
	rotation	-0.00407343 0.220696 0.000918929 0.975334
	joint_orient	0 0 0 1
	bind_pose_matrix
		0.902585 -5.44952e-06 -0.430511 0
		-0.0035905 0.999965 -0.0075403 0
		0.430496 0.00835151 0.902554 0
		32.8683 7.68658e-05 9.33975 1
	rotation_order xyz
	inherits_transform 1
	shearing 0 0 0
	rotate_pivot_translate	0 0 0
	scale_pivot_translate	0 0 0
	translate_limit_x -INF +INF
	translate_limit_y -INF +INF
	translate_limit_z -INF +INF
	rotate_limit_x -INF +INF
	rotate_limit_y -INF +INF
	rotate_limit_z -INF +INF
	scale_limit_x -INF +INF
	scale_limit_y -INF +INF
	scale_limit_z -INF +INF
	parent 11
	child_joints 1
		2 
	INSTANCE_LIST
	{
	}
	segment_scale_compensate 1
	EXTRA_ATTRIBUTES
	{
		original_name string "Bip001 Neck"
		wire_colour colour 0.0313726 0.431373 0.52549
	}
}
JOINT Bip001_Pelvis
{
	id 9
	visible	1
	scale_pivot	0 0 0
	rotate_pivot	0 0 0
	min_bound	0 0 0
	max_bound	0 0 0
	scale	1 1 1
	translate	0 0 -0
	rotation_orient	0 0 0 1
	rotation	-0.445009 -0.421456 0.569656 0.547571
	joint_orient	0 0 0 1
	bind_pose_matrix
		-0.00426579 0.998958 -0.04545 0
		-0.248751 -0.0450819 -0.967518 0
		-0.968558 0.00717863 0.248684 0
		0 0 -0 1
	rotation_order xyz
	inherits_transform 1
	shearing 0 0 0
	rotate_pivot_translate	0 0 0
	scale_pivot_translate	0 0 0
	translate_limit_x -INF +INF
	translate_limit_y -INF +INF
	translate_limit_z -INF +INF
	rotate_limit_x -INF +INF
	rotate_limit_y -INF +INF
	rotate_limit_z -INF +INF
	scale_limit_x -INF +INF
	scale_limit_y -INF +INF
	scale_limit_z -INF +INF
	parent 1
	child_joints 4
		6 10 16 18 
	INSTANCE_LIST
	{
	}
	segment_scale_compensate 1
	EXTRA_ATTRIBUTES
	{
		original_name string "Bip001 Pelvis"
		wire_colour colour 0.878431 0.776471 0.341176
	}
}
JOINT Bip001_R_Calf
{
	id 20
	visible	1
	scale_pivot	0 0 0
	rotate_pivot	0 0 0
	min_bound	0 0 0
	max_bound	0 0 0
	scale	1 1 1
	translate	42.8806 3.39448e-07 -8.78972e-07
	rotation_orient	0 0 0 1
	rotation	1.42672e-08 -0.262336 3.44234e-09 0.964977
	joint_orient	0 0 0 1
	bind_pose_matrix
		0.862359 -8.42054e-10 0.506297 0
		-1.41292e-08 1 2.5729e-08 0
		-0.506296 -2.93412e-08 0.862359 0
		42.8806 3.39448e-07 -8.78972e-07 1
	rotation_order xyz
	inherits_transform 1
	shearing 0 0 0
	rotate_pivot_translate	0 0 0
	scale_pivot_translate	0 0 0
	translate_limit_x -INF +INF
	translate_limit_y -INF +INF
	translate_limit_z -INF +INF
	rotate_limit_x -INF +INF
	rotate_limit_y -INF +INF
	rotate_limit_z -INF +INF
	scale_limit_x -INF +INF
	scale_limit_y -INF +INF
	scale_limit_z -INF +INF
	parent 16
	child_joints 1
		13 
	INSTANCE_LIST
	{
	}
	segment_scale_compensate 1
	EXTRA_ATTRIBUTES
	{
		original_name string "Bip001 R Calf"
		wire_colour colour 0.0235294 0.52549 0.0235294
	}
}
JOINT Bip001_R_Clavicle
{
	id 25
	visible	1
	scale_pivot	0 0 0
	rotate_pivot	0 0 0
	min_bound	0 0 0
	max_bound	0 0 0
	scale	1 1 1
	translate	23.2608 -5.60505 11.8074
	rotation_orient	0 0 0 1
	rotation	-0.693926 0.720046 -0.000274819 0.000288085
	joint_orient	0 0 0 1
	bind_pose_matrix
		-0.0369323 -0.999318 -3.34611e-05 0
		-0.999317 0.0369325 -0.000795584 0
		0.000796277 4.05542e-06 -1 0
		23.2608 -5.60505 11.8074 1
	rotation_order xyz
	inherits_transform 1
	shearing 0 0 0
	rotate_pivot_translate	0 0 0
	scale_pivot_translate	0 0 0
	translate_limit_x -INF +INF
	translate_limit_y -INF +INF
	translate_limit_z -INF +INF
	rotate_limit_x -INF +INF
	rotate_limit_y -INF +INF
	rotate_limit_z -INF +INF
	scale_limit_x -INF +INF
	scale_limit_y -INF +INF
	scale_limit_z -INF +INF
	parent 11
	child_joints 2
		15 31 
	INSTANCE_LIST
	{
	}
	segment_scale_compensate 1
	EXTRA_ATTRIBUTES
	{
		original_name string "Bip001 R Clavicle"
		wire_colour colour 0.0235294 0.52549 0.0235294
	}
}
JOINT Bip001_R_Foot
{
	id 13
	visible	1
	scale_pivot	0 0 0
	rotate_pivot	0 0 0
	min_bound	0 0 0
	max_bound	0 0 0
	scale	1 1 1
	translate	55.3239 -6.8449e-07 -8.57197e-07
	rotation_orient	0 0 0 1
	rotation	0.0724577 0.11034 -0.05897 0.989494
	joint_orient	0 0 0 1
	bind_pose_matrix
		0.968695 -0.100711 -0.226907 0
		0.132691 0.982545 0.130379 0
		0.209816 -0.156406 0.96515 0
		55.3239 -6.8449e-07 -8.57197e-07 1
	rotation_order xyz
	inherits_transform 1
	shearing 0 0 0
	rotate_pivot_translate	0 0 0
	scale_pivot_translate	0 0 0
	translate_limit_x -INF +INF
	translate_limit_y -INF +INF
	translate_limit_z -INF +INF
	rotate_limit_x -INF +INF
	rotate_limit_y -INF +INF
	rotate_limit_z -INF +INF
	scale_limit_x -INF +INF
	scale_limit_y -INF +INF
	scale_limit_z -INF +INF
	parent 20
	child_joints 1
		12 
	INSTANCE_LIST
	{
	}
	segment_scale_compensate 1
	EXTRA_ATTRIBUTES
	{
		original_name string "Bip001 R Foot"
		wire_colour colour 0.0235294 0.52549 0.0235294
	}
}
JOINT Bip001_R_Forearm
{
	id 22
	visible	1
	scale_pivot	0 0 0
	rotate_pivot	0 0 0
	min_bound	0 0 0
	max_bound	0 0 0
	scale	1 1 1
	translate	50.8825 -5.77129e-06 -1.87671e-06
	rotation_orient	0 0 0 1
	rotation	1.61196e-08 -0.122388 -4.32318e-08 0.992482
	joint_orient	0 0 0 1
	bind_pose_matrix
		0.970042 -8.97593e-08 0.242936 0
		8.18679e-08 1 4.25789e-08 0
		-0.242936 -2.14146e-08 0.970042 0
		50.8825 -5.77129e-06 -1.87671e-06 1
	rotation_order xyz
	inherits_transform 1
	shearing 0 0 0
	rotate_pivot_translate	0 0 0
	scale_pivot_translate	0 0 0
	translate_limit_x -INF +INF
	translate_limit_y -INF +INF
	translate_limit_z -INF +INF
	rotate_limit_x -INF +INF
	rotate_limit_y -INF +INF
	rotate_limit_z -INF +INF
	scale_limit_x -INF +INF
	scale_limit_y -INF +INF
	scale_limit_z -INF +INF
	parent 15
	child_joints 1
		14 
	INSTANCE_LIST
	{
	}
	segment_scale_compensate 1
	EXTRA_ATTRIBUTES
	{
		original_name string "Bip001 R Forearm"
		wire_colour colour 0.0235294 0.52549 0.0235294
	}
}
JOINT Bip001_R_Hand
{
	id 14
	visible	1
	scale_pivot	0 0 0
	rotate_pivot	0 0 0
	min_bound	0 0 0
	max_bound	0 0 0
	scale	1 1 1
	translate	42.1285 4.22677e-06 -4.67733e-06
	rotation_orient	0 0 0 1
	rotation	0.504633 0.145895 -0.252554 0.812574
	joint_orient	0 0 0 1
	bind_pose_matrix
		0.829863 -0.26319 -0.491995 0
		0.557684 0.363124 0.746411 0
		-0.0177925 -0.893797 0.448119 0
		42.1285 4.22677e-06 -4.67733e-06 1
	rotation_order xyz
	inherits_transform 1
	shearing 0 0 0
	rotate_pivot_translate	0 0 0
	scale_pivot_translate	0 0 0
	translate_limit_x -INF +INF
	translate_limit_y -INF +INF
	translate_limit_z -INF +INF
	rotate_limit_x -INF +INF
	rotate_limit_y -INF +INF
	rotate_limit_z -INF +INF
	scale_limit_x -INF +INF
	scale_limit_y -INF +INF
	scale_limit_z -INF +INF
	parent 22
	child_joints 3
		34 35 36 
	INSTANCE_LIST
	{
	}
	segment_scale_compensate 1
	EXTRA_ATTRIBUTES
	{
		original_name string "Bip001 R Hand"
		wire_colour colour 0.0235294 0.52549 0.0235294
	}
}
JOINT Bip001_R_Thigh
{
	id 16
	visible	1
	scale_pivot	0 0 0
	rotate_pivot	0 0 0
	min_bound	0 0 0
	max_bound	0 0 0
	scale	1 1 1
	translate	2.03551e-05 -16.5157 1.86891e-05
	rotation_orient	0 0 0 1
	rotation	0.131533 -0.27339 -0.951485 0.0513261
	joint_orient	0 0 0 1
	bind_pose_matrix
		-0.960129 -0.169591 -0.222238 0
		0.0257526 -0.845247 0.533754 0
		-0.278366 0.50675 0.815915 0
		2.03551e-05 -16.5157 1.86891e-05 1
	rotation_order xyz
	inherits_transform 1
	shearing 0 0 0
	rotate_pivot_translate	0 0 0
	scale_pivot_translate	0 0 0
	translate_limit_x -INF +INF
	translate_limit_y -INF +INF
	translate_limit_z -INF +INF
	rotate_limit_x -INF +INF
	rotate_limit_y -INF +INF
	rotate_limit_z -INF +INF
	scale_limit_x -INF +INF
	scale_limit_y -INF +INF
	scale_limit_z -INF +INF
	parent 9
	child_joints 1
		20 
	INSTANCE_LIST
	{
	}
	segment_scale_compensate 1
	EXTRA_ATTRIBUTES
	{
		original_name string "Bip001 R Thigh"
		wire_colour colour 0.0235294 0.52549 0.0235294
	}
}
JOINT Bip001_R_Toe0
{
	id 12
	visible	1
	scale_pivot	0 0 0
	rotate_pivot	0 0 0
	min_bound	0 0 0
	max_bound	0 0 0
	scale	1 1 1
	translate	18.3219 -6.41957e-07 -21.8944
	rotation_orient	0 0 0 1
	rotation	9.44391e-06 0.706902 6.63596e-05 0.707311
	joint_orient	0 0 0 1
	bind_pose_matrix
		0.000578523 0.000107226 -1 0
		-8.05219e-05 1 0.000107179 0
		1 8.04599e-05 0.000578523 0
		18.3219 -6.41957e-07 -21.8944 1
	rotation_order xyz
	inherits_transform 1
	shearing 0 0 0
	rotate_pivot_translate	0 0 0
	scale_pivot_translate	0 0 0
	translate_limit_x -INF +INF
	translate_limit_y -INF +INF
	translate_limit_z -INF +INF
	rotate_limit_x -INF +INF
	rotate_limit_y -INF +INF
	rotate_limit_z -INF +INF
	scale_limit_x -INF +INF
	scale_limit_y -INF +INF
	scale_limit_z -INF +INF
	parent 13
	child_joints 0
	INSTANCE_LIST
	{
	}
	segment_scale_compensate 1
	EXTRA_ATTRIBUTES
	{
		original_name string "Bip001 R Toe0"
		wire_colour colour 0.443137 0.52549 0.0235294
	}
}
JOINT Bip001_R_UpperArm
{
	id 15
	visible	1
	scale_pivot	0 0 0
	rotate_pivot	0 0 0
	min_bound	0 0 0
	max_bound	0 0 0
	scale	1 1 1
	translate	22.4233 -6.39106e-06 -2.45783e-06
	rotation_orient	0 0 0 1
	rotation	0.247156 0.368426 0.508167 0.738202
	joint_orient	0 0 0 1
	bind_pose_matrix
		0.212057 0.932378 -0.292752 0
		-0.568143 0.36136 0.739346 0
		0.795139 0.00954193 0.606352 0
		22.4233 -6.39106e-06 -2.45783e-06 1
	rotation_order xyz
	inherits_transform 1
	shearing 0 0 0
	rotate_pivot_translate	0 0 0
	scale_pivot_translate	0 0 0
	translate_limit_x -INF +INF
	translate_limit_y -INF +INF
	translate_limit_z -INF +INF
	rotate_limit_x -INF +INF
	rotate_limit_y -INF +INF
	rotate_limit_z -INF +INF
	scale_limit_x -INF +INF
	scale_limit_y -INF +INF
	scale_limit_z -INF +INF
	parent 25
	child_joints 1
		22 
	INSTANCE_LIST
	{
	}
	segment_scale_compensate 1
	EXTRA_ATTRIBUTES
	{
		original_name string "Bip001 R UpperArm"
		wire_colour colour 0.0235294 0.52549 0.0235294
	}
}
JOINT Bip001_Spine
{
	id 10
	visible	1
	scale_pivot	0 0 0
	rotate_pivot	0 0 0
	min_bound	0 0 0
	max_bound	0 0 0
	scale	1 1 1
	translate	21.7533 -0.979177 0.168887
	rotation_orient	0 0 0 1
	rotation	-0.0969423 0.0552762 -0.0194361 0.993564
	joint_orient	0 0 0 1
	bind_pose_matrix
		0.993133 -0.0493392 -0.106073 0
		0.0279047 0.980449 -0.194785 0
		0.113609 0.190488 0.975093 0
		21.7533 -0.979177 0.168887 1
	rotation_order xyz
	inherits_transform 1
	shearing 0 0 0
	rotate_pivot_translate	0 0 0
	scale_pivot_translate	0 0 0
	translate_limit_x -INF +INF
	translate_limit_y -INF +INF
	translate_limit_z -INF +INF
	rotate_limit_x -INF +INF
	rotate_limit_y -INF +INF
	rotate_limit_z -INF +INF
	scale_limit_x -INF +INF
	scale_limit_y -INF +INF
	scale_limit_z -INF +INF
	parent 9
	child_joints 1
		11 
	INSTANCE_LIST
	{
	}
	segment_scale_compensate 1
	EXTRA_ATTRIBUTES
	{
		original_name string "Bip001 Spine"
		wire_colour colour 0.0313726 0.431373 0.52549
	}
}
JOINT Bip001_Spine1
{
	id 11
	visible	1
	scale_pivot	0 0 0
	rotate_pivot	0 0 0
	min_bound	0 0 0
	max_bound	0 0 0
	scale	1 1 1
	translate	16.2036 0.000995772 0.0248671
	rotation_orient	0 0 0 1
	rotation	-0.019793 0.0301974 0.00708753 0.999323
	joint_orient	0 0 0 1
	bind_pose_matrix
		0.998076 0.0129701 -0.0606344 0
		-0.0153608 0.999116 -0.0391312 0
		0.0600733 0.0399873 0.997393 0
		16.2036 0.000995772 0.0248671 1
	rotation_order xyz
	inherits_transform 1
	shearing 0 0 0
	rotate_pivot_translate	0 0 0
	scale_pivot_translate	0 0 0
	translate_limit_x -INF +INF
	translate_limit_y -INF +INF
	translate_limit_z -INF +INF
	rotate_limit_x -INF +INF
	rotate_limit_y -INF +INF
	rotate_limit_z -INF +INF
	scale_limit_x -INF +INF
	scale_limit_y -INF +INF
	scale_limit_z -INF +INF
	parent 10
	child_joints 3
		4 25 26 
	INSTANCE_LIST
	{
	}
	segment_scale_compensate 1
	EXTRA_ATTRIBUTES
	{
		original_name string "Bip001 Spine1"
		wire_colour colour 0.0313726 0.431373 0.52549
	}
}
JOINT be_F_tabard_01
{
	id 7
	visible	0
	scale_pivot	0 0 0
	rotate_pivot	0 0 0
	min_bound	0 0 0
	max_bound	0 0 0
	scale	1 1 1
	translate	24.8568 -2.30084e-07 2.07937e-05
	rotation_orient	0 0 0 1
	rotation	5.49203e-07 -7.13547e-10 0.0206198 0.999787
	joint_orient	0 0 0 1
	bind_pose_matrix
		0.99915 0.0412307 2.40757e-08 0
		-0.0412307 0.99915 1.09814e-06 0
		2.12221e-08 -1.0982e-06 1 0
		24.8568 -2.30084e-07 2.07937e-05 1
	rotation_order xyz
	inherits_transform 1
	shearing 0 0 0
	rotate_pivot_translate	0 0 0
	scale_pivot_translate	0 0 0
	translate_limit_x -INF +INF
	translate_limit_y -INF +INF
	translate_limit_z -INF +INF
	rotate_limit_x -INF +INF
	rotate_limit_y -INF +INF
	rotate_limit_z -INF +INF
	scale_limit_x -INF +INF
	scale_limit_y -INF +INF
	scale_limit_z -INF +INF
	parent 5
	child_joints 0
	INSTANCE_LIST
	{
	}
	segment_scale_compensate 1
	EXTRA_ATTRIBUTES
	{
		wire_colour colour 0.682353 0.729412 0.796078
	}
}
JOINT bn_F_tabard_01
{
	id 6
	visible	0
	scale_pivot	0 0 0
	rotate_pivot	0 0 0
	min_bound	0 0 0
	max_bound	0 0 0
	scale	1 1 1
	translate	12.9496 -2.86417e-05 -19.7355
	rotation_orient	0 0 0 1
	rotation	0.0570705 0.704799 -0.704801 0.0570714
	joint_orient	0 0 0 1
	bind_pose_matrix
		-0.986972 -1.38581e-06 -0.160894 0
		0.160894 -2.26498e-06 -0.986972 0
		1.02073e-06 -1 2.32458e-06 0
		12.9496 -2.86417e-05 -19.7355 1
	rotation_order xyz
	inherits_transform 1
	shearing 0 0 0
	rotate_pivot_translate	0 0 0
	scale_pivot_translate	0 0 0
	translate_limit_x -INF +INF
	translate_limit_y -INF +INF
	translate_limit_z -INF +INF
	rotate_limit_x -INF +INF
	rotate_limit_y -INF +INF
	rotate_limit_z -INF +INF
	scale_limit_x -INF +INF
	scale_limit_y -INF +INF
	scale_limit_z -INF +INF
	parent 9
	child_joints 1
		8 
	INSTANCE_LIST
	{
	}
	segment_scale_compensate 1
	EXTRA_ATTRIBUTES
	{
		wire_colour colour 0.682353 0.729412 0.796078
	}
}
JOINT bn_F_tabard_02
{
	id 8
	visible	0
	scale_pivot	0 0 0
	rotate_pivot	0 0 0
	min_bound	0 0 0
	max_bound	0 0 0
	scale	1 1 1
	translate	19.4102 -7.90698e-06 -1.40894e-06
	rotation_orient	0 0 0 1
	rotation	-9.14196e-07 -1.84771e-07 -0.0935975 0.99561
	joint_orient	0 0 0 1
	bind_pose_matrix
		0.982479 -0.186373 5.39053e-07 0
		0.186373 0.982479 -1.78578e-06 0
		-1.96788e-07 1.85495e-06 1 0
		19.4102 -7.90698e-06 -1.40894e-06 1
	rotation_order xyz
	inherits_transform 1
	shearing 0 0 0
	rotate_pivot_translate	0 0 0
	scale_pivot_translate	0 0 0
	translate_limit_x -INF +INF
	translate_limit_y -INF +INF
	translate_limit_z -INF +INF
	rotate_limit_x -INF +INF
	rotate_limit_y -INF +INF
	rotate_limit_z -INF +INF
	scale_limit_x -INF +INF
	scale_limit_y -INF +INF
	scale_limit_z -INF +INF
	parent 6
	child_joints 1
		5 
	INSTANCE_LIST
	{
	}
	segment_scale_compensate 1
	EXTRA_ATTRIBUTES
	{
		wire_colour colour 0.682353 0.729412 0.796078
	}
}
JOINT bn_F_tabard_03
{
	id 5
	visible	0
	scale_pivot	0 0 0
	rotate_pivot	0 0 0
	min_bound	0 0 0
	max_bound	0 0 0
	scale	1 1 1
	translate	22.1778 -2.09993e-05 -8.52999e-06
	rotation_orient	0 0 0 1
	rotation	-2.42286e-07 4.22438e-07 -0.0424035 0.999101
	joint_orient	0 0 0 1
	bind_pose_matrix
		0.996404 -0.0847308 -8.23568e-07 0
		0.0847308 0.996404 -5.19963e-07 0
		8.64664e-07 4.48311e-07 1 0
		22.1778 -2.09993e-05 -8.52999e-06 1
	rotation_order xyz
	inherits_transform 1
	shearing 0 0 0
	rotate_pivot_translate	0 0 0
	scale_pivot_translate	0 0 0
	translate_limit_x -INF +INF
	translate_limit_y -INF +INF
	translate_limit_z -INF +INF
	rotate_limit_x -INF +INF
	rotate_limit_y -INF +INF
	rotate_limit_z -INF +INF
	scale_limit_x -INF +INF
	scale_limit_y -INF +INF
	scale_limit_z -INF +INF
	parent 8
	child_joints 1
		7 
	INSTANCE_LIST
	{
	}
	segment_scale_compensate 1
	EXTRA_ATTRIBUTES
	{
		wire_colour colour 0.682353 0.729412 0.796078
	}
}
BONE bn_fingers_L_01
{
	id 37
	visible	0
	scale_pivot	0 0 0
	rotate_pivot	0 0 0
	min_bound	0 0 0
	max_bound	0 0 0
	scale	1 1 1
	translate	24.2948 -2.43627 -4.53717
	rotation_orient	0 0 0 1
	rotation	-4.21796e-07 0.34202 1.39503e-07 0.939693
	joint_orient	0 0 0 1
	bind_pose_matrix
		0.766045 -2.63462e-08 -0.642788 0
		-5.50704e-07 1 -6.97291e-07 0
		0.642788 8.88142e-07 0.766045 0
		24.2948 -2.43627 -4.53717 1
	rotation_order xyz
	inherits_transform 1
	shearing 0 0 0
	rotate_pivot_translate	0 0 0
	scale_pivot_translate	0 0 0
	translate_limit_x -INF +INF
	translate_limit_y -INF +INF
	translate_limit_z -INF +INF
	rotate_limit_x -INF +INF
	rotate_limit_y -INF +INF
	rotate_limit_z -INF +INF
	scale_limit_x -INF +INF
	scale_limit_y -INF +INF
	scale_limit_z -INF +INF
	parent 24
	child_joints 0
	INSTANCE_LIST
	{
	}
	EXTRA_ATTRIBUTES
	{
		wire_colour colour 0.054902 1 0.00784314
	}
}
BONE bn_fingers_R_01
{
	id 35
	visible	0
	scale_pivot	0 0 0
	rotate_pivot	0 0 0
	min_bound	0 0 0
	max_bound	0 0 0
	scale	1 1 1
	translate	24.2948 2.43603 -4.53714
	rotation_orient	0 0 0 1
	rotation	1.48629e-06 0.34202 -3.75749e-07 0.939693
	joint_orient	0 0 0 1
	bind_pose_matrix
		0.766045 3.10501e-07 -0.642787 0
		1.72286e-06 1 2.53628e-06 0
		0.642787 -3.05033e-06 0.766045 0
		24.2948 2.43603 -4.53714 1
	rotation_order xyz
	inherits_transform 1
	shearing 0 0 0
	rotate_pivot_translate	0 0 0
	scale_pivot_translate	0 0 0
	translate_limit_x -INF +INF
	translate_limit_y -INF +INF
	translate_limit_z -INF +INF
	rotate_limit_x -INF +INF
	rotate_limit_y -INF +INF
	rotate_limit_z -INF +INF
	scale_limit_x -INF +INF
	scale_limit_y -INF +INF
	scale_limit_z -INF +INF
	parent 14
	child_joints 0
	INSTANCE_LIST
	{
	}
	EXTRA_ATTRIBUTES
	{
		wire_colour colour 0.054902 1 0.00784314
	}
}
BONE bn_mouth_01
{
	id 30
	visible	0
	scale_pivot	0 0 0
	rotate_pivot	0 0 0
	min_bound	0 0 0
	max_bound	0 0 0
	scale	1 1 1
	translate	9.78495 -3.18301e-05 3.94771
	rotation_orient	0 0 0 1
	rotation	0.703376 0.703366 0.0725904 0.0725889
	joint_orient	0 0 0 1
	bind_pose_matrix
		1.28746e-05 1 3.46452e-06 0
		0.978924 -1.35899e-05 0.20423 0
		0.20423 7.30157e-07 -0.978924 0
		9.78495 -3.18301e-05 3.94771 1
	rotation_order xyz
	inherits_transform 1
	shearing 0 0 0
	rotate_pivot_translate	0 0 0
	scale_pivot_translate	0 0 0
	translate_limit_x -INF +INF
	translate_limit_y -INF +INF
	translate_limit_z -INF +INF
	rotate_limit_x -INF +INF
	rotate_limit_y -INF +INF
	rotate_limit_z -INF +INF
	scale_limit_x -INF +INF
	scale_limit_y -INF +INF
	scale_limit_z -INF +INF
	parent 3
	child_joints 0
	INSTANCE_LIST
	{
	}
	EXTRA_ATTRIBUTES
	{
		wire_colour colour 0 0.988235 0
	}
}
BONE bn_mouth_L_01
{
	id 28
	visible	0
	scale_pivot	0 0 0
	rotate_pivot	0 0 0
	min_bound	0 0 0
	max_bound	0 0 0
	scale	1 1 1
	translate	8.01527 2.79227 3.79134
	rotation_orient	0 0 0 1
	rotation	0.416017 0.849811 -0.0443938 0.320592
	joint_orient	0 0 0 1
	bind_pose_matrix
		-0.448301 0.678609 -0.581823 0
		0.735538 0.649918 0.191291 0
		0.507949 -0.342197 -0.7905 0
		8.01527 2.79227 3.79134 1
	rotation_order xyz
	inherits_transform 1
	shearing 0 0 0
	rotate_pivot_translate	0 0 0
	scale_pivot_translate	0 0 0
	translate_limit_x -INF +INF
	translate_limit_y -INF +INF
	translate_limit_z -INF +INF
	rotate_limit_x -INF +INF
	rotate_limit_y -INF +INF
	rotate_limit_z -INF +INF
	scale_limit_x -INF +INF
	scale_limit_y -INF +INF
	scale_limit_z -INF +INF
	parent 3
	child_joints 0
	INSTANCE_LIST
	{
	}
	EXTRA_ATTRIBUTES
	{
		wire_colour colour 0 0.988235 0
	}
}
BONE bn_mouth_R_01
{
	id 29
	visible	0
	scale_pivot	0 0 0
	rotate_pivot	0 0 0
	min_bound	0 0 0
	max_bound	0 0 0
	scale	1 1 1
	translate	8.0037 -2.80794 3.7769
	rotation_orient	0 0 0 1
	rotation	-0.452459 0.833561 0.0274344 0.31576
	joint_orient	0 0 0 1
	bind_pose_matrix
		-0.391154 -0.736979 -0.551236 0
		-0.771629 0.589057 -0.24 0
		0.501585 0.331473 -0.799087 0
		8.0037 -2.80794 3.7769 1
	rotation_order xyz
	inherits_transform 1
	shearing 0 0 0
	rotate_pivot_translate	0 0 0
	scale_pivot_translate	0 0 0
	translate_limit_x -INF +INF
	translate_limit_y -INF +INF
	translate_limit_z -INF +INF
	rotate_limit_x -INF +INF
	rotate_limit_y -INF +INF
	rotate_limit_z -INF +INF
	scale_limit_x -INF +INF
	scale_limit_y -INF +INF
	scale_limit_z -INF +INF
	parent 3
	child_joints 0
	INSTANCE_LIST
	{
	}
	EXTRA_ATTRIBUTES
	{
		wire_colour colour 0 0.988235 0
	}
}
JOINT bn_shoulderpad_L
{
	id 32
	visible	0
	scale_pivot	0 0 0
	rotate_pivot	0 0 0
	min_bound	0 0 0
	max_bound	0 0 0
	scale	1 1 1
	translate	22.4233 6.20533e-06 -2.56685e-06
	rotation_orient	0 0 0 1
	rotation	-0.0088067 -0.0255144 -0.248906 0.968151
	joint_orient	0 0 0 1
	bind_pose_matrix
		0.874789 -0.481509 0.0537877 0
		0.482407 0.875936 -0.00435106 0
		-0.0450195 0.0297538 0.998543 0
		22.4233 6.20533e-06 -2.56685e-06 1
	rotation_order xyz
	inherits_transform 1
	shearing 0 0 0
	rotate_pivot_translate	0 0 0
	scale_pivot_translate	0 0 0
	translate_limit_x -INF +INF
	translate_limit_y -INF +INF
	translate_limit_z -INF +INF
	rotate_limit_x -INF +INF
	rotate_limit_y -INF +INF
	rotate_limit_z -INF +INF
	scale_limit_x -INF +INF
	scale_limit_y -INF +INF
	scale_limit_z -INF +INF
	parent 26
	child_joints 0
	INSTANCE_LIST
	{
	}
	segment_scale_compensate 1
	EXTRA_ATTRIBUTES
	{
		wire_colour colour 0.643137 0.776471 0.807843
	}
}
JOINT bn_shoulderpad_R
{
	id 31
	visible	0
	scale_pivot	0 0 0
	rotate_pivot	0 0 0
	min_bound	0 0 0
	max_bound	0 0 0
	scale	1 1 1
	translate	22.4233 -6.41135e-06 -2.34519e-06
	rotation_orient	0 0 0 1
	rotation	0.132558 0.197599 0.272547 0.932256
	joint_orient	0 0 0 1
	bind_pose_matrix
		0.773345 0.560554 -0.296169 0
		-0.455781 0.816293 0.354866 0
		0.440683 -0.139446 0.886766 0
		22.4233 -6.41135e-06 -2.34519e-06 1
	rotation_order xyz
	inherits_transform 1
	shearing 0 0 0
	rotate_pivot_translate	0 0 0
	scale_pivot_translate	0 0 0
	translate_limit_x -INF +INF
	translate_limit_y -INF +INF
	translate_limit_z -INF +INF
	rotate_limit_x -INF +INF
	rotate_limit_y -INF +INF
	rotate_limit_z -INF +INF
	scale_limit_x -INF +INF
	scale_limit_y -INF +INF
	scale_limit_z -INF +INF
	parent 25
	child_joints 0
	INSTANCE_LIST
	{
	}
	segment_scale_compensate 1
	EXTRA_ATTRIBUTES
	{
		wire_colour colour 0.643137 0.776471 0.807843
	}
}
BONE bn_thumb_L_01
{
	id 33
	visible	0
	scale_pivot	0 0 0
	rotate_pivot	0 0 0
	min_bound	0 0 0
	max_bound	0 0 0
	scale	1 1 1
	translate	3.80867 -10.8076 -8.92636
	rotation_orient	0 0 0 1
	rotation	0.624362 0.176867 -0.306642 0.696319
	joint_orient	0 0 0 1
	bind_pose_matrix
		0.749377 -0.206183 -0.629224 0
		0.647901 0.0322848 0.761041 0
		-0.136599 -0.977981 0.15778 0
		3.80867 -10.8076 -8.92636 1
	rotation_order xyz
	inherits_transform 1
	shearing 0 0 0
	rotate_pivot_translate	0 0 0
	scale_pivot_translate	0 0 0
	translate_limit_x -INF +INF
	translate_limit_y -INF +INF
	translate_limit_z -INF +INF
	rotate_limit_x -INF +INF
	rotate_limit_y -INF +INF
	rotate_limit_z -INF +INF
	scale_limit_x -INF +INF
	scale_limit_y -INF +INF
	scale_limit_z -INF +INF
	parent 24
	child_joints 0
	INSTANCE_LIST
	{
	}
	EXTRA_ATTRIBUTES
	{
		wire_colour colour 0.054902 1 0.00784314
	}
}
BONE bn_thumb_R_01
{
	id 34
	visible	0
	scale_pivot	0 0 0
	rotate_pivot	0 0 0
	min_bound	0 0 0
	max_bound	0 0 0
	scale	1 1 1
	translate	3.80858 10.8074 -8.92633
	rotation_orient	0 0 0 1
	rotation	-0.624361 0.176867 0.306641 0.69632
	joint_orient	0 0 0 1
	bind_pose_matrix
		0.749378 0.206183 -0.629223 0
		-0.6479 0.0322877 -0.761041 0
		-0.136598 0.977981 0.157782 0
		3.80858 10.8074 -8.92633 1
	rotation_order xyz
	inherits_transform 1
	shearing 0 0 0
	rotate_pivot_translate	0 0 0
	scale_pivot_translate	0 0 0
	translate_limit_x -INF +INF
	translate_limit_y -INF +INF
	translate_limit_z -INF +INF
	rotate_limit_x -INF +INF
	rotate_limit_y -INF +INF
	rotate_limit_z -INF +INF
	scale_limit_x -INF +INF
	scale_limit_y -INF +INF
	scale_limit_z -INF +INF
	parent 14
	child_joints 0
	INSTANCE_LIST
	{
	}
	EXTRA_ATTRIBUTES
	{
		wire_colour colour 0.054902 1 0.00784314
	}
}
BONE bn_weapon_01
{
	id 36
	visible	0
	scale_pivot	0 0 0
	rotate_pivot	0 0 0
	min_bound	0 0 0
	max_bound	0 0 0
	scale	1 1 1
	translate	10.384 -1.97776 -2.70757
	rotation_orient	0 0 0 1
	rotation	0.241843 0.0352155 0.644275 0.724694
	joint_orient	0 0 0 1
	bind_pose_matrix
		0.167338 0.950838 0.260586 0
		-0.916771 0.0528428 0.395901 0
		0.362667 -0.305147 0.880544 0
		10.384 -1.97776 -2.70757 1
	rotation_order xyz
	inherits_transform 1
	shearing 0 0 0
	rotate_pivot_translate	0 0 0
	scale_pivot_translate	0 0 0
	translate_limit_x -INF +INF
	translate_limit_y -INF +INF
	translate_limit_z -INF +INF
	rotate_limit_x -INF +INF
	rotate_limit_y -INF +INF
	rotate_limit_z -INF +INF
	scale_limit_x -INF +INF
	scale_limit_y -INF +INF
	scale_limit_z -INF +INF
	parent 14
	child_joints 0
	INSTANCE_LIST
	{
	}
	EXTRA_ATTRIBUTES
	{
		wire_colour colour 0.054902 1 0.00784314
	}
}
JOINT root_displacement
{
	id 38
	visible	1
	scale_pivot	0 0 0
	rotate_pivot	0 0 0
	min_bound	0 0 0
	max_bound	0 0 0
	scale	1 1 1
	translate	0 0 -0
	rotation_orient	0 0 0 1
	rotation	0 0 0 1
	joint_orient	0 0 0 1
	bind_pose_matrix
		1 0 0 0
		0 1 0 0
		0 0 1 0
		0 0 -0 1
	rotation_order xyz
	inherits_transform 1
	shearing 0 0 0
	rotate_pivot_translate	0 0 0
	scale_pivot_translate	0 0 0
	translate_limit_x -INF +INF
	translate_limit_y -INF +INF
	translate_limit_z -INF +INF
	rotate_limit_x -INF +INF
	rotate_limit_y -INF +INF
	rotate_limit_z -INF +INF
	scale_limit_x -INF +INF
	scale_limit_y -INF +INF
	scale_limit_z -INF +INF
	parent 0
	child_joints 0
	INSTANCE_LIST
	{
	}
	segment_scale_compensate 1
	EXTRA_ATTRIBUTES
	{
		wire_colour colour 0 0.87451 0.145098
	}
}
ANIMATION_TAKE victory_loop_01
{
	id 39
	start_time 0
	end_time 90
	fps 30
	current_time 0
	num_animated_nodes 38
	num_event_tracks 0
	ANIM_NODE 30
	{
		num_animated_attrs 3
		num_animated_attrs_user 0
		ATTR rotation
		{
			num_streams 1
			elements_per_sample 4
			POSE_KEY
			{
				0.703376 0.703366 0.0725904 0.0725889 
			}
		}
		ATTR scale
		{
			num_streams 1
			elements_per_sample 3
			POSE_KEY
			{
				1 1 1 
			}
		}
		ATTR translate
		{
			num_streams 1
			elements_per_sample 3
			POSE_KEY
			{
				9.78494 -3.52156e-05 3.94774 
			}
		}
	}
	ANIM_NODE 29
	{
		num_animated_attrs 3
		num_animated_attrs_user 0
		ATTR rotation
		{
			num_streams 1
			elements_per_sample 4
			POSE_KEY
			{
				-0.452459 0.833561 0.0274344 0.31576 
			}
		}
		ATTR scale
		{
			num_streams 1
			elements_per_sample 3
			POSE_KEY
			{
				1 1 1 
			}
		}
		ATTR translate
		{
			num_streams 1
			elements_per_sample 3
			POSE_KEY
			{
				8.00368 -2.80794 3.77692 
			}
		}
	}
	ANIM_NODE 38
	{
		num_animated_attrs 3
		num_animated_attrs_user 0
		ATTR rotation
		{
			num_streams 1
			elements_per_sample 4
			POSE_KEY
			{
				0 0 0 1 
			}
		}
		ATTR scale
		{
			num_streams 1
			elements_per_sample 3
			POSE_KEY
			{
				1 1 1 
			}
		}
		ATTR translate
		{
			num_streams 1
			elements_per_sample 3
			POSE_KEY
			{
				0 0 -0 
			}
		}
	}
	ANIM_NODE 1
	{
		num_animated_attrs 3
		num_animated_attrs_user 0
		ATTR rotation
		{
			num_streams 1
			elements_per_sample 4
			SAMPLED_KEYS
			{

				-0.0325956 -0.811449 -0.0596041 0.580461 
				-0.0331192 -0.811992 -0.0587946 0.579754 
				-0.0335129 -0.812342 -0.058011 0.57932 
				-0.0337823 -0.812533 -0.0572825 0.579109 
				-0.0339329 -0.812597 -0.0566379 0.579074 
				-0.0339704 -0.812568 -0.0561064 0.579164 
				-0.0339003 -0.812479 -0.0557168 0.57933 
				-0.0337284 -0.812363 -0.0554983 0.579525 
				-0.0334602 -0.812253 -0.0554798 0.579696 
				-0.0331012 -0.812181 -0.0556903 0.579797 
				-0.0326656 -0.812167 -0.0560779 0.579804 
				-0.0321677 -0.812198 -0.0565649 0.579741 
				-0.0316139 -0.81226 -0.0571419 0.579628 
				-0.0310107 -0.81234 -0.0577994 0.579484 
				-0.0303643 -0.812423 -0.0585279 0.579329 
				-0.0296813 -0.812494 -0.0593178 0.579184 
				-0.0289679 -0.812541 -0.0601598 0.579067 
				-0.0282305 -0.812549 -0.0610443 0.578999 
				-0.0274756 -0.812505 -0.0619618 0.579 
				-0.0267094 -0.812395 -0.0629028 0.579089 
				-0.0259384 -0.812204 -0.063858 0.579288 
				-0.025169 -0.811919 -0.0648176 0.579614 
				-0.0244075 -0.811526 -0.0657724 0.58009 
				-0.0236604 -0.811011 -0.0667128 0.580733 
				-0.0229339 -0.81036 -0.0676293 0.581564 
				-0.0222088 -0.809585 -0.0685447 0.582563 
				-0.0214634 -0.808715 -0.069486 0.583688 
				-0.0207007 -0.807757 -0.07045 0.584925 
				-0.0199235 -0.806719 -0.0714336 0.586264 
				-0.019135 -0.80561 -0.0724335 0.587691 
				-0.0183379 -0.804437 -0.0734465 0.589194 
				-0.0175353 -0.803211 -0.0744694 0.590761 
				-0.0167301 -0.801939 -0.075499 0.59238 
				-0.0159254 -0.800629 -0.0765321 0.594039 
				-0.015124 -0.799291 -0.0775656 0.595725 
				-0.014329 -0.797934 -0.0785962 0.597427 
				-0.0135433 -0.796565 -0.0796209 0.599133 
				-0.0127699 -0.795196 -0.0806366 0.600831 
				-0.0120117 -0.793834 -0.08164 0.60251 
				-0.0112718 -0.79249 -0.082628 0.604157 
				-0.0105531 -0.791172 -0.0835978 0.605762 
				-0.00985853 -0.78989 -0.0845459 0.607313 
				-0.00919116 -0.788654 -0.0854694 0.608798 
				-0.00855394 -0.787474 -0.0863653 0.610207 
				-0.00794984 -0.786359 -0.0872305 0.611528 
				-0.00738185 -0.78532 -0.0880619 0.61275 
				-0.00686175 -0.784333 -0.0889061 0.613898 
				-0.00640986 -0.783392 -0.0897763 0.614977 
				-0.00604191 -0.782535 -0.090619 0.615947 
				-0.00577368 -0.7818 -0.0913813 0.61677 
				-0.0056209 -0.781225 -0.09201 0.617406 
				-0.00559932 -0.780849 -0.0924517 0.617815 
				-0.00572469 -0.78071 -0.0926536 0.61796 
				-0.00601277 -0.780845 -0.0925622 0.6178 
				-0.00647928 -0.781293 -0.0921244 0.617295 
				-0.00705296 -0.781926 -0.0914782 0.616582 
				-0.00765101 -0.782595 -0.0907983 0.615827 
				-0.00827212 -0.783296 -0.0900864 0.615031 
				-0.00891483 -0.784028 -0.0893443 0.614197 
				-0.00957784 -0.784788 -0.0885734 0.613328 
				-0.0102596 -0.785575 -0.0877755 0.612424 
				-0.010959 -0.786385 -0.0869522 0.611488 
				-0.0116743 -0.787218 -0.0861053 0.610523 
