|XMD_005A#0MAX#0005.0.2|
JOINT Bip001
{
	id 1
	visible	1
	scale_pivot	0 0 0
	rotate_pivot	0 0 0
	min_bound	0 0 0
	max_bound	0 0 0
	scale	1 1 1
	translate	7.88097 -9.36805 88.9778
	rotation_orient	0 0 0 1
	rotation	0.0394356 0.053117 -0.575753 0.814943
	joint_orient	0 0 0 1
	bind_pose_matrix
		0.331373 -0.934223 -0.131985 0
		0.942601 0.333906 0.00311095 0
		0.0411642 -0.12544 0.991247 0
		7.88097 -9.36805 88.9778 1
	rotation_order xyz
	inherits_transform 1
	shearing 0 0 0
	rotate_pivot_translate	0 0 0
	scale_pivot_translate	0 0 0
	translate_limit_x -INF +INF
	translate_limit_y -INF +INF
	translate_limit_z -INF +INF
	rotate_limit_x -INF +INF
	rotate_limit_y -INF +INF
	rotate_limit_z -INF +INF
	scale_limit_x -INF +INF
	scale_limit_y -INF +INF
	scale_limit_z -INF +INF
	parent 0
	child_joints 1
		9 
	INSTANCE_LIST
	{
	}
	segment_scale_compensate 1
	EXTRA_ATTRIBUTES
	{
		wire_colour colour 1 0 0
	}
}
JOINT Bip001_Head
{
	id 2
	visible	1
	scale_pivot	0 0 0
	rotate_pivot	0 0 0
	min_bound	0 0 0
	max_bound	0 0 0
	scale	1 1 1
	translate	11.5934 -2.03093e-006 -6.38069e-007
	rotation_orient	0 0 0 1
	rotation	0.0438753 0.0550549 -0.238874 0.968495
	joint_orient	0 0 0 1
	bind_pose_matrix
		0.879816 -0.457865 -0.127602 0
		0.467528 0.882028 0.0586838 0
		0.0856795 -0.111288 0.990088 0
		11.5934 -2.03093e-006 -6.38069e-007 1
	rotation_order xyz
	inherits_transform 1
	shearing 0 0 0
	rotate_pivot_translate	0 0 0
	scale_pivot_translate	0 0 0
	translate_limit_x -INF +INF
	translate_limit_y -INF +INF
	translate_limit_z -INF +INF
	rotate_limit_x -INF +INF
	rotate_limit_y -INF +INF
	rotate_limit_z -INF +INF
	scale_limit_x -INF +INF
	scale_limit_y -INF +INF
	scale_limit_z -INF +INF
	parent 4
	child_joints 1
		3 
	INSTANCE_LIST
	{
	}
	segment_scale_compensate 1
	EXTRA_ATTRIBUTES
	{
		original_name string "Bip001 Head"
		wire_colour colour 0.65098 0.792157 0.941176
	}
}
JOINT Bip001_Jaw
{
	id 3
	visible	1
	scale_pivot	0 0 0
	rotate_pivot	0 0 0
	min_bound	0 0 0
	max_bound	0 0 0
	scale	1 1 1
	translate	3.87301 2.50608 -3.3731e-005
	rotation_orient	0 0 0 1
	rotation	-1.76751e-009 -2.20006e-006 0.793596 0.608445
	joint_orient	0 0 0 1
	bind_pose_matrix
		-0.25959 0.965719 2.67443e-006 0
		-0.965719 -0.25959 -3.49407e-006 0
		-2.68004e-006 -3.48977e-006 1 0
		3.87301 2.50608 -3.3731e-005 1
	rotation_order xyz
	inherits_transform 1
	shearing 0 0 0
	rotate_pivot_translate	0 0 0
	scale_pivot_translate	0 0 0
	translate_limit_x -INF +INF
	translate_limit_y -INF +INF
	translate_limit_z -INF +INF
	rotate_limit_x -INF +INF
	rotate_limit_y -INF +INF
	rotate_limit_z -INF +INF
	scale_limit_x -INF +INF
	scale_limit_y -INF +INF
	scale_limit_z -INF +INF
	parent 2
	child_joints 3
		28 29 30 
	INSTANCE_LIST
	{
	}
	segment_scale_compensate 1
	EXTRA_ATTRIBUTES
	{
		original_name string "Bip001 Jaw"
		wire_colour colour 0.988235 0 0
	}
}
JOINT Bip001_L_Calf
{
	id 17
	visible	1
	scale_pivot	0 0 0
	rotate_pivot	0 0 0
	min_bound	0 0 0
	max_bound	0 0 0
	scale	1 1 1
	translate	42.8806 1.12211e-006 2.54174e-006
	rotation_orient	0 0 0 1
	rotation	1.11307e-008 -2.85443e-008 -0.523618 0.851954
	joint_orient	0 0 0 1
	bind_pose_matrix
		0.451649 -0.892196 3.69803e-008 0
		0.892196 0.451649 4.88583e-008 0
		-6.02933e-008 1.09269e-008 1 0
		42.8806 1.12211e-006 2.54174e-006 1
	rotation_order xyz
	inherits_transform 1
	shearing 0 0 0
	rotate_pivot_translate	0 0 0
	scale_pivot_translate	0 0 0
	translate_limit_x -INF +INF
	translate_limit_y -INF +INF
	translate_limit_z -INF +INF
	rotate_limit_x -INF +INF
	rotate_limit_y -INF +INF
	rotate_limit_z -INF +INF
	scale_limit_x -INF +INF
	scale_limit_y -INF +INF
	scale_limit_z -INF +INF
	parent 18
	child_joints 1
		21 
	INSTANCE_LIST
	{
	}
	segment_scale_compensate 1
	EXTRA_ATTRIBUTES
	{
		original_name string "Bip001 L Calf"
		wire_colour colour 0.109804 0.109804 0.694118
	}
}
JOINT Bip001_L_Clavicle
{
	id 26
	visible	1
	scale_pivot	0 0 0
	rotate_pivot	0 0 0
	min_bound	0 0 0
	max_bound	0 0 0
	scale	1 1 1
	translate	23.2608 -11.8075 5.60499
	rotation_orient	0 0 0 1
	rotation	0.674552 0.0596895 0.733721 0.0554114
	joint_orient	0 0 0 1
	bind_pose_matrix
		-0.0838193 0.16184 0.983251 0
		-0.000785753 -0.986733 0.162347 0
		0.996481 0.0128352 0.0828344 0
		23.2608 -11.8075 5.60499 1
	rotation_order xyz
	inherits_transform 1
	shearing 0 0 0
	rotate_pivot_translate	0 0 0
	scale_pivot_translate	0 0 0
	translate_limit_x -INF +INF
	translate_limit_y -INF +INF
	translate_limit_z -INF +INF
	rotate_limit_x -INF +INF
	rotate_limit_y -INF +INF
	rotate_limit_z -INF +INF
	scale_limit_x -INF +INF
	scale_limit_y -INF +INF
	scale_limit_z -INF +INF
	parent 11
	child_joints 2
		23 32 
	INSTANCE_LIST
	{
	}
	segment_scale_compensate 1
	EXTRA_ATTRIBUTES
	{
		original_name string "Bip001 L Clavicle"
		wire_colour colour 0.109804 0.109804 0.694118
	}
}
JOINT Bip001_L_Foot
{
	id 21
	visible	1
	scale_pivot	0 0 0
	rotate_pivot	0 0 0
	min_bound	0 0 0
	max_bound	0 0 0
	scale	1 1 1
	translate	55.3239 6.47742e-007 -4.10221e-006
	rotation_orient	0 0 0 1
	rotation	-0.160731 -0.252554 0.0869223 0.950172
	joint_orient	0 0 0 1
	bind_pose_matrix
		0.857322 0.246369 0.451997 0
		-0.0839958 0.93322 -0.349349 0
		-0.507882 0.261539 0.820764 0
		55.3239 6.47742e-007 -4.10221e-006 1
	rotation_order xyz
	inherits_transform 1
	shearing 0 0 0
	rotate_pivot_translate	0 0 0
	scale_pivot_translate	0 0 0
	translate_limit_x -INF +INF
	translate_limit_y -INF +INF
	translate_limit_z -INF +INF
	rotate_limit_x -INF +INF
	rotate_limit_y -INF +INF
	rotate_limit_z -INF +INF
	scale_limit_x -INF +INF
	scale_limit_y -INF +INF
	scale_limit_z -INF +INF
	parent 17
	child_joints 1
		19 
	INSTANCE_LIST
	{
	}
	segment_scale_compensate 1
	EXTRA_ATTRIBUTES
	{
		original_name string "Bip001 L Foot"
		wire_colour colour 0.109804 0.109804 0.694118
	}
}
JOINT Bip001_L_Forearm
{
	id 27
	visible	1
	scale_pivot	0 0 0
	rotate_pivot	0 0 0
	min_bound	0 0 0
	max_bound	0 0 0
	scale	1 1 1
	translate	50.8825 1.43044e-006 -2.41248e-007
	rotation_orient	0 0 0 1
	rotation	2.07579e-008 -4.46377e-009 0.876675 -0.481084
	joint_orient	0 0 0 1
	bind_pose_matrix
		-0.537117 -0.843508 3.21009e-008 0
		0.843508 -0.537117 -2.77991e-008 0
		4.06907e-008 1.2146e-008 1 0
		50.8825 1.43044e-006 -2.41248e-007 1
	rotation_order xyz
	inherits_transform 1
	shearing 0 0 0
	rotate_pivot_translate	0 0 0
	scale_pivot_translate	0 0 0
	translate_limit_x -INF +INF
	translate_limit_y -INF +INF
	translate_limit_z -INF +INF
	rotate_limit_x -INF +INF
	rotate_limit_y -INF +INF
	rotate_limit_z -INF +INF
	scale_limit_x -INF +INF
	scale_limit_y -INF +INF
	scale_limit_z -INF +INF
	parent 23
	child_joints 1
		24 
	INSTANCE_LIST
	{
	}
	segment_scale_compensate 1
	EXTRA_ATTRIBUTES
	{
		original_name string "Bip001 L Forearm"
		wire_colour colour 0.109804 0.109804 0.694118
	}
}
JOINT Bip001_L_Hand
{
	id 24
	visible	1
	scale_pivot	0 0 0
	rotate_pivot	0 0 0
	min_bound	0 0 0
	max_bound	0 0 0
	scale	1 1 1
	translate	42.1285 -3.40272e-006 -2.45377e-006
	rotation_orient	0 0 0 1
	rotation	0.921986 0.102679 -0.017467 -0.372954
	joint_orient	0 0 0 1
	bind_pose_matrix
		0.978304 0.202366 0.0443806 0
		0.176309 -0.700725 -0.691303 0
		-0.108798 0.684129 -0.721201 0
		42.1285 -3.40272e-006 -2.45377e-006 1
	rotation_order xyz
	inherits_transform 1
	shearing 0 0 0
	rotate_pivot_translate	0 0 0
	scale_pivot_translate	0 0 0
	translate_limit_x -INF +INF
	translate_limit_y -INF +INF
	translate_limit_z -INF +INF
	rotate_limit_x -INF +INF
	rotate_limit_y -INF +INF
	rotate_limit_z -INF +INF
	scale_limit_x -INF +INF
	scale_limit_y -INF +INF
	scale_limit_z -INF +INF
	parent 27
	child_joints 2
		33 37 
	INSTANCE_LIST
	{
	}
	segment_scale_compensate 1
	EXTRA_ATTRIBUTES
	{
		original_name string "Bip001 L Hand"
		wire_colour colour 0.109804 0.109804 0.694118
	}
}
JOINT Bip001_L_Thigh
{
	id 18
	visible	1
	scale_pivot	0 0 0
	rotate_pivot	0 0 0
	min_bound	0 0 0
	max_bound	0 0 0
	scale	1 1 1
	translate	-2.54237e-005 2.64761e-005 16.5157
	rotation_orient	0 0 0 1
	rotation	0.398487 0.8687 0.100135 -0.276662
	joint_orient	0 0 0 1
	bind_pose_matrix
		-0.529333 0.636923 0.560478 0
		0.747737 0.662363 -0.0465187 0
		-0.400869 0.394466 -0.826862 0
		-2.54237e-005 2.64761e-005 16.5157 1
	rotation_order xyz
	inherits_transform 1
	shearing 0 0 0
	rotate_pivot_translate	0 0 0
	scale_pivot_translate	0 0 0
	translate_limit_x -INF +INF
	translate_limit_y -INF +INF
	translate_limit_z -INF +INF
	rotate_limit_x -INF +INF
	rotate_limit_y -INF +INF
	rotate_limit_z -INF +INF
	scale_limit_x -INF +INF
	scale_limit_y -INF +INF
	scale_limit_z -INF +INF
	parent 9
	child_joints 1
		17 
	INSTANCE_LIST
	{
	}
	segment_scale_compensate 1
	EXTRA_ATTRIBUTES
	{
		original_name string "Bip001 L Thigh"
		wire_colour colour 0.109804 0.109804 0.694118
	}
}
JOINT Bip001_L_Toe0
{
	id 19
	visible	1
	scale_pivot	0 0 0
	rotate_pivot	0 0 0
	min_bound	0 0 0
	max_bound	0 0 0
	scale	1 1 1
	translate	18.3219 21.8944 1.35805e-006
	rotation_orient	0 0 0 1
	rotation	4.79426e-008 4.79426e-008 0.707107 0.707106
	joint_orient	0 0 0 1
	bind_pose_matrix
		-1.43051e-006 1 4.26326e-014 0
		-1 -1.43051e-006 1.35602e-007 0
		1.35602e-007 1.49214e-013 1 0
		18.3219 21.8944 1.35805e-006 1
	rotation_order xyz
	inherits_transform 1
	shearing 0 0 0
	rotate_pivot_translate	0 0 0
	scale_pivot_translate	0 0 0
	translate_limit_x -INF +INF
	translate_limit_y -INF +INF
	translate_limit_z -INF +INF
	rotate_limit_x -INF +INF
	rotate_limit_y -INF +INF
	rotate_limit_z -INF +INF
	scale_limit_x -INF +INF
	scale_limit_y -INF +INF
	scale_limit_z -INF +INF
	parent 21
	child_joints 0
	INSTANCE_LIST
	{
	}
	segment_scale_compensate 1
	EXTRA_ATTRIBUTES
	{
		original_name string "Bip001 L Toe0"
		wire_colour colour 0.423529 0.0313726 0.533333
	}
}
JOINT Bip001_L_UpperArm
{
	id 23
	visible	1
	scale_pivot	0 0 0
	rotate_pivot	0 0 0
	min_bound	0 0 0
	max_bound	0 0 0
	scale	1 1 1
	translate	22.4233 4.03579e-006 2.27713e-006
	rotation_orient	0 0 0 1
	rotation	-0.539283 -0.104438 -0.513066 0.659568
	joint_orient	0 0 0 1
	bind_pose_matrix
		0.451712 -0.56416 0.691143 0
		0.789447 -0.108126 -0.604221 0
		0.415608 0.818555 0.396533 0
		22.4233 4.03579e-006 2.27713e-006 1
	rotation_order xyz
	inherits_transform 1
	shearing 0 0 0
	rotate_pivot_translate	0 0 0
	scale_pivot_translate	0 0 0
	translate_limit_x -INF +INF
	translate_limit_y -INF +INF
	translate_limit_z -INF +INF
	rotate_limit_x -INF +INF
	rotate_limit_y -INF +INF
	rotate_limit_z -INF +INF
	scale_limit_x -INF +INF
	scale_limit_y -INF +INF
	scale_limit_z -INF +INF
	parent 26
	child_joints 1
		27 
	INSTANCE_LIST
	{
	}
	segment_scale_compensate 1
	EXTRA_ATTRIBUTES
	{
		original_name string "Bip001 L UpperArm"
		wire_colour colour 0.109804 0.109804 0.694118
	}
}
JOINT Bip001_Neck
{
	id 4
	visible	1
	scale_pivot	0 0 0
	rotate_pivot	0 0 0
	min_bound	0 0 0
	max_bound	0 0 0
	scale	1 1 1
	translate	32.8698 -9.33882 -1.86162e-006
	rotation_orient	0 0 0 1
	rotation	8.04301e-009 -8.65895e-007 0.314404 0.949289
	joint_orient	0 0 0 1
	bind_pose_matrix
		0.802301 0.59692 1.64903e-006 0
		-0.59692 0.802301 -5.29211e-007 0
		-1.63891e-006 -5.59752e-007 1 0
		32.8698 -9.33882 -1.86162e-006 1
	rotation_order xyz
	inherits_transform 1
	shearing 0 0 0
	rotate_pivot_translate	0 0 0
	scale_pivot_translate	0 0 0
	translate_limit_x -INF +INF
	translate_limit_y -INF +INF
	translate_limit_z -INF +INF
	rotate_limit_x -INF +INF
	rotate_limit_y -INF +INF
	rotate_limit_z -INF +INF
	scale_limit_x -INF +INF
	scale_limit_y -INF +INF
	scale_limit_z -INF +INF
	parent 11
	child_joints 1
		2 
	INSTANCE_LIST
	{
	}
	segment_scale_compensate 1
	EXTRA_ATTRIBUTES
	{
		original_name string "Bip001 Neck"
		wire_colour colour 0.0313726 0.431373 0.52549
	}
}
JOINT Bip001_Pelvis
{
	id 9
	visible	1
	scale_pivot	0 0 0
	rotate_pivot	0 0 0
	min_bound	0 0 0
	max_bound	0 0 0
	scale	1 1 1
	translate	-20.4638 -3.70917 3.75154e-006
	rotation_orient	0 0 0 1
	rotation	-0.499999 -0.5 -0.5 0.500001
	joint_orient	0 0 0 1
	bind_pose_matrix
		0 -1.40071e-006 1 0
		1 1.37091e-006 0 0
		-1.40071e-006 1 1.37091e-006 0
		-20.4638 -3.70917 3.75154e-006 1
	rotation_order xyz
	inherits_transform 1
	shearing 0 0 0
	rotate_pivot_translate	0 0 0
	scale_pivot_translate	0 0 0
	translate_limit_x -INF +INF
	translate_limit_y -INF +INF
	translate_limit_z -INF +INF
	rotate_limit_x -INF +INF
	rotate_limit_y -INF +INF
	rotate_limit_z -INF +INF
	scale_limit_x -INF +INF
	scale_limit_y -INF +INF
	scale_limit_z -INF +INF
	parent 1
	child_joints 4
		6 10 16 18 
	INSTANCE_LIST
	{
	}
	segment_scale_compensate 1
	EXTRA_ATTRIBUTES
	{
		original_name string "Bip001 Pelvis"
		wire_colour colour 0.878431 0.776471 0.341176
	}
}
JOINT Bip001_R_Calf
{
	id 20
	visible	1
	scale_pivot	0 0 0
	rotate_pivot	0 0 0
	min_bound	0 0 0
	max_bound	0 0 0
	scale	1 1 1
	translate	42.8806 5.98891e-006 2.56925e-006
	rotation_orient	0 0 0 1
	rotation	-1.62608e-008 -5.29487e-009 -0.500267 0.865871
	joint_orient	0 0 0 1
	bind_pose_matrix
		0.499466 -0.866333 2.54389e-008 0
		0.866333 0.499466 -2.28619e-008 0
		7.10015e-009 3.34573e-008 1 0
		42.8806 5.98891e-006 2.56925e-006 1
	rotation_order xyz
	inherits_transform 1
	shearing 0 0 0
	rotate_pivot_translate	0 0 0
	scale_pivot_translate	0 0 0
	translate_limit_x -INF +INF
	translate_limit_y -INF +INF
	translate_limit_z -INF +INF
	rotate_limit_x -INF +INF
	rotate_limit_y -INF +INF
	rotate_limit_z -INF +INF
	scale_limit_x -INF +INF
	scale_limit_y -INF +INF
	scale_limit_z -INF +INF
	parent 16
	child_joints 1
		13 
	INSTANCE_LIST
	{
	}
	segment_scale_compensate 1
	EXTRA_ATTRIBUTES
	{
		original_name string "Bip001 R Calf"
		wire_colour colour 0.0235294 0.52549 0.0235294
	}
}
JOINT Bip001_R_Clavicle
{
	id 25
	visible	1
	scale_pivot	0 0 0
	rotate_pivot	0 0 0
	min_bound	0 0 0
	max_bound	0 0 0
	scale	1 1 1
	translate	23.2608 -11.8074 -5.60506
	rotation_orient	0 0 0 1
	rotation	0.753557 0.0135865 -0.657043 -0.0161877
	joint_orient	0 0 0 1
	bind_pose_matrix
		0.13622 0.0417485 -0.989798 0
		-0.000795634 -0.999107 -0.0422506 0
		-0.990678 0.00654291 -0.136066 0
		23.2608 -11.8074 -5.60506 1
	rotation_order xyz
	inherits_transform 1
	shearing 0 0 0
	rotate_pivot_translate	0 0 0
	scale_pivot_translate	0 0 0
	translate_limit_x -INF +INF
	translate_limit_y -INF +INF
	translate_limit_z -INF +INF
	rotate_limit_x -INF +INF
	rotate_limit_y -INF +INF
	rotate_limit_z -INF +INF
	scale_limit_x -INF +INF
	scale_limit_y -INF +INF
	scale_limit_z -INF +INF
	parent 11
	child_joints 2
		15 31 
	INSTANCE_LIST
	{
	}
	segment_scale_compensate 1
	EXTRA_ATTRIBUTES
	{
		original_name string "Bip001 R Clavicle"
		wire_colour colour 0.0235294 0.52549 0.0235294
	}
}
JOINT Bip001_R_Foot
{
	id 13
	visible	1
	scale_pivot	0 0 0
	rotate_pivot	0 0 0
	min_bound	0 0 0
	max_bound	0 0 0
	scale	1 1 1
	translate	55.3239 -2.99777e-006 -3.43224e-006
	rotation_orient	0 0 0 1
	rotation	-0.101401 0.182464 0.0474883 0.976816
	joint_orient	0 0 0 1
	bind_pose_matrix
		0.928903 0.0557706 -0.366099 0
		-0.129779 0.974926 -0.18077 0
		0.346837 0.215429 0.912849 0
		55.3239 -2.99777e-006 -3.43224e-006 1
	rotation_order xyz
	inherits_transform 1
	shearing 0 0 0
	rotate_pivot_translate	0 0 0
	scale_pivot_translate	0 0 0
	translate_limit_x -INF +INF
	translate_limit_y -INF +INF
	translate_limit_z -INF +INF
	rotate_limit_x -INF +INF
	rotate_limit_y -INF +INF
	rotate_limit_z -INF +INF
	scale_limit_x -INF +INF
	scale_limit_y -INF +INF
	scale_limit_z -INF +INF
	parent 20
	child_joints 1
		12 
	INSTANCE_LIST
	{
	}
	segment_scale_compensate 1
	EXTRA_ATTRIBUTES
	{
		original_name string "Bip001 R Foot"
		wire_colour colour 0.0235294 0.52549 0.0235294
	}
}
JOINT Bip001_R_Forearm
{
	id 22
	visible	1
	scale_pivot	0 0 0
	rotate_pivot	0 0 0
	min_bound	0 0 0
	max_bound	0 0 0
	scale	1 1 1
	translate	50.8825 -4.09905e-006 -2.23632e-006
	rotation_orient	0 0 0 1
	rotation	1.10985e-008 4.12822e-008 -0.740159 0.672432
	joint_orient	0 0 0 1
	bind_pose_matrix
		-0.0956708 -0.995413 -7.19483e-008 0
		0.995413 -0.0956708 -4.61849e-008 0
		3.90897e-008 -7.60368e-008 1 0
		50.8825 -4.09905e-006 -2.23632e-006 1
	rotation_order xyz
	inherits_transform 1
	shearing 0 0 0
	rotate_pivot_translate	0 0 0
	scale_pivot_translate	0 0 0
	translate_limit_x -INF +INF
	translate_limit_y -INF +INF
	translate_limit_z -INF +INF
	rotate_limit_x -INF +INF
	rotate_limit_y -INF +INF
	rotate_limit_z -INF +INF
	scale_limit_x -INF +INF
	scale_limit_y -INF +INF
	scale_limit_z -INF +INF
	parent 15
	child_joints 1
		14 
	INSTANCE_LIST
	{
	}
	segment_scale_compensate 1
	EXTRA_ATTRIBUTES
	{
		original_name string "Bip001 R Forearm"
		wire_colour colour 0.0235294 0.52549 0.0235294
	}
}
JOINT Bip001_R_Hand
{
	id 14
	visible	1
	scale_pivot	0 0 0
	rotate_pivot	0 0 0
	min_bound	0 0 0
	max_bound	0 0 0
	scale	1 1 1
	translate	42.1284 -9.24408e-006 1.06914e-006
	rotation_orient	0 0 0 1
	rotation	0.716646 -0.229212 0.221292 0.620411
	joint_orient	0 0 0 1
	bind_pose_matrix
		0.796984 -0.0539432 0.601587 0
		-0.603111 -0.125105 0.787785 0
		0.0327656 -0.990676 -0.13224 0
		42.1284 -9.24408e-006 1.06914e-006 1
	rotation_order xyz
	inherits_transform 1
	shearing 0 0 0
	rotate_pivot_translate	0 0 0
	scale_pivot_translate	0 0 0
	translate_limit_x -INF +INF
	translate_limit_y -INF +INF
	translate_limit_z -INF +INF
	rotate_limit_x -INF +INF
	rotate_limit_y -INF +INF
	rotate_limit_z -INF +INF
	scale_limit_x -INF +INF
	scale_limit_y -INF +INF
	scale_limit_z -INF +INF
	parent 22
	child_joints 3
		34 35 36 
	INSTANCE_LIST
	{
	}
	segment_scale_compensate 1
	EXTRA_ATTRIBUTES
	{
		original_name string "Bip001 R Hand"
		wire_colour colour 0.0235294 0.52549 0.0235294
	}
}
JOINT Bip001_R_Thigh
{
	id 16
	visible	1
	scale_pivot	0 0 0
	rotate_pivot	0 0 0
	min_bound	0 0 0
	max_bound	0 0 0
	scale	1 1 1
	translate	2.63713e-005 -1.94418e-005 -16.5157
	rotation_orient	0 0 0 1
	rotation	0.483368 0.835802 -0.0905884 0.244099
	joint_orient	0 0 0 1
	bind_pose_matrix
		-0.413542 0.763775 -0.495612 0
		0.852225 0.516298 0.0845515 0
		0.320462 -0.387407 -0.864419 0
		2.63713e-005 -1.94418e-005 -16.5157 1
	rotation_order xyz
	inherits_transform 1
	shearing 0 0 0
	rotate_pivot_translate	0 0 0
	scale_pivot_translate	0 0 0
	translate_limit_x -INF +INF
	translate_limit_y -INF +INF
	translate_limit_z -INF +INF
	rotate_limit_x -INF +INF
	rotate_limit_y -INF +INF
	rotate_limit_z -INF +INF
	scale_limit_x -INF +INF
	scale_limit_y -INF +INF
	scale_limit_z -INF +INF
	parent 9
	child_joints 1
		20 
	INSTANCE_LIST
	{
	}
	segment_scale_compensate 1
	EXTRA_ATTRIBUTES
	{
		original_name string "Bip001 R Thigh"
		wire_colour colour 0.0235294 0.52549 0.0235294
	}
}
JOINT Bip001_R_Toe0
{
	id 12
	visible	1
	scale_pivot	0 0 0
	rotate_pivot	0 0 0
	min_bound	0 0 0
	max_bound	0 0 0
	scale	1 1 1
	translate	18.3219 21.8944 5.71328e-007
	rotation_orient	0 0 0 1
	rotation	-1.33125e-006 9.86441e-007 0.707107 0.707107
	joint_orient	0 0 0 1
	bind_pose_matrix
		5.36442e-007 1 -3.27771e-006 0
		-1 5.36442e-007 -4.87638e-007 0
		-4.87636e-007 3.27771e-006 1 0
		18.3219 21.8944 5.71328e-007 1
	rotation_order xyz
	inherits_transform 1
	shearing 0 0 0
	rotate_pivot_translate	0 0 0
	scale_pivot_translate	0 0 0
	translate_limit_x -INF +INF
	translate_limit_y -INF +INF
	translate_limit_z -INF +INF
	rotate_limit_x -INF +INF
	rotate_limit_y -INF +INF
	rotate_limit_z -INF +INF
	scale_limit_x -INF +INF
	scale_limit_y -INF +INF
	scale_limit_z -INF +INF
	parent 13
	child_joints 0
	INSTANCE_LIST
	{
	}
	segment_scale_compensate 1
	EXTRA_ATTRIBUTES
	{
		original_name string "Bip001 R Toe0"
		wire_colour colour 0.443137 0.52549 0.0235294
	}
}
JOINT Bip001_R_UpperArm
{
	id 15
	visible	1
	scale_pivot	0 0 0
	rotate_pivot	0 0 0
	min_bound	0 0 0
	max_bound	0 0 0
	scale	1 1 1
	translate	22.4233 -5.15203e-006 2.99906e-006
	rotation_orient	0 0 0 1
	rotation	0.942183 -0.0164655 -0.136605 0.305547
	joint_orient	0 0 0 1
	bind_pose_matrix
		0.962136 -0.114505 -0.247352 0
		0.0524515 -0.81274 0.580261 0
		-0.267476 -0.571264 -0.77596 0
		22.4233 -5.15203e-006 2.99906e-006 1
	rotation_order xyz
	inherits_transform 1
	shearing 0 0 0
	rotate_pivot_translate	0 0 0
	scale_pivot_translate	0 0 0
	translate_limit_x -INF +INF
	translate_limit_y -INF +INF
	translate_limit_z -INF +INF
	rotate_limit_x -INF +INF
	rotate_limit_y -INF +INF
	rotate_limit_z -INF +INF
	scale_limit_x -INF +INF
	scale_limit_y -INF +INF
	scale_limit_z -INF +INF
	parent 25
	child_joints 1
		22 
	INSTANCE_LIST
	{
	}
	segment_scale_compensate 1
	EXTRA_ATTRIBUTES
	{
		original_name string "Bip001 R UpperArm"
		wire_colour colour 0.0235294 0.52549 0.0235294
	}
}
JOINT Bip001_Spine
{
	id 10
	visible	1
	scale_pivot	0 0 0
	rotate_pivot	0 0 0
	min_bound	0 0 0
	max_bound	0 0 0
	scale	1 1 1
	translate	21.7768 -0.0126945 -0.000274829
	rotation_orient	0 0 0 1
	rotation	0.0149436 -0.035373 0.0877022 0.995406
	joint_orient	0 0 0 1
	bind_pose_matrix
		0.982114 0.173541 0.0730422 0
		-0.175656 0.98417 0.0235453 0
		-0.0677999 -0.0359545 0.997051 0
		21.7768 -0.0126945 -0.000274829 1
	rotation_order xyz
	inherits_transform 1
	shearing 0 0 0
	rotate_pivot_translate	0 0 0
	scale_pivot_translate	0 0 0
	translate_limit_x -INF +INF
	translate_limit_y -INF +INF
	translate_limit_z -INF +INF
	rotate_limit_x -INF +INF
	rotate_limit_y -INF +INF
	rotate_limit_z -INF +INF
	scale_limit_x -INF +INF
	scale_limit_y -INF +INF
	scale_limit_z -INF +INF
	parent 9
	child_joints 1
		11 
	INSTANCE_LIST
	{
	}
	segment_scale_compensate 1
	EXTRA_ATTRIBUTES
	{
		original_name string "Bip001 Spine"
		wire_colour colour 0.0313726 0.431373 0.52549
	}
}
JOINT Bip001_Spine1
{
	id 11
	visible	1
	scale_pivot	0 0 0
	rotate_pivot	0 0 0
	min_bound	0 0 0
	max_bound	0 0 0
	scale	1 1 1
	translate	16.2173 -0.018885 0.00575324
	rotation_orient	0 0 0 1
	rotation	-0.105809 -0.0492968 0.331892 0.936067
	joint_orient	0 0 0 1
	bind_pose_matrix
		0.774836 0.631778 0.0220562 0
		-0.610914 0.757305 -0.230811 0
		-0.162524 0.165366 0.972749 0
		16.2173 -0.018885 0.00575324 1
	rotation_order xyz
	inherits_transform 1
	shearing 0 0 0
	rotate_pivot_translate	0 0 0
	scale_pivot_translate	0 0 0
	translate_limit_x -INF +INF
	translate_limit_y -INF +INF
	translate_limit_z -INF +INF
	rotate_limit_x -INF +INF
	rotate_limit_y -INF +INF
	rotate_limit_z -INF +INF
	scale_limit_x -INF +INF
	scale_limit_y -INF +INF
	scale_limit_z -INF +INF
	parent 10
	child_joints 3
		4 25 26 
	INSTANCE_LIST
	{
	}
	segment_scale_compensate 1
	EXTRA_ATTRIBUTES
	{
		original_name string "Bip001 Spine1"
		wire_colour colour 0.0313726 0.431373 0.52549
	}
}
JOINT be_F_tabard_01
{
	id 7
	visible	0
	scale_pivot	0 0 0
	rotate_pivot	0 0 0
	min_bound	0 0 0
	max_bound	0 0 0
	scale	1 1 1
	translate	24.8568 -2.1128e-005 8.14887e-007
	rotation_orient	0 0 0 1
	rotation	5.51873e-007 -0.0206186 9.70939e-009 0.999787
	joint_orient	0 0 0 1
	bind_pose_matrix
		0.99915 -3.34308e-009 0.0412285 0
		-4.21724e-008 1 1.10311e-006 0
		-0.0412285 -1.10391e-006 0.99915 0
		24.8568 -2.1128e-005 8.14887e-007 1
	rotation_order xyz
	inherits_transform 1
	shearing 0 0 0
	rotate_pivot_translate	0 0 0
	scale_pivot_translate	0 0 0
	translate_limit_x -INF +INF
	translate_limit_y -INF +INF
	translate_limit_z -INF +INF
	rotate_limit_x -INF +INF
	rotate_limit_y -INF +INF
	rotate_limit_z -INF +INF
	scale_limit_x -INF +INF
	scale_limit_y -INF +INF
	scale_limit_z -INF +INF
	parent 5
	child_joints 0
	INSTANCE_LIST
	{
	}
	segment_scale_compensate 1
	EXTRA_ATTRIBUTES
	{
		wire_colour colour 0.682353 0.729412 0.796078
	}
}
JOINT bn_F_tabard_01
{
	id 6
	visible	0
	scale_pivot	0 0 0
	rotate_pivot	0 0 0
	min_bound	0 0 0
	max_bound	0 0 0
	scale	1 1 1
	translate	12.9496 19.7355 -2.93413e-005
	rotation_orient	0 0 0 1
	rotation	0.240933 0.677147 0.670638 0.183488
	joint_orient	0 0 0 1
	bind_pose_matrix
		-0.816567 0.572402 0.0746615 0
		0.0801873 -0.0156072 0.996658 0
		0.571654 0.819825 -0.033155 0
		12.9496 19.7355 -2.93413e-005 1
	rotation_order xyz
	inherits_transform 1
	shearing 0 0 0
	rotate_pivot_translate	0 0 0
	scale_pivot_translate	0 0 0
	translate_limit_x -INF +INF
	translate_limit_y -INF +INF
	translate_limit_z -INF +INF
	rotate_limit_x -INF +INF
	rotate_limit_y -INF +INF
	rotate_limit_z -INF +INF
	scale_limit_x -INF +INF
	scale_limit_y -INF +INF
	scale_limit_z -INF +INF
	parent 9
	child_joints 1
		8 
	INSTANCE_LIST
	{
	}
	segment_scale_compensate 1
	EXTRA_ATTRIBUTES
	{
		wire_colour colour 0.682353 0.729412 0.796078
	}
}
JOINT bn_F_tabard_02
{
	id 8
	visible	0
	scale_pivot	0 0 0
	rotate_pivot	0 0 0
	min_bound	0 0 0
	max_bound	0 0 0
	scale	1 1 1
	translate	19.4102 -2.66513e-006 -1.31119e-005
	rotation_orient	0 0 0 1
	rotation	-0.00604434 0.0963089 -0.0690054 0.992938
	joint_orient	0 0 0 1
	bind_pose_matrix
		0.971926 -0.1382 -0.190423 0
		0.135872 0.990403 -0.025295 0
		0.192092 -0.00128835 0.981376 0
		19.4102 -2.66513e-006 -1.31119e-005 1
	rotation_order xyz
	inherits_transform 1
	shearing 0 0 0
	rotate_pivot_translate	0 0 0
	scale_pivot_translate	0 0 0
	translate_limit_x -INF +INF
	translate_limit_y -INF +INF
	translate_limit_z -INF +INF
	rotate_limit_x -INF +INF
	rotate_limit_y -INF +INF
	rotate_limit_z -INF +INF
	scale_limit_x -INF +INF
	scale_limit_y -INF +INF
	scale_limit_z -INF +INF
	parent 6
	child_joints 1
		5 
	INSTANCE_LIST
	{
	}
	segment_scale_compensate 1
	EXTRA_ATTRIBUTES
	{
		wire_colour colour 0.682353 0.729412 0.796078
	}
}
JOINT bn_F_tabard_03
{
	id 5
	visible	0
	scale_pivot	0 0 0
	rotate_pivot	0 0 0
	min_bound	0 0 0
	max_bound	0 0 0
	scale	1 1 1
	translate	22.1778 7.61816e-006 -2.2951e-005
	rotation_orient	0 0 0 1
	rotation	0.00930355 0.132907 0.0434897 0.99013
	joint_orient	0 0 0 1
	bind_pose_matrix
		0.960889 0.0885939 -0.262381 0
		-0.0836479 0.996044 0.0299836 0
		0.263999 -0.00686331 0.964499 0
		22.1778 7.61816e-006 -2.2951e-005 1
	rotation_order xyz
	inherits_transform 1
	shearing 0 0 0
	rotate_pivot_translate	0 0 0
	scale_pivot_translate	0 0 0
	translate_limit_x -INF +INF
	translate_limit_y -INF +INF
	translate_limit_z -INF +INF
	rotate_limit_x -INF +INF
	rotate_limit_y -INF +INF
	rotate_limit_z -INF +INF
	scale_limit_x -INF +INF
	scale_limit_y -INF +INF
	scale_limit_z -INF +INF
	parent 8
	child_joints 1
		7 
	INSTANCE_LIST
	{
	}
	segment_scale_compensate 1
	EXTRA_ATTRIBUTES
	{
		wire_colour colour 0.682353 0.729412 0.796078
	}
}
BONE bn_fingers_L_01
{
	id 37
	visible	0
	scale_pivot	0 0 0
	rotate_pivot	0 0 0
	min_bound	0 0 0
	max_bound	0 0 0
	scale	1 1 1
	translate	24.2948 4.53717 -2.43627
	rotation_orient	0 0 0 1
	rotation	-0.051017 -0.0475739 0.752871 0.654461
	joint_orient	0 0 0 1
	bind_pose_matrix
		-0.138157 0.990304 -0.014548 0
		-0.980595 -0.138836 -0.138411 0
		-0.139089 -0.00485674 0.990268 0
		24.2948 4.53717 -2.43627 1
	rotation_order xyz
	inherits_transform 1
	shearing 0 0 0
	rotate_pivot_translate	0 0 0
	scale_pivot_translate	0 0 0
	translate_limit_x -INF +INF
	translate_limit_y -INF +INF
	translate_limit_z -INF +INF
	rotate_limit_x -INF +INF
	rotate_limit_y -INF +INF
	rotate_limit_z -INF +INF
	scale_limit_x -INF +INF
	scale_limit_y -INF +INF
	scale_limit_z -INF +INF
	parent 24
	child_joints 0
	INSTANCE_LIST
	{
	}
	EXTRA_ATTRIBUTES
	{
		wire_colour colour 0.054902 1 0.00784314
	}
}
BONE bn_fingers_R_01
{
	id 35
	visible	0
	scale_pivot	0 0 0
	rotate_pivot	0 0 0
	min_bound	0 0 0
	max_bound	0 0 0
	scale	1 1 1
	translate	25.1662 4.50304 2.89668
	rotation_orient	0 0 0 1
	rotation	-0.0541642 -0.142022 0.701832 0.695937
	joint_orient	0 0 0 1
	bind_pose_matrix
		-0.0254761 0.992246 0.121648 0
		-0.961476 0.00899667 -0.27474 0
		-0.273705 -0.123961 0.953792 0
		25.1662 4.50304 2.89668 1
	rotation_order xyz
	inherits_transform 1
	shearing 0 0 0
	rotate_pivot_translate	0 0 0
	scale_pivot_translate	0 0 0
	translate_limit_x -INF +INF
	translate_limit_y -INF +INF
	translate_limit_z -INF +INF
	rotate_limit_x -INF +INF
	rotate_limit_y -INF +INF
	rotate_limit_z -INF +INF
	scale_limit_x -INF +INF
	scale_limit_y -INF +INF
	scale_limit_z -INF +INF
	parent 14
	child_joints 0
	INSTANCE_LIST
	{
	}
	EXTRA_ATTRIBUTES
	{
		wire_colour colour 0.054902 1 0.00784314
	}
}
BONE bn_mouth_01
{
	id 30
	visible	0
	scale_pivot	0 0 0
	rotate_pivot	0 0 0
	min_bound	0 0 0
	max_bound	0 0 0
	scale	1 1 1
	translate	9.78493 -3.94773 -3.81803e-005
	rotation_orient	0 0 0 1
	rotation	0.703376 -0.0725904 0.703366 0.0725891
	joint_orient	0 0 0 1
	bind_pose_matrix
		1.32322e-005 -3.18885e-006 1 0
		-0.20423 -0.978923 -4.39584e-007 0
		0.978923 -0.20423 -1.34706e-005 0
		9.78493 -3.94773 -3.81803e-005 1
	rotation_order xyz
	inherits_transform 1
	shearing 0 0 0
	rotate_pivot_translate	0 0 0
	scale_pivot_translate	0 0 0
	translate_limit_x -INF +INF
	translate_limit_y -INF +INF
	translate_limit_z -INF +INF
	rotate_limit_x -INF +INF
	rotate_limit_y -INF +INF
	rotate_limit_z -INF +INF
	scale_limit_x -INF +INF
	scale_limit_y -INF +INF
	scale_limit_z -INF +INF
	parent 3
	child_joints 0
	INSTANCE_LIST
	{
	}
	EXTRA_ATTRIBUTES
	{
		wire_colour colour 0 0.988235 0
	}
}
BONE bn_mouth_L_01
{
	id 28
	visible	0
	scale_pivot	0 0 0
	rotate_pivot	0 0 0
	min_bound	0 0 0
	max_bound	0 0 0
	scale	1 1 1
	translate	8.01526 -3.79136 2.79226
	rotation_orient	0 0 0 1
	rotation	0.416017 0.0443936 0.849811 0.320592
	joint_orient	0 0 0 1
	bind_pose_matrix
		-0.4483 0.581823 0.678608 0
		-0.507949 -0.7905 0.342196 0
		0.735537 -0.191292 0.649917 0
		8.01526 -3.79136 2.79226 1
	rotation_order xyz
	inherits_transform 1
	shearing 0 0 0
	rotate_pivot_translate	0 0 0
	scale_pivot_translate	0 0 0
	translate_limit_x -INF +INF
	translate_limit_y -INF +INF
	translate_limit_z -INF +INF
	rotate_limit_x -INF +INF
	rotate_limit_y -INF +INF
	rotate_limit_z -INF +INF
	scale_limit_x -INF +INF
	scale_limit_y -INF +INF
	scale_limit_z -INF +INF
	parent 3
	child_joints 0
	INSTANCE_LIST
	{
	}
	EXTRA_ATTRIBUTES
	{
		wire_colour colour 0 0.988235 0
	}
}
BONE bn_mouth_R_01
{
	id 29
	visible	0
	scale_pivot	0 0 0
	rotate_pivot	0 0 0
	min_bound	0 0 0
	max_bound	0 0 0
	scale	1 1 1
	translate	8.00369 -3.77692 -2.80794
	rotation_orient	0 0 0 1
	rotation	-0.452459 -0.0274345 0.833561 0.31576
	joint_orient	0 0 0 1
	bind_pose_matrix
		-0.391154 0.551236 -0.736979 0
		-0.501584 -0.799086 -0.331473 0
		-0.771629 0.24 0.589057 0
		8.00369 -3.77692 -2.80794 1
	rotation_order xyz
	inherits_transform 1
	shearing 0 0 0
	rotate_pivot_translate	0 0 0
	scale_pivot_translate	0 0 0
	translate_limit_x -INF +INF
	translate_limit_y -INF +INF
	translate_limit_z -INF +INF
	rotate_limit_x -INF +INF
	rotate_limit_y -INF +INF
	rotate_limit_z -INF +INF
	scale_limit_x -INF +INF
	scale_limit_y -INF +INF
	scale_limit_z -INF +INF
	parent 3
	child_joints 0
	INSTANCE_LIST
	{
	}
	EXTRA_ATTRIBUTES
	{
		wire_colour colour 0 0.988235 0
	}
}
JOINT bn_shoulderpad_L
{
	id 32
	visible	0
	scale_pivot	0 0 0
	rotate_pivot	0 0 0
	min_bound	0 0 0
	max_bound	0 0 0
	scale	1 1 1
	translate	22.4233 4.03579e-006 2.27713e-006
	rotation_orient	0 0 0 1
	rotation	-0.449807 -0.206185 -0.169372 0.852335
	joint_orient	0 0 0 1
	bind_pose_matrix
		0.857601 -0.103236 0.503847 0
		0.474211 0.537973 -0.696928 0
		-0.199108 0.836616 0.510323 0
		22.4233 4.03579e-006 2.27713e-006 1
	rotation_order xyz
	inherits_transform 1
	shearing 0 0 0
	rotate_pivot_translate	0 0 0
	scale_pivot_translate	0 0 0
	translate_limit_x -INF +INF
	translate_limit_y -INF +INF
	translate_limit_z -INF +INF
	rotate_limit_x -INF +INF
	rotate_limit_y -INF +INF
	rotate_limit_z -INF +INF
	scale_limit_x -INF +INF
	scale_limit_y -INF +INF
	scale_limit_z -INF +INF
	parent 26
	child_joints 0
	INSTANCE_LIST
	{
	}
	segment_scale_compensate 1
	EXTRA_ATTRIBUTES
	{
		wire_colour colour 0.643137 0.776471 0.807843
	}
}
JOINT bn_shoulderpad_R
{
	id 31
	visible	0
	scale_pivot	0 0 0
	rotate_pivot	0 0 0
	min_bound	0 0 0
	max_bound	0 0 0
	scale	1 1 1
	translate	23.4249 -5.27636 9.68052
	rotation_orient	0 0 0 1
	rotation	0.724145 0.136839 0.116614 0.665801
	joint_orient	0 0 0 1
	bind_pose_matrix
		0.935353 0.353465 -0.0133234 0
		0.0428985 -0.0759697 0.996187 0
		0.351105 -0.932358 -0.0862216 0
		23.4249 -5.27636 9.68052 1
	rotation_order xyz
	inherits_transform 1
	shearing 0 0 0
	rotate_pivot_translate	0 0 0
	scale_pivot_translate	0 0 0
	translate_limit_x -INF +INF
	translate_limit_y -INF +INF
	translate_limit_z -INF +INF
	rotate_limit_x -INF +INF
	rotate_limit_y -INF +INF
	rotate_limit_z -INF +INF
	scale_limit_x -INF +INF
	scale_limit_y -INF +INF
	scale_limit_z -INF +INF
	parent 25
	child_joints 0
	INSTANCE_LIST
	{
	}
	segment_scale_compensate 1
	EXTRA_ATTRIBUTES
	{
		wire_colour colour 0.643137 0.776471 0.807843
	}
}
BONE bn_thumb_L_01
{
	id 33
	visible	0
	scale_pivot	0 0 0
	rotate_pivot	0 0 0
	min_bound	0 0 0
	max_bound	0 0 0
	scale	1 1 1
	translate	3.80867 8.92636 -10.8076
	rotation_orient	0 0 0 1
	rotation	0.288358 0.464325 0.12543 0.827961
	joint_orient	0 0 0 1
	bind_pose_matrix
		0.53734 0.475485 -0.696548 0
		0.0600818 0.802234 0.593979 0
		0.841223 -0.361018 0.402505 0
		3.80867 8.92636 -10.8076 1
	rotation_order xyz
	inherits_transform 1
	shearing 0 0 0
	rotate_pivot_translate	0 0 0
	scale_pivot_translate	0 0 0
	translate_limit_x -INF +INF
	translate_limit_y -INF +INF
	translate_limit_z -INF +INF
	rotate_limit_x -INF +INF
	rotate_limit_y -INF +INF
	rotate_limit_z -INF +INF
	scale_limit_x -INF +INF
	scale_limit_y -INF +INF
	scale_limit_z -INF +INF
	parent 24
	child_joints 0
	INSTANCE_LIST
	{
	}
	EXTRA_ATTRIBUTES
	{
		wire_colour colour 0.054902 1 0.00784314
	}
}
BONE bn_thumb_R_01
{
	id 34
	visible	0
	scale_pivot	0 0 0
	rotate_pivot	0 0 0
	min_bound	0 0 0
	max_bound	0 0 0
	scale	1 1 1
	translate	3.80857 8.92632 10.8074
	rotation_orient	0 0 0 1
	rotation	-0.640343 -0.256351 0.334891 0.641945
	joint_orient	0 0 0 1
	bind_pose_matrix
		0.644264 0.758269 -0.0997634 0
		-0.101658 -0.0443814 -0.993829 0
		-0.758017 0.65043 0.0484909 0
		3.80857 8.92632 10.8074 1
	rotation_order xyz
	inherits_transform 1
	shearing 0 0 0
	rotate_pivot_translate	0 0 0
	scale_pivot_translate	0 0 0
	translate_limit_x -INF +INF
	translate_limit_y -INF +INF
	translate_limit_z -INF +INF
	rotate_limit_x -INF +INF
	rotate_limit_y -INF +INF
	rotate_limit_z -INF +INF
	scale_limit_x -INF +INF
	scale_limit_y -INF +INF
	scale_limit_z -INF +INF
	parent 14
	child_joints 0
	INSTANCE_LIST
	{
	}
	EXTRA_ATTRIBUTES
	{
		wire_colour colour 0.054902 1 0.00784314
	}
}
BONE bn_weapon_01
{
	id 36
	visible	0
	scale_pivot	0 0 0
	rotate_pivot	0 0 0
	min_bound	0 0 0
	max_bound	0 0 0
	scale	1 1 1
	translate	19.9492 8.98742 -11.104
	rotation_orient	0 0 0 1
	rotation	0.187369 -0.767777 0.215002 0.573747
	joint_orient	0 0 0 1
	bind_pose_matrix
		-0.271416 -0.0410017 0.961589 0
		-0.534429 0.837334 -0.115143 0
		-0.80045 -0.545152 -0.249178 0
		19.9492 8.98742 -11.104 1
	rotation_order xyz
	inherits_transform 1
	shearing 0 0 0
	rotate_pivot_translate	0 0 0
	scale_pivot_translate	0 0 0
	translate_limit_x -INF +INF
	translate_limit_y -INF +INF
	translate_limit_z -INF +INF
	rotate_limit_x -INF +INF
	rotate_limit_y -INF +INF
	rotate_limit_z -INF +INF
	scale_limit_x -INF +INF
	scale_limit_y -INF +INF
	scale_limit_z -INF +INF
	parent 14
	child_joints 0
	INSTANCE_LIST
	{
	}
	EXTRA_ATTRIBUTES
	{
		wire_colour colour 0.054902 1 0.00784314
	}
}
JOINT root_displacement
{
	id 38
	visible	0
	scale_pivot	0 0 0
	rotate_pivot	0 0 0
	min_bound	0 0 0
	max_bound	0 0 0
	scale	1 1 1
	translate	0 0 0
	rotation_orient	0 0 0 1
	rotation	0 0 0 1
	joint_orient	0 0 0 1
	bind_pose_matrix
		1 0 0 0
		0 1 0 0
		0 0 1 0
		0 0 0 1
	rotation_order xyz
	inherits_transform 1
	shearing 0 0 0
	rotate_pivot_translate	0 0 0
	scale_pivot_translate	0 0 0
	translate_limit_x -INF +INF
	translate_limit_y -INF +INF
	translate_limit_z -INF +INF
	rotate_limit_x -INF +INF
	rotate_limit_y -INF +INF
	rotate_limit_z -INF +INF
	scale_limit_x -INF +INF
	scale_limit_y -INF +INF
	scale_limit_z -INF +INF
	parent 0
	child_joints 0
	INSTANCE_LIST
	{
	}
	segment_scale_compensate 1
	EXTRA_ATTRIBUTES
	{
		wire_colour colour 0 0.87451 0.145098
	}
}
ANIMATION_TAKE stunned_01
{
	id 39
	start_time 40
	end_time 80
	fps 30
	current_time 0
	num_animated_nodes 38
	num_event_tracks 0
	ANIM_NODE 38
	{
		num_animated_attrs 3
		num_animated_attrs_user 0
		ATTR rotation
		{
			num_streams 1
			elements_per_sample 4
			POSE_KEY
			{
				0 0 0 1 
			}
		}
		ATTR scale
		{
			num_streams 1
			elements_per_sample 3
			POSE_KEY
			{
				1 1 1 
			}
		}
		ATTR translate
		{
			num_streams 1
			elements_per_sample 3
			POSE_KEY
			{
				0 0 -0 
			}
		}
	}
	ANIM_NODE 1
	{
		num_animated_attrs 3
		num_animated_attrs_user 0
		ATTR rotation
		{
			num_streams 1
			elements_per_sample 4
			POSE_KEY
			{
				0.0394356 -0.575753 -0.053117 0.814943 
			}
		}
		ATTR scale
		{
			num_streams 1
			elements_per_sample 3
			POSE_KEY
			{
				1 1 1 
			}
		}
		ATTR translate
		{
			num_streams 1
			elements_per_sample 3
			SAMPLED_KEYS
			{

				7.88097 88.9778 9.36805 
				7.88097 89.3948 9.36805 
				7.88097 90.131 9.36805 
				7.88097 91.0634 9.36805 
				7.88097 92.0692 9.36805 
				7.88097 93.0254 9.36805 
				7.88097 93.8089 9.36805 
				7.88097 94.2964 9.36805 
				7.88097 94.5614 9.36805 
				7.88097 94.7573 9.36805 
				7.88097 94.8934 9.36805 
				7.88097 94.9835 9.36805 
				7.88097 95.0305 9.36805 
				7.88097 95.0372 9.36805 
				7.88097 95.0064 9.36805 
				7.88097 94.9407 9.36805 
				7.88097 94.8428 9.36805 
				7.88097 94.715 9.36805 
				7.88097 94.5598 9.36805 
				7.88097 94.3796 9.36805 
				7.88097 94.1766 9.36805 
				7.88097 93.8367 9.36805 
				7.88097 93.295 9.36805 
				7.88097 92.6284 9.36805 
				7.88097 91.9135 9.36805 
				7.88097 91.2273 9.36805 
				7.88097 90.6465 9.36805 
				7.88097 90.2478 9.36805 
				7.88097 89.9742 9.36805 
				7.88097 89.7224 9.36805 
				7.88097 89.4896 9.36805 
				7.88097 89.2721 9.36805 
				7.88097 89.076 9.36805 
				7.88097 88.9075 9.36805 
				7.88097 88.7725 9.36805 
				7.88097 88.6767 9.36805 
				7.88097 88.6259 9.36805 
				7.88097 88.6253 9.36805 
				7.88097 88.6804 9.36805 
				7.88097 88.7962 9.36805 
				7.88097 88.9778 9.36805 
			}
		}
	}
	ANIM_NODE 9
	{
		num_animated_attrs 3
		num_animated_attrs_user 0
		ATTR rotation
		{
			num_streams 1
			elements_per_sample 4
			SAMPLED_KEYS
			{

				-0.499999 -0.5 0.5 0.500001 
				-0.504733 -0.495221 0.495221 0.504734 
				-0.510019 -0.489775 0.489775 0.51002 
				-0.515585 -0.483913 0.483913 0.515586 
				-0.521166 -0.477896 0.477896 0.521168 
				-0.526513 -0.471999 0.471999 0.526514 
				-0.531386 -0.466506 0.466506 0.531388 
				-0.535558 -0.461711 0.461711 0.535559 
				-0.538808 -0.457914 0.457914 0.538809 
				-0.54092 -0.455417 0.455417 0.540922 
				-0.541674 -0.454519 0.454519 0.541676 
				-0.54092 -0.455417 0.455417 0.540922 
				-0.538808 -0.457914 0.457914 0.538809 
				-0.535558 -0.461711 0.461711 0.535559 
				-0.531386 -0.466506 0.466506 0.531388 
				-0.526513 -0.471999 0.471999 0.526514 
				-0.521166 -0.477896 0.477896 0.521168 
				-0.515585 -0.483913 0.483913 0.515586 
				-0.510019 -0.489775 0.489775 0.51002 
				-0.504733 -0.495221 0.495221 0.504734 
				-0.499999 -0.5 0.5 0.500001 
				0.495221 0.504733 -0.504733 -0.495222 
				0.489775 0.51002 -0.51002 -0.489776 
				0.483912 0.515585 -0.515585 -0.483914 
				0.477896 0.521167 -0.521167 -0.477897 
				0.471999 0.526514 -0.526514 -0.472 
				0.466506 0.531387 -0.531387 -0.466507 
				0.46171 0.535558 -0.535558 -0.461712 
				0.457913 0.538809 -0.538809 -0.457915 
				0.455416 0.540921 -0.540921 -0.455418 
				0.454519 0.541675 -0.541675 -0.45452 
				0.455416 0.540921 -0.540921 -0.455418 
				0.457913 0.538809 -0.538809 -0.457915 
				0.46171 0.535558 -0.535558 -0.461712 
				0.466506 0.531387 -0.531387 -0.466507 
				0.471999 0.526514 -0.526514 -0.472 
				0.477896 0.521167 -0.521167 -0.477897 
				0.483912 0.515585 -0.515585 -0.483914 
				0.489775 0.51002 -0.51002 -0.489776 
				0.495221 0.504733 -0.504733 -0.495222 
				-0.499999 -0.5 0.5 0.500001 
			}
		}
		ATTR scale
		{
			num_streams 1
			elements_per_sample 3
			POSE_KEY
			{
				1 1 1 
			}
		}
		ATTR translate
		{
			num_streams 1
			elements_per_sample 3
			SAMPLED_KEYS
			{

				-20.4638 3.75154e-006 3.70917 
				-20.232 1.42042e-006 3.53256 
				-19.8051 3.67895e-006 3.249 
				-19.2308 -7.99916e-007 2.88285 
				-18.5567 -3.95299e-006 2.45819 
