|XMD_005A#0MAX#0005.0.4|
JOINT Bip001
{
	id 1
	visible	1
	scale_pivot	0 0 0
	rotate_pivot	0 0 0
	min_bound	0 0 0
	max_bound	0 0 0
	scale	1 1 1
	translate	10.0081 77.9174 18.2607
	rotation_orient	0 0 0 1
	rotation	0.110103 0.987494 0.0493964 -0.101458
	joint_orient	0 0 0 1
	bind_pose_matrix
		-0.955167 0.207429 0.211255 0
		0.227476 0.970875 0.0752156 0
		-0.189501 0.119899 -0.974533 0
		10.0081 77.9174 18.2607 1
	rotation_order xyz
	inherits_transform 1
	shearing 0 0 0
	rotate_pivot_translate	0 0 0
	scale_pivot_translate	0 0 0
	translate_limit_x -INF +INF
	translate_limit_y -INF +INF
	translate_limit_z -INF +INF
	rotate_limit_x -INF +INF
	rotate_limit_y -INF +INF
	rotate_limit_z -INF +INF
	scale_limit_x -INF +INF
	scale_limit_y -INF +INF
	scale_limit_z -INF +INF
	parent 0
	child_joints 1
		9 
	INSTANCE_LIST
	{
	}
	segment_scale_compensate 1
	EXTRA_ATTRIBUTES
	{
		wire_colour colour 1 0 0
	}
}
JOINT Bip001_Head
{
	id 2
	visible	1
	scale_pivot	0 0 0
	rotate_pivot	0 0 0
	min_bound	0 0 0
	max_bound	0 0 0
	scale	1 1 1
	translate	11.5934 2.36861e-06 -4.06866e-06
	rotation_orient	0 0 0 1
	rotation	0.700992 -0.0446705 0.214587 0.678651
	joint_orient	0 0 0 1
	bind_pose_matrix
		0.903914 0.228632 0.361479 0
		-0.353887 -0.0748742 0.932287 0
		0.240216 -0.97063 0.0132301 0
		11.5934 2.36861e-06 -4.06866e-06 1
	rotation_order xyz
	inherits_transform 1
	shearing 0 0 0
	rotate_pivot_translate	0 0 0
	scale_pivot_translate	0 0 0
	translate_limit_x -INF +INF
	translate_limit_y -INF +INF
	translate_limit_z -INF +INF
	rotate_limit_x -INF +INF
	rotate_limit_y -INF +INF
	rotate_limit_z -INF +INF
	scale_limit_x -INF +INF
	scale_limit_y -INF +INF
	scale_limit_z -INF +INF
	parent 4
	child_joints 1
		3 
	INSTANCE_LIST
	{
	}
	segment_scale_compensate 1
	EXTRA_ATTRIBUTES
	{
		original_name string "Bip001 Head"
		wire_colour colour 0.65098 0.792157 0.941176
	}
}
JOINT Bip001_Jaw
{
	id 3
	visible	1
	scale_pivot	0 0 0
	rotate_pivot	0 0 0
	min_bound	0 0 0
	max_bound	0 0 0
	scale	1 1 1
	translate	3.87301 -3.89056e-05 -2.50609
	rotation_orient	0 0 0 1
	rotation	6.73915e-09 0.793596 2.20531e-06 0.608445
	joint_orient	0 0 0 1
	bind_pose_matrix
		-0.259589 2.69432e-06 -0.965719 0
		-2.67293e-06 1 3.50846e-06 0
		0.965719 3.49206e-06 -0.259589 0
		3.87301 -3.89056e-05 -2.50609 1
	rotation_order xyz
	inherits_transform 1
	shearing 0 0 0
	rotate_pivot_translate	0 0 0
	scale_pivot_translate	0 0 0
	translate_limit_x -INF +INF
	translate_limit_y -INF +INF
	translate_limit_z -INF +INF
	rotate_limit_x -INF +INF
	rotate_limit_y -INF +INF
	rotate_limit_z -INF +INF
	scale_limit_x -INF +INF
	scale_limit_y -INF +INF
	scale_limit_z -INF +INF
	parent 2
	child_joints 3
		28 29 30 
	INSTANCE_LIST
	{
	}
	segment_scale_compensate 1
	EXTRA_ATTRIBUTES
	{
		original_name string "Bip001 Jaw"
		wire_colour colour 0.988235 0 0
	}
}
JOINT Bip001_L_Calf
{
	id 17
	visible	1
	scale_pivot	0 0 0
	rotate_pivot	0 0 0
	min_bound	0 0 0
	max_bound	0 0 0
	scale	1 1 1
	translate	42.8806 -1.13583e-06 -1.38582e-06
	rotation_orient	0 0 0 1
	rotation	2.89742e-08 -0.735661 -4.72238e-09 0.67735
	joint_orient	0 0 0 1
	bind_pose_matrix
		-0.0823953 -4.90278e-08 0.9966 0
		-3.6233e-08 1 4.61995e-08 0
		-0.9966 -3.23032e-08 -0.0823953 0
		42.8806 -1.13583e-06 -1.38582e-06 1
	rotation_order xyz
	inherits_transform 1
	shearing 0 0 0
	rotate_pivot_translate	0 0 0
	scale_pivot_translate	0 0 0
	translate_limit_x -INF +INF
	translate_limit_y -INF +INF
	translate_limit_z -INF +INF
	rotate_limit_x -INF +INF
	rotate_limit_y -INF +INF
	rotate_limit_z -INF +INF
	scale_limit_x -INF +INF
	scale_limit_y -INF +INF
	scale_limit_z -INF +INF
	parent 18
	child_joints 1
		21 
	INSTANCE_LIST
	{
	}
	segment_scale_compensate 1
	EXTRA_ATTRIBUTES
	{
		original_name string "Bip001 L Calf"
		wire_colour colour 0.109804 0.109804 0.694118
	}
}
JOINT Bip001_L_Clavicle
{
	id 26
	visible	1
	scale_pivot	0 0 0
	rotate_pivot	0 0 0
	min_bound	0 0 0
	max_bound	0 0 0
	scale	1 1 1
	translate	23.2608 5.60499 11.8075
	rotation_orient	0 0 0 1
	rotation	0.764011 0.623396 -0.104855 0.12911
	joint_orient	0 0 0 1
	bind_pose_matrix
		0.200765 0.925488 -0.321194 0
		0.979639 -0.189416 0.0665504 0
		0.00075227 -0.328015 -0.944672 0
		23.2608 5.60499 11.8075 1
	rotation_order xyz
	inherits_transform 1
	shearing 0 0 0
	rotate_pivot_translate	0 0 0
	scale_pivot_translate	0 0 0
	translate_limit_x -INF +INF
	translate_limit_y -INF +INF
	translate_limit_z -INF +INF
	rotate_limit_x -INF +INF
	rotate_limit_y -INF +INF
	rotate_limit_z -INF +INF
	scale_limit_x -INF +INF
	scale_limit_y -INF +INF
	scale_limit_z -INF +INF
	parent 11
	child_joints 2
		23 32 
	INSTANCE_LIST
	{
	}
	segment_scale_compensate 1
	EXTRA_ATTRIBUTES
	{
		original_name string "Bip001 L Clavicle"
		wire_colour colour 0.109804 0.109804 0.694118
	}
}
JOINT Bip001_L_Foot
{
	id 21
	visible	1
	scale_pivot	0 0 0
	rotate_pivot	0 0 0
	min_bound	0 0 0
	max_bound	0 0 0
	scale	1 1 1
	translate	55.3239 3.2324e-06 2.82129e-06
	rotation_orient	0 0 0 1
	rotation	-0.14254 0.325677 0.368448 0.85899
	joint_orient	0 0 0 1
	bind_pose_matrix
		0.516362 0.540141 -0.664543 0
		-0.725829 0.687857 -0.00489141 0
		0.454469 0.484871 0.747234 0
		55.3239 3.2324e-06 2.82129e-06 1
	rotation_order xyz
	inherits_transform 1
	shearing 0 0 0
	rotate_pivot_translate	0 0 0
	scale_pivot_translate	0 0 0
	translate_limit_x -INF +INF
	translate_limit_y -INF +INF
	translate_limit_z -INF +INF
	rotate_limit_x -INF +INF
	rotate_limit_y -INF +INF
	rotate_limit_z -INF +INF
	scale_limit_x -INF +INF
	scale_limit_y -INF +INF
	scale_limit_z -INF +INF
	parent 17
	child_joints 1
		19 
	INSTANCE_LIST
	{
	}
	segment_scale_compensate 1
	EXTRA_ATTRIBUTES
	{
		original_name string "Bip001 L Foot"
		wire_colour colour 0.109804 0.109804 0.694118
	}
}
JOINT Bip001_L_Forearm
{
	id 27
	visible	1
	scale_pivot	0 0 0
	rotate_pivot	0 0 0
	min_bound	0 0 0
	max_bound	0 0 0
	scale	1 1 1
	translate	50.8825 -6.65667e-06 1.73021e-06
	rotation_orient	0 0 0 1
	rotation	-7.14566e-08 -0.580861 -3.98179e-08 0.814003
	joint_orient	0 0 0 1
	bind_pose_matrix
		0.325202 1.81888e-08 0.945645 0
		1.47836e-07 1 -7.00744e-08 0
		-0.945645 1.62589e-07 0.325202 0
		50.8825 -6.65667e-06 1.73021e-06 1
	rotation_order xyz
	inherits_transform 1
	shearing 0 0 0
	rotate_pivot_translate	0 0 0
	scale_pivot_translate	0 0 0
	translate_limit_x -INF +INF
	translate_limit_y -INF +INF
	translate_limit_z -INF +INF
	rotate_limit_x -INF +INF
	rotate_limit_y -INF +INF
	rotate_limit_z -INF +INF
	scale_limit_x -INF +INF
	scale_limit_y -INF +INF
	scale_limit_z -INF +INF
	parent 23
	child_joints 1
		24 
	INSTANCE_LIST
	{
	}
	segment_scale_compensate 1
	EXTRA_ATTRIBUTES
	{
		original_name string "Bip001 L Forearm"
		wire_colour colour 0.109804 0.109804 0.694118
	}
}
JOINT Bip001_L_Hand
{
	id 24
	visible	1
	scale_pivot	0 0 0
	rotate_pivot	0 0 0
	min_bound	0 0 0
	max_bound	0 0 0
	scale	1 1 1
	translate	42.1284 6.328e-06 3.09689e-07
	rotation_orient	0 0 0 1
	rotation	-0.763583 0.172293 0.190814 0.592323
	joint_orient	0 0 0 1
	bind_pose_matrix
		0.86781 -0.0370733 -0.495512 0
		-0.489168 -0.238938 -0.838823 0
		-0.0872986 0.970327 -0.225488 0
		42.1284 6.328e-06 3.09689e-07 1
	rotation_order xyz
	inherits_transform 1
	shearing 0 0 0
	rotate_pivot_translate	0 0 0
	scale_pivot_translate	0 0 0
	translate_limit_x -INF +INF
	translate_limit_y -INF +INF
	translate_limit_z -INF +INF
	rotate_limit_x -INF +INF
	rotate_limit_y -INF +INF
	rotate_limit_z -INF +INF
	scale_limit_x -INF +INF
	scale_limit_y -INF +INF
	scale_limit_z -INF +INF
	parent 27
	child_joints 2
		33 37 
	INSTANCE_LIST
	{
	}
	segment_scale_compensate 1
	EXTRA_ATTRIBUTES
	{
		original_name string "Bip001 L Hand"
		wire_colour colour 0.109804 0.109804 0.694118
	}
}
JOINT Bip001_L_Thigh
{
	id 18
	visible	1
	scale_pivot	0 0 0
	rotate_pivot	0 0 0
	min_bound	0 0 0
	max_bound	0 0 0
	scale	1 1 1
	translate	-2.28654e-05 16.5157 -2.41581e-05
	rotation_orient	0 0 0 1
	rotation	0.253781 -0.0334607 -0.86467 -0.432229
	joint_orient	0 0 0 1
	bind_pose_matrix
		-0.497547 0.730487 -0.467799 0
		-0.764454 -0.624117 -0.161518 0
		-0.409948 0.277248 0.868951 0
		-2.28654e-05 16.5157 -2.41581e-05 1
	rotation_order xyz
	inherits_transform 1
	shearing 0 0 0
	rotate_pivot_translate	0 0 0
	scale_pivot_translate	0 0 0
	translate_limit_x -INF +INF
	translate_limit_y -INF +INF
	translate_limit_z -INF +INF
	rotate_limit_x -INF +INF
	rotate_limit_y -INF +INF
	rotate_limit_z -INF +INF
	scale_limit_x -INF +INF
	scale_limit_y -INF +INF
	scale_limit_z -INF +INF
	parent 9
	child_joints 1
		17 
	INSTANCE_LIST
	{
	}
	segment_scale_compensate 1
	EXTRA_ATTRIBUTES
	{
		original_name string "Bip001 L Thigh"
		wire_colour colour 0.109804 0.109804 0.694118
	}
}
JOINT Bip001_L_Toe0
{
	id 19
	visible	1
	scale_pivot	0 0 0
	rotate_pivot	0 0 0
	min_bound	0 0 0
	max_bound	0 0 0
	scale	1 1 1
	translate	18.3219 1.20691e-07 -21.8944
	rotation_orient	0 0 0 1
	rotation	0.110618 0.698402 0.110616 0.6984
	joint_orient	0 0 0 1
	bind_pose_matrix
		-2.02656e-06 0.30902 -0.951055 0
		2.42889e-06 0.951055 0.30902 0
		1 -1.71363e-06 -2.6226e-06 0
		18.3219 1.20691e-07 -21.8944 1
	rotation_order xyz
	inherits_transform 1
	shearing 0 0 0
	rotate_pivot_translate	0 0 0
	scale_pivot_translate	0 0 0
	translate_limit_x -INF +INF
	translate_limit_y -INF +INF
	translate_limit_z -INF +INF
	rotate_limit_x -INF +INF
	rotate_limit_y -INF +INF
	rotate_limit_z -INF +INF
	scale_limit_x -INF +INF
	scale_limit_y -INF +INF
	scale_limit_z -INF +INF
	parent 21
	child_joints 0
	INSTANCE_LIST
	{
	}
	segment_scale_compensate 1
	EXTRA_ATTRIBUTES
	{
		original_name string "Bip001 L Toe0"
		wire_colour colour 0.423529 0.0313726 0.533333
	}
}
JOINT Bip001_L_UpperArm
{
	id 23
	visible	1
	scale_pivot	0 0 0
	rotate_pivot	0 0 0
	min_bound	0 0 0
	max_bound	0 0 0
	scale	1 1 1
	translate	22.4233 3.6708e-06 4.22775e-06
	rotation_orient	0 0 0 1
	rotation	0.0791012 -0.57545 0.104315 0.807291
	joint_orient	0 0 0 1
	bind_pose_matrix
		0.315952 0.0773876 0.945614 0
		-0.259463 0.965723 0.00765926 0
		-0.912608 -0.247772 0.325201 0
		22.4233 3.6708e-06 4.22775e-06 1
	rotation_order xyz
	inherits_transform 1
	shearing 0 0 0
	rotate_pivot_translate	0 0 0
	scale_pivot_translate	0 0 0
	translate_limit_x -INF +INF
	translate_limit_y -INF +INF
	translate_limit_z -INF +INF
	rotate_limit_x -INF +INF
	rotate_limit_y -INF +INF
	rotate_limit_z -INF +INF
	scale_limit_x -INF +INF
	scale_limit_y -INF +INF
	scale_limit_z -INF +INF
	parent 26
	child_joints 1
		27 
	INSTANCE_LIST
	{
	}
	segment_scale_compensate 1
	EXTRA_ATTRIBUTES
	{
		original_name string "Bip001 L UpperArm"
		wire_colour colour 0.109804 0.109804 0.694118
	}
}
JOINT Bip001_Neck
{
	id 4
	visible	1
	scale_pivot	0 0 0
	rotate_pivot	0 0 0
	min_bound	0 0 0
	max_bound	0 0 0
	scale	1 1 1
	translate	32.8699 -9.92757e-06 9.33883
	rotation_orient	0 0 0 1
	rotation	-1.47736e-08 0.314404 8.76887e-07 0.949289
	joint_orient	0 0 0 1
	bind_pose_matrix
		0.802301 1.65555e-06 -0.59692 0
		-1.67413e-06 1 5.23344e-07 0
		0.59692 5.79442e-07 0.802301 0
		32.8699 -9.92757e-06 9.33883 1
	rotation_order xyz
	inherits_transform 1
	shearing 0 0 0
	rotate_pivot_translate	0 0 0
	scale_pivot_translate	0 0 0
	translate_limit_x -INF +INF
	translate_limit_y -INF +INF
	translate_limit_z -INF +INF
	rotate_limit_x -INF +INF
	rotate_limit_y -INF +INF
	rotate_limit_z -INF +INF
	scale_limit_x -INF +INF
	scale_limit_y -INF +INF
	scale_limit_z -INF +INF
	parent 11
	child_joints 1
		2 
	INSTANCE_LIST
	{
	}
	segment_scale_compensate 1
	EXTRA_ATTRIBUTES
	{
		original_name string "Bip001 Neck"
		wire_colour colour 0.0313726 0.431373 0.52549
	}
}
JOINT Bip001_Pelvis
{
	id 9
	visible	1
	scale_pivot	0 0 0
	rotate_pivot	0 0 0
	min_bound	0 0 0
	max_bound	0 0 0
	scale	1 1 1
	translate	0 0 -0
	rotation_orient	0 0 0 1
	rotation	-0.528076 -0.419978 0.538929 0.504291
	joint_orient	0 0 0 1
	bind_pose_matrix
		0.0663474 0.987115 -0.145609 0
		-0.0999925 -0.138618 -0.985285 0
		-0.992774 0.079931 0.089507 0
		0 0 -0 1
	rotation_order xyz
	inherits_transform 1
	shearing 0 0 0
	rotate_pivot_translate	0 0 0
	scale_pivot_translate	0 0 0
	translate_limit_x -INF +INF
	translate_limit_y -INF +INF
	translate_limit_z -INF +INF
	rotate_limit_x -INF +INF
	rotate_limit_y -INF +INF
	rotate_limit_z -INF +INF
	scale_limit_x -INF +INF
	scale_limit_y -INF +INF
	scale_limit_z -INF +INF
	parent 1
	child_joints 4
		6 10 16 18 
	INSTANCE_LIST
	{
	}
	segment_scale_compensate 1
	EXTRA_ATTRIBUTES
	{
		original_name string "Bip001 Pelvis"
		wire_colour colour 0.878431 0.776471 0.341176
	}
}
JOINT Bip001_R_Calf
{
	id 20
	visible	1
	scale_pivot	0 0 0
	rotate_pivot	0 0 0
	min_bound	0 0 0
	max_bound	0 0 0
	scale	1 1 1
	translate	42.8806 1.30505e-06 -5.94161e-06
	rotation_orient	0 0 0 1
	rotation	-1.069e-08 -0.5974 -8.19282e-09 0.801943
	joint_orient	0 0 0 1
	bind_pose_matrix
		0.286226 -3.6796e-10 0.958162 0
		2.59127e-08 1 -7.35673e-09 0
		-0.958162 2.69343e-08 0.286226 0
		42.8806 1.30505e-06 -5.94161e-06 1
	rotation_order xyz
	inherits_transform 1
	shearing 0 0 0
	rotate_pivot_translate	0 0 0
	scale_pivot_translate	0 0 0
	translate_limit_x -INF +INF
	translate_limit_y -INF +INF
	translate_limit_z -INF +INF
	rotate_limit_x -INF +INF
	rotate_limit_y -INF +INF
	rotate_limit_z -INF +INF
	scale_limit_x -INF +INF
	scale_limit_y -INF +INF
	scale_limit_z -INF +INF
	parent 16
	child_joints 1
		13 
	INSTANCE_LIST
	{
	}
	segment_scale_compensate 1
	EXTRA_ATTRIBUTES
	{
		original_name string "Bip001 R Calf"
		wire_colour colour 0.0235294 0.52549 0.0235294
	}
}
JOINT Bip001_R_Clavicle
{
	id 25
	visible	1
	scale_pivot	0 0 0
	rotate_pivot	0 0 0
	min_bound	0 0 0
	max_bound	0 0 0
	scale	1 1 1
	translate	23.2608 -5.60506 11.8074
	rotation_orient	0 0 0 1
	rotation	-0.705547 0.708446 0.012147 0.0126589
	joint_orient	0 0 0 1
	bind_pose_matrix
		-0.00408626 -0.999376 -0.0350769 0
		-0.999992 0.00411135 -0.000651961 0
		0.000795774 0.0350739 -0.999385 0
		23.2608 -5.60506 11.8074 1
	rotation_order xyz
	inherits_transform 1
	shearing 0 0 0
	rotate_pivot_translate	0 0 0
	scale_pivot_translate	0 0 0
	translate_limit_x -INF +INF
	translate_limit_y -INF +INF
	translate_limit_z -INF +INF
	rotate_limit_x -INF +INF
	rotate_limit_y -INF +INF
	rotate_limit_z -INF +INF
	scale_limit_x -INF +INF
	scale_limit_y -INF +INF
	scale_limit_z -INF +INF
	parent 11
	child_joints 2
		15 31 
	INSTANCE_LIST
	{
	}
	segment_scale_compensate 1
	EXTRA_ATTRIBUTES
	{
		original_name string "Bip001 R Clavicle"
		wire_colour colour 0.0235294 0.52549 0.0235294
	}
}
JOINT Bip001_R_Foot
{
	id 13
	visible	1
	scale_pivot	0 0 0
	rotate_pivot	0 0 0
	min_bound	0 0 0
	max_bound	0 0 0
	scale	1 1 1
	translate	55.3239 1.14328e-06 3.64927e-06
	rotation_orient	0 0 0 1
	rotation	0.0117819 0.013609 -0.130196 0.991325
	joint_orient	0 0 0 1
	bind_pose_matrix
		0.965727 -0.257813 -0.0300497 0
		0.258454 0.96582 0.0198156 0
		0.0239139 -0.026903 0.999352 0
		55.3239 1.14328e-06 3.64927e-06 1
	rotation_order xyz
	inherits_transform 1
	shearing 0 0 0
	rotate_pivot_translate	0 0 0
	scale_pivot_translate	0 0 0
	translate_limit_x -INF +INF
	translate_limit_y -INF +INF
	translate_limit_z -INF +INF
	rotate_limit_x -INF +INF
	rotate_limit_y -INF +INF
	rotate_limit_z -INF +INF
	scale_limit_x -INF +INF
	scale_limit_y -INF +INF
	scale_limit_z -INF +INF
	parent 20
	child_joints 1
		12 
	INSTANCE_LIST
	{
	}
	segment_scale_compensate 1
	EXTRA_ATTRIBUTES
	{
		original_name string "Bip001 R Foot"
		wire_colour colour 0.0235294 0.52549 0.0235294
	}
}
JOINT Bip001_R_Forearm
{
	id 22
	visible	1
	scale_pivot	0 0 0
	rotate_pivot	0 0 0
	min_bound	0 0 0
	max_bound	0 0 0
	scale	1 1 1
	translate	50.8825 1.52666e-07 -6.7023e-07
	rotation_orient	0 0 0 1
	rotation	-1.4653e-08 -0.687357 -2.62807e-08 0.726319
	joint_orient	0 0 0 1
	bind_pose_matrix
		0.0550794 -1.80327e-08 0.998482 0
		5.83202e-08 1 1.48429e-08 0
		-0.998482 5.74141e-08 0.0550794 0
		50.8825 1.52666e-07 -6.7023e-07 1
	rotation_order xyz
	inherits_transform 1
	shearing 0 0 0
	rotate_pivot_translate	0 0 0
	scale_pivot_translate	0 0 0
	translate_limit_x -INF +INF
	translate_limit_y -INF +INF
	translate_limit_z -INF +INF
	rotate_limit_x -INF +INF
	rotate_limit_y -INF +INF
	rotate_limit_z -INF +INF
	scale_limit_x -INF +INF
	scale_limit_y -INF +INF
	scale_limit_z -INF +INF
	parent 15
	child_joints 1
		14 
	INSTANCE_LIST
	{
	}
	segment_scale_compensate 1
	EXTRA_ATTRIBUTES
	{
		original_name string "Bip001 R Forearm"
		wire_colour colour 0.0235294 0.52549 0.0235294
	}
}
JOINT Bip001_R_Hand
{
	id 14
	visible	1
	scale_pivot	0 0 0
	rotate_pivot	0 0 0
	min_bound	0 0 0
	max_bound	0 0 0
	scale	1 1 1
	translate	42.1285 -1.11565e-07 -1.98507e-06
	rotation_orient	0 0 0 1
	rotation	0.912461 -0.0919657 -0.262152 -0.30039
	joint_orient	0 0 0 1
	bind_pose_matrix
		0.845637 -0.0103346 -0.533658 0
		-0.325326 -0.802616 -0.49997 0
		-0.423155 0.596406 -0.682085 0
		42.1285 -1.11565e-07 -1.98507e-06 1
	rotation_order xyz
	inherits_transform 1
	shearing 0 0 0
	rotate_pivot_translate	0 0 0
	scale_pivot_translate	0 0 0
	translate_limit_x -INF +INF
	translate_limit_y -INF +INF
	translate_limit_z -INF +INF
	rotate_limit_x -INF +INF
	rotate_limit_y -INF +INF
	rotate_limit_z -INF +INF
	scale_limit_x -INF +INF
	scale_limit_y -INF +INF
	scale_limit_z -INF +INF
	parent 22
	child_joints 3
		34 35 36 
	INSTANCE_LIST
	{
	}
	segment_scale_compensate 1
	EXTRA_ATTRIBUTES
	{
		original_name string "Bip001 R Hand"
		wire_colour colour 0.0235294 0.52549 0.0235294
	}
}
JOINT Bip001_R_Thigh
{
	id 16
	visible	1
	scale_pivot	0 0 0
	rotate_pivot	0 0 0
	min_bound	0 0 0
	max_bound	0 0 0
	scale	1 1 1
	translate	2.4786e-05 -16.5157 2.17302e-05
	rotation_orient	0 0 0 1
	rotation	0.474693 -0.16234 -0.856312 0.122643
	joint_orient	0 0 0 1
	bind_pose_matrix
		-0.51925 -0.364166 -0.773151 0
		0.0559187 -0.917209 0.394464 0
		-0.852791 0.161592 0.496625 0
		2.4786e-05 -16.5157 2.17302e-05 1
	rotation_order xyz
	inherits_transform 1
	shearing 0 0 0
	rotate_pivot_translate	0 0 0
	scale_pivot_translate	0 0 0
	translate_limit_x -INF +INF
	translate_limit_y -INF +INF
	translate_limit_z -INF +INF
	rotate_limit_x -INF +INF
	rotate_limit_y -INF +INF
	rotate_limit_z -INF +INF
	scale_limit_x -INF +INF
	scale_limit_y -INF +INF
	scale_limit_z -INF +INF
	parent 9
	child_joints 1
		20 
	INSTANCE_LIST
	{
	}
	segment_scale_compensate 1
	EXTRA_ATTRIBUTES
	{
		original_name string "Bip001 R Thigh"
		wire_colour colour 0.0235294 0.52549 0.0235294
	}
}
JOINT Bip001_R_Toe0
{
	id 12
	visible	1
	scale_pivot	0 0 0
	rotate_pivot	0 0 0
	min_bound	0 0 0
	max_bound	0 0 0
	scale	1 1 1
	translate	18.3219 -8.51455e-07 -21.8944
	rotation_orient	0 0 0 1
	rotation	-1.41725e-06 0.707107 -1.26504e-06 0.707106
	joint_orient	0 0 0 1
	bind_pose_matrix
		-9.53674e-07 -3.79333e-06 -1 0
		-2.15264e-07 1 -3.79333e-06 0
		1 2.1526e-07 -9.53674e-07 0
		18.3219 -8.51455e-07 -21.8944 1
	rotation_order xyz
	inherits_transform 1
	shearing 0 0 0
	rotate_pivot_translate	0 0 0
	scale_pivot_translate	0 0 0
	translate_limit_x -INF +INF
	translate_limit_y -INF +INF
	translate_limit_z -INF +INF
	rotate_limit_x -INF +INF
	rotate_limit_y -INF +INF
	rotate_limit_z -INF +INF
	scale_limit_x -INF +INF
	scale_limit_y -INF +INF
	scale_limit_z -INF +INF
	parent 13
	child_joints 0
	INSTANCE_LIST
	{
	}
	segment_scale_compensate 1
	EXTRA_ATTRIBUTES
	{
		original_name string "Bip001 R Toe0"
		wire_colour colour 0.443137 0.52549 0.0235294
	}
}
JOINT Bip001_R_UpperArm
{
	id 15
	visible	1
	scale_pivot	0 0 0
	rotate_pivot	0 0 0
	min_bound	0 0 0
	max_bound	0 0 0
	scale	1 1 1
	translate	22.4233 1.8029e-06 1.14223e-06
	rotation_orient	0 0 0 1
	rotation	0.135536 -0.146784 0.535194 0.820763
	joint_orient	0 0 0 1
	bind_pose_matrix
		0.384043 0.838746 0.386026 0
		-0.918324 0.390394 0.065369 0
		-0.0958744 -0.379602 0.920169 0
		22.4233 1.8029e-06 1.14223e-06 1
	rotation_order xyz
	inherits_transform 1
	shearing 0 0 0
	rotate_pivot_translate	0 0 0
	scale_pivot_translate	0 0 0
	translate_limit_x -INF +INF
	translate_limit_y -INF +INF
	translate_limit_z -INF +INF
	rotate_limit_x -INF +INF
	rotate_limit_y -INF +INF
	rotate_limit_z -INF +INF
	scale_limit_x -INF +INF
	scale_limit_y -INF +INF
	scale_limit_z -INF +INF
	parent 25
	child_joints 1
		22 
	INSTANCE_LIST
	{
	}
	segment_scale_compensate 1
	EXTRA_ATTRIBUTES
	{
		original_name string "Bip001 R UpperArm"
		wire_colour colour 0.0235294 0.52549 0.0235294
	}
}
JOINT Bip001_Spine
{
	id 10
	visible	1
	scale_pivot	0 0 0
	rotate_pivot	0 0 0
	min_bound	0 0 0
	max_bound	0 0 0
	scale	1 1 1
	translate	21.4963 -3.00939 1.74947
	rotation_orient	0 0 0 1
	rotation	-0.380637 0.0767266 -0.0492298 0.92022
	joint_orient	0 0 0 1
	bind_pose_matrix
		0.983379 -0.149014 -0.103733 0
		0.0321946 0.705384 -0.708094 0
		0.178688 0.692985 0.698457 0
		21.4963 -3.00939 1.74947 1
	rotation_order xyz
	inherits_transform 1
	shearing 0 0 0
	rotate_pivot_translate	0 0 0
	scale_pivot_translate	0 0 0
	translate_limit_x -INF +INF
	translate_limit_y -INF +INF
	translate_limit_z -INF +INF
	rotate_limit_x -INF +INF
	rotate_limit_y -INF +INF
	rotate_limit_z -INF +INF
	scale_limit_x -INF +INF
	scale_limit_y -INF +INF
	scale_limit_z -INF +INF
	parent 9
	child_joints 1
		11 
	INSTANCE_LIST
	{
	}
	segment_scale_compensate 1
	EXTRA_ATTRIBUTES
	{
		original_name string "Bip001 Spine"
		wire_colour colour 0.0313726 0.431373 0.52549
	}
}
JOINT Bip001_Spine1
{
	id 11
	visible	1
	scale_pivot	0 0 0
	rotate_pivot	0 0 0
	min_bound	0 0 0
	max_bound	0 0 0
	scale	1 1 1
	translate	16.2046 0.0155254 0.0193462
	rotation_orient	0 0 0 1
	rotation	-0.311641 0.122398 0.198896 0.921053
	joint_orient	0 0 0 1
	bind_pose_matrix
		0.890918 0.290099 -0.349439 0
		-0.442676 0.726641 -0.525387 0
		0.101502 0.622765 0.775797 0
		16.2046 0.0155254 0.0193462 1
	rotation_order xyz
	inherits_transform 1
	shearing 0 0 0
	rotate_pivot_translate	0 0 0
	scale_pivot_translate	0 0 0
	translate_limit_x -INF +INF
	translate_limit_y -INF +INF
	translate_limit_z -INF +INF
	rotate_limit_x -INF +INF
	rotate_limit_y -INF +INF
	rotate_limit_z -INF +INF
	scale_limit_x -INF +INF
	scale_limit_y -INF +INF
	scale_limit_z -INF +INF
	parent 10
	child_joints 3
		4 25 26 
	INSTANCE_LIST
	{
	}
	segment_scale_compensate 1
	EXTRA_ATTRIBUTES
	{
		original_name string "Bip001 Spine1"
		wire_colour colour 0.0313726 0.431373 0.52549
	}
}
JOINT be_F_tabard_01
{
	id 7
	visible	1
	scale_pivot	0 0 0
	rotate_pivot	0 0 0
	min_bound	0 0 0
	max_bound	0 0 0
	scale	1 1 1
	translate	24.8568 -2.20125e-07 2.12835e-05
	rotation_orient	0 0 0 1
	rotation	5.54255e-07 7.30698e-09 0.0206198 0.999787
	joint_orient	0 0 0 1
	bind_pose_matrix
		0.99915 0.0412307 8.24636e-09 0
		-0.0412307 0.99915 1.10858e-06 0
		3.74681e-08 -1.10797e-06 1 0
		24.8568 -2.20125e-07 2.12835e-05 1
	rotation_order xyz
	inherits_transform 1
	shearing 0 0 0
	rotate_pivot_translate	0 0 0
	scale_pivot_translate	0 0 0
	translate_limit_x -INF +INF
	translate_limit_y -INF +INF
	translate_limit_z -INF +INF
	rotate_limit_x -INF +INF
	rotate_limit_y -INF +INF
	rotate_limit_z -INF +INF
	scale_limit_x -INF +INF
	scale_limit_y -INF +INF
	scale_limit_z -INF +INF
	parent 5
	child_joints 0
	INSTANCE_LIST
	{
	}
	segment_scale_compensate 1
	EXTRA_ATTRIBUTES
	{
		wire_colour colour 0.682353 0.729412 0.796078
	}
}
JOINT bn_F_tabard_01
{
	id 6
	visible	1
	scale_pivot	0 0 0
	rotate_pivot	0 0 0
	min_bound	0 0 0
	max_bound	0 0 0
	scale	1 1 1
	translate	12.9496 -3.40147e-05 -19.7355
	rotation_orient	0 0 0 1
	rotation	0.292808 0.649667 -0.660664 0.23605
	joint_orient	0 0 0 1
	bind_pose_matrix
		-0.717088 0.0685557 -0.693604 0
		0.692355 -0.0444267 -0.720188 0
		-0.0801873 -0.996658 -0.0156072 0
		12.9496 -3.40147e-05 -19.7355 1
	rotation_order xyz
	inherits_transform 1
	shearing 0 0 0
	rotate_pivot_translate	0 0 0
	scale_pivot_translate	0 0 0
	translate_limit_x -INF +INF
	translate_limit_y -INF +INF
	translate_limit_z -INF +INF
	rotate_limit_x -INF +INF
	rotate_limit_y -INF +INF
	rotate_limit_z -INF +INF
	scale_limit_x -INF +INF
	scale_limit_y -INF +INF
	scale_limit_z -INF +INF
	parent 9
	child_joints 1
		8 
	INSTANCE_LIST
	{
	}
	segment_scale_compensate 1
	EXTRA_ATTRIBUTES
	{
		wire_colour colour 0.682353 0.729412 0.796078
	}
}
JOINT bn_F_tabard_02
{
	id 8
	visible	1
	scale_pivot	0 0 0
	rotate_pivot	0 0 0
	min_bound	0 0 0
	max_bound	0 0 0
	scale	1 1 1
	translate	19.4102 -4.57951e-06 2.75427e-06
	rotation_orient	0 0 0 1
	rotation	-0.0438293 0.0196224 -0.258911 0.964707
	joint_orient	0 0 0 1
	bind_pose_matrix
		0.86516 -0.501267 -0.015164 0
		0.497827 0.862088 -0.0947258 0
		0.0605556 0.0744039 0.995388 0
		19.4102 -4.57951e-06 2.75427e-06 1
	rotation_order xyz
	inherits_transform 1
	shearing 0 0 0
	rotate_pivot_translate	0 0 0
	scale_pivot_translate	0 0 0
	translate_limit_x -INF +INF
	translate_limit_y -INF +INF
	translate_limit_z -INF +INF
	rotate_limit_x -INF +INF
	rotate_limit_y -INF +INF
	rotate_limit_z -INF +INF
	scale_limit_x -INF +INF
	scale_limit_y -INF +INF
	scale_limit_z -INF +INF
	parent 6
	child_joints 1
		5 
	INSTANCE_LIST
	{
	}
	segment_scale_compensate 1
	EXTRA_ATTRIBUTES
	{
		wire_colour colour 0.682353 0.729412 0.796078
	}
}
JOINT bn_F_tabard_03
{
	id 5
	visible	1
	scale_pivot	0 0 0
	rotate_pivot	0 0 0
	min_bound	0 0 0
	max_bound	0 0 0
	scale	1 1 1
	translate	22.1778 -2.26855e-05 -4.22952e-06
	rotation_orient	0 0 0 1
	rotation	-0.0458138 0.0137706 -0.261224 0.964092
	joint_orient	0 0 0 1
	bind_pose_matrix
		0.863145 -0.504951 -0.00261693 0
		0.502427 0.859326 -0.0955319 0
		0.0504877 0.081143 0.995423 0
		22.1778 -2.26855e-05 -4.22952e-06 1
	rotation_order xyz
	inherits_transform 1
	shearing 0 0 0
	rotate_pivot_translate	0 0 0
	scale_pivot_translate	0 0 0
	translate_limit_x -INF +INF
	translate_limit_y -INF +INF
	translate_limit_z -INF +INF
	rotate_limit_x -INF +INF
	rotate_limit_y -INF +INF
	rotate_limit_z -INF +INF
	scale_limit_x -INF +INF
	scale_limit_y -INF +INF
	scale_limit_z -INF +INF
	parent 8
	child_joints 1
		7 
	INSTANCE_LIST
	{
	}
	segment_scale_compensate 1
	EXTRA_ATTRIBUTES
	{
		wire_colour colour 0.682353 0.729412 0.796078
	}
}
BONE bn_fingers_L_01
{
	id 37
	visible	1
	scale_pivot	0 0 0
	rotate_pivot	0 0 0
	min_bound	0 0 0
	max_bound	0 0 0
	scale	1 1 1
	translate	24.2948 -2.43626 -4.53717
	rotation_orient	0 0 0 1
	rotation	-0.0338192 0.513784 0.0610105 0.855079
	joint_orient	0 0 0 1
	bind_pose_matrix
		0.464608 0.0695863 -0.882778 0
		-0.139089 0.990268 0.00485633 0
		0.874525 0.120529 0.469765 0
		24.2948 -2.43626 -4.53717 1
	rotation_order xyz
	inherits_transform 1
	shearing 0 0 0
	rotate_pivot_translate	0 0 0
	scale_pivot_translate	0 0 0
	translate_limit_x -INF +INF
	translate_limit_y -INF +INF
	translate_limit_z -INF +INF
	rotate_limit_x -INF +INF
	rotate_limit_y -INF +INF
	rotate_limit_z -INF +INF
	scale_limit_x -INF +INF
	scale_limit_y -INF +INF
	scale_limit_z -INF +INF
	parent 24
	child_joints 0
	INSTANCE_LIST
	{
	}
	EXTRA_ATTRIBUTES
	{
		wire_colour colour 0.054902 1 0.00784314
	}
}
BONE bn_fingers_R_01
{
	id 35
	visible	1
	scale_pivot	0 0 0
	rotate_pivot	0 0 0
	min_bound	0 0 0
	max_bound	0 0 0
	scale	1 1 1
	translate	25.1662 2.89667 -4.50304
	rotation_orient	0 0 0 1
	rotation	-0.0541642 0.701832 0.142022 0.695937
	joint_orient	0 0 0 1
	bind_pose_matrix
		-0.0254763 0.121648 -0.992246 0
		-0.273704 0.953792 0.123961 0
		0.961476 0.27474 0.00899631 0
		25.1662 2.89667 -4.50304 1
	rotation_order xyz
	inherits_transform 1
	shearing 0 0 0
	rotate_pivot_translate	0 0 0
	scale_pivot_translate	0 0 0
	translate_limit_x -INF +INF
	translate_limit_y -INF +INF
	translate_limit_z -INF +INF
	rotate_limit_x -INF +INF
	rotate_limit_y -INF +INF
	rotate_limit_z -INF +INF
	scale_limit_x -INF +INF
	scale_limit_y -INF +INF
	scale_limit_z -INF +INF
	parent 14
	child_joints 0
	INSTANCE_LIST
	{
	}
	EXTRA_ATTRIBUTES
	{
		wire_colour colour 0.054902 1 0.00784314
	}
}
BONE bn_mouth_01
{
	id 30
	visible	1
	scale_pivot	0 0 0
	rotate_pivot	0 0 0
	min_bound	0 0 0
	max_bound	0 0 0
	scale	1 1 1
	translate	9.78493 -2.41567e-05 3.94773
	rotation_orient	0 0 0 1
	rotation	0.703376 0.703366 0.0725904 0.0725891
	joint_orient	0 0 0 1
	bind_pose_matrix
		1.29938e-05 1 3.1665e-06 0
		0.978924 -1.35899e-05 0.20423 0
		0.20423 4.17233e-07 -0.978923 0
		9.78493 -2.41567e-05 3.94773 1
	rotation_order xyz
	inherits_transform 1
	shearing 0 0 0
	rotate_pivot_translate	0 0 0
	scale_pivot_translate	0 0 0
	translate_limit_x -INF +INF
	translate_limit_y -INF +INF
	translate_limit_z -INF +INF
	rotate_limit_x -INF +INF
	rotate_limit_y -INF +INF
	rotate_limit_z -INF +INF
	scale_limit_x -INF +INF
	scale_limit_y -INF +INF
	scale_limit_z -INF +INF
	parent 3
	child_joints 0
	INSTANCE_LIST
	{
	}
	EXTRA_ATTRIBUTES
	{
		wire_colour colour 0 0.988235 0
	}
}
BONE bn_mouth_L_01
{
	id 28
	visible	1
	scale_pivot	0 0 0
	rotate_pivot	0 0 0
	min_bound	0 0 0
	max_bound	0 0 0
	scale	1 1 1
	translate	8.01525 2.79227 3.79136
	rotation_orient	0 0 0 1
	rotation	0.416018 0.849811 -0.0443936 0.320592
	joint_orient	0 0 0 1
	bind_pose_matrix
		-0.448301 0.678609 -0.581823 0
		0.735538 0.649918 0.191292 0
		0.507949 -0.342196 -0.7905 0
		8.01525 2.79227 3.79136 1
	rotation_order xyz
	inherits_transform 1
	shearing 0 0 0
	rotate_pivot_translate	0 0 0
	scale_pivot_translate	0 0 0
	translate_limit_x -INF +INF
	translate_limit_y -INF +INF
	translate_limit_z -INF +INF
	rotate_limit_x -INF +INF
	rotate_limit_y -INF +INF
	rotate_limit_z -INF +INF
	scale_limit_x -INF +INF
	scale_limit_y -INF +INF
	scale_limit_z -INF +INF
	parent 3
	child_joints 0
	INSTANCE_LIST
	{
	}
	EXTRA_ATTRIBUTES
	{
		wire_colour colour 0 0.988235 0
	}
}
BONE bn_mouth_R_01
{
	id 29
	visible	1
	scale_pivot	0 0 0
	rotate_pivot	0 0 0
	min_bound	0 0 0
	max_bound	0 0 0
	scale	1 1 1
	translate	8.00368 -2.80794 3.77692
	rotation_orient	0 0 0 1
	rotation	-0.452459 0.833561 0.0274344 0.31576
	joint_orient	0 0 0 1
	bind_pose_matrix
		-0.391154 -0.736979 -0.551236 0
		-0.771629 0.589057 -0.24 0
		0.501585 0.331473 -0.799086 0
		8.00368 -2.80794 3.77692 1
	rotation_order xyz
	inherits_transform 1
	shearing 0 0 0
	rotate_pivot_translate	0 0 0
	scale_pivot_translate	0 0 0
	translate_limit_x -INF +INF
	translate_limit_y -INF +INF
	translate_limit_z -INF +INF
	rotate_limit_x -INF +INF
	rotate_limit_y -INF +INF
	rotate_limit_z -INF +INF
	scale_limit_x -INF +INF
	scale_limit_y -INF +INF
	scale_limit_z -INF +INF
	parent 3
	child_joints 0
	INSTANCE_LIST
	{
	}
	EXTRA_ATTRIBUTES
	{
		wire_colour colour 0 0.988235 0
	}
}
JOINT bn_shoulderpad_L
{
	id 32
	visible	1
	scale_pivot	0 0 0
	rotate_pivot	0 0 0
	min_bound	0 0 0
	max_bound	0 0 0
	scale	1 1 1
	translate	22.4233 3.47005e-06 4.15023e-06
	rotation_orient	0 0 0 1
	rotation	-0.097463 -0.129357 0.0576669 0.98511
	joint_orient	0 0 0 1
	bind_pose_matrix
		0.959882 0.138832 0.243622 0
		-0.0884014 0.974351 -0.206943 0
		-0.266103 0.177104 0.947535 0
		22.4233 3.47005e-06 4.15023e-06 1
	rotation_order xyz
	inherits_transform 1
	shearing 0 0 0
	rotate_pivot_translate	0 0 0
	scale_pivot_translate	0 0 0
	translate_limit_x -INF +INF
	translate_limit_y -INF +INF
	translate_limit_z -INF +INF
	rotate_limit_x -INF +INF
	rotate_limit_y -INF +INF
	rotate_limit_z -INF +INF
	scale_limit_x -INF +INF
	scale_limit_y -INF +INF
	scale_limit_z -INF +INF
	parent 26
	child_joints 0
	INSTANCE_LIST
	{
	}
	segment_scale_compensate 1
	EXTRA_ATTRIBUTES
	{
		wire_colour colour 0.643137 0.776471 0.807843
	}
}
JOINT bn_shoulderpad_R
{
	id 31
	visible	1
	scale_pivot	0 0 0
	rotate_pivot	0 0 0
	min_bound	0 0 0
	max_bound	0 0 0
	scale	1 1 1
	translate	21.5819 7.92135 -4.40342
	rotation_orient	0 0 0 1
	rotation	0.0436603 0.38265 0.0877853 0.918676
	joint_orient	0 0 0 1
	bind_pose_matrix
		0.691745 0.194706 -0.695398 0
		-0.127879 0.980775 0.147401 0
		0.710729 -0.0130372 0.703345 0
		21.5819 7.92135 -4.40342 1
	rotation_order xyz
	inherits_transform 1
	shearing 0 0 0
	rotate_pivot_translate	0 0 0
	scale_pivot_translate	0 0 0
	translate_limit_x -INF +INF
	translate_limit_y -INF +INF
	translate_limit_z -INF +INF
	rotate_limit_x -INF +INF
	rotate_limit_y -INF +INF
	rotate_limit_z -INF +INF
	scale_limit_x -INF +INF
	scale_limit_y -INF +INF
	scale_limit_z -INF +INF
	parent 25
	child_joints 0
	INSTANCE_LIST
	{
	}
	segment_scale_compensate 1
	EXTRA_ATTRIBUTES
	{
		wire_colour colour 0.643137 0.776471 0.807843
	}
}
BONE bn_thumb_L_01
{
	id 33
	visible	1
	scale_pivot	0 0 0
	rotate_pivot	0 0 0
	min_bound	0 0 0
	max_bound	0 0 0
	scale	1 1 1
	translate	3.80867 -10.8076 -8.92634
	rotation_orient	0 0 0 1
	rotation	0.631191 0.269992 -0.297762 0.663355
	joint_orient	0 0 0 1
	bind_pose_matrix
		0.676884 -0.0542117 -0.734091 0
		0.735877 0.025871 0.676621 0
		-0.0176891 -0.998195 0.0574048 0
		3.80867 -10.8076 -8.92634 1
	rotation_order xyz
	inherits_transform 1
	shearing 0 0 0
	rotate_pivot_translate	0 0 0
	scale_pivot_translate	0 0 0
	translate_limit_x -INF +INF
	translate_limit_y -INF +INF
	translate_limit_z -INF +INF
	rotate_limit_x -INF +INF
	rotate_limit_y -INF +INF
	rotate_limit_z -INF +INF
	scale_limit_x -INF +INF
	scale_limit_y -INF +INF
	scale_limit_z -INF +INF
	parent 24
	child_joints 0
	INSTANCE_LIST
	{
	}
	EXTRA_ATTRIBUTES
	{
		wire_colour colour 0.054902 1 0.00784314
	}
}
BONE bn_thumb_R_01
{
	id 34
	visible	1
	scale_pivot	0 0 0
	rotate_pivot	0 0 0
	min_bound	0 0 0
	max_bound	0 0 0
	scale	1 1 1
	translate	3.80856 10.8074 -8.92634
	rotation_orient	0 0 0 1
	rotation	-0.640343 0.334891 0.256351 0.641945
	joint_orient	0 0 0 1
	bind_pose_matrix
		0.644264 -0.0997637 -0.758269 0
		-0.758017 0.0484909 -0.65043 0
		0.101658 0.993829 -0.0443816 0
		3.80856 10.8074 -8.92634 1
	rotation_order xyz
	inherits_transform 1
	shearing 0 0 0
	rotate_pivot_translate	0 0 0
	scale_pivot_translate	0 0 0
	translate_limit_x -INF +INF
	translate_limit_y -INF +INF
	translate_limit_z -INF +INF
	rotate_limit_x -INF +INF
	rotate_limit_y -INF +INF
	rotate_limit_z -INF +INF
	scale_limit_x -INF +INF
	scale_limit_y -INF +INF
	scale_limit_z -INF +INF
	parent 14
	child_joints 0
	INSTANCE_LIST
	{
	}
	EXTRA_ATTRIBUTES
	{
		wire_colour colour 0.054902 1 0.00784314
	}
}
BONE bn_weapon_01
{
	id 36
	visible	1
	scale_pivot	0 0 0
	rotate_pivot	0 0 0
	min_bound	0 0 0
	max_bound	0 0 0
	scale	1 1 1
	translate	13.1435 -13.0411 -8.60871
	rotation_orient	0 0 0 1
	rotation	0.031154 0.0128535 0.71787 0.695361
	joint_orient	0 0 0 1
	bind_pose_matrix
		-0.0310057 0.999158 0.0268534 0
		-0.997557 -0.0326165 0.0617809 0
		0.0626047 -0.0248722 0.997728 0
		13.1435 -13.0411 -8.60871 1
	rotation_order xyz
	inherits_transform 1
	shearing 0 0 0
	rotate_pivot_translate	0 0 0
	scale_pivot_translate	0 0 0
	translate_limit_x -INF +INF
	translate_limit_y -INF +INF
	translate_limit_z -INF +INF
	rotate_limit_x -INF +INF
	rotate_limit_y -INF +INF
	rotate_limit_z -INF +INF
	scale_limit_x -INF +INF
	scale_limit_y -INF +INF
	scale_limit_z -INF +INF
	parent 14
	child_joints 0
	INSTANCE_LIST
	{
	}
	EXTRA_ATTRIBUTES
	{
		wire_colour colour 0.054902 1 0.00784314
	}
}
JOINT root_displacement
{
	id 38
	visible	0
	scale_pivot	0 0 0
	rotate_pivot	0 0 0
	min_bound	0 0 0
	max_bound	0 0 0
	scale	1 1 1
	translate	0 0 -0
	rotation_orient	0 0 0 1
	rotation	0 0 0 1
	joint_orient	0 0 0 1
	bind_pose_matrix
		1 0 0 0
		0 1 0 0
		0 0 1 0
		0 0 -0 1
	rotation_order xyz
	inherits_transform 1
	shearing 0 0 0
	rotate_pivot_translate	0 0 0
	scale_pivot_translate	0 0 0
	translate_limit_x -INF +INF
	translate_limit_y -INF +INF
	translate_limit_z -INF +INF
	rotate_limit_x -INF +INF
	rotate_limit_y -INF +INF
	rotate_limit_z -INF +INF
	scale_limit_x -INF +INF
	scale_limit_y -INF +INF
	scale_limit_z -INF +INF
	parent 0
	child_joints 0
	INSTANCE_LIST
	{
	}
	segment_scale_compensate 1
	EXTRA_ATTRIBUTES
	{
		wire_colour colour 0 0.87451 0.145098
	}
}
ANIMATION_TAKE atk_03
{
	id 39
	start_time 0
	end_time 75
	fps 30
	current_time 0
	num_animated_nodes 38
	num_event_tracks 0
	ANIM_NODE 20
	{
		num_animated_attrs 3
		num_animated_attrs_user 0
		ATTR rotation
		{
			num_streams 1
			elements_per_sample 4
			SAMPLED_KEYS
			{

				-1.069e-08 -0.5974 -8.19282e-09 0.801943 
				4.30589e-09 -0.618714 3.02713e-08 0.785616 
				2.58299e-08 -0.380669 -4.61576e-10 0.924711 
				5.53705e-09 -0.676003 1.56008e-09 0.736899 
				-3.02199e-08 -0.75584 -4.35676e-08 0.654757 
				-1.43723e-08 -0.576606 -3.19472e-08 0.817023 
				1.20645e-08 -0.56139 4.76493e-08 0.827551 
				1.75915e-08 -0.543664 3.23047e-08 0.839303 
				2.6431e-09 -0.492777 7.39775e-09 0.870155 
				-1.71613e-08 -0.428672 2.21636e-08 0.90346 
				-2.56691e-08 -0.387545 -9.27925e-09 0.921851 
				-2.07531e-08 -0.375564 8.20705e-09 0.926796 
				-5.09654e-09 -0.363826 7.08108e-09 0.931467 
				1.88495e-08 -0.352374 3.18028e-08 0.935859 
				-1.97608e-08 -0.341228 -3.54311e-09 0.93998 
				1.66607e-08 -0.330521 1.79519e-08 0.943799 
				8.72591e-11 -0.320231 6.01939e-09 0.94734 
				1.96978e-08 -0.310424 -2.67456e-09 0.950598 
				-1.20094e-08 -0.301075 2.02187e-08 0.953601 
				2.24444e-08 -0.292301 -2.31973e-09 0.956326 
				2.31582e-09 -0.284126 2.71693e-08 0.958787 
				-1.4329e-09 -0.276611 1.63854e-08 0.960982 
				2.22918e-09 -0.269763 1.52823e-08 0.962927 
				2.44892e-08 -0.263663 -7.50271e-09 0.964615 
				3.42562e-09 -0.258228 5.28413e-09 0.966084 
				2.21818e-10 -0.253553 3.82839e-09 0.967322 
				1.45415e-08 -0.249598 1.00696e-08 0.96835 
				-3.98706e-09 -0.246389 2.6538e-08 0.969171 
				2.05339e-08 -0.243901 -1.92962e-08 0.9698 
				8.79299e-09 -0.242146 6.96508e-09 0.97024 
				-1.58584e-09 -0.241084 -1.2812e-09 0.970504 
				9.38887e-09 -0.240689 2.66612e-08 0.970602 
				-1.37202e-08 -0.240888 1.83602e-08 0.970553 
				3.84131e-09 -0.241658 2.25789e-08 0.970361 
				1.01818e-08 -0.242937 2.27847e-08 0.970042 
				8.94734e-09 -0.244698 9.13432e-09 0.969599 
				1.20156e-08 -0.246847 6.15842e-09 0.969054 
				-4.77637e-09 -0.249365 2.75021e-08 0.96841 
				-1.09155e-08 -0.252175 1.29928e-09 0.967682 
				-6.37131e-09 -0.255233 2.30264e-08 0.96688 
				-1.16031e-08 -0.258483 1.18726e-08 0.966016 
				-8.66931e-09 -0.261876 1.09106e-08 0.965102 
				-1.11121e-08 -0.265363 1.33916e-08 0.964148 
				-1.3628e-08 -0.268904 -3.98962e-09 0.963167 
				2.70697e-08 -0.272454 1.15189e-08 0.962169 
				-3.53815e-09 -0.275974 2.10978e-08 0.961165 
				6.79029e-09 -0.279425 1.72459e-08 0.960168 
				-1.61545e-09 -0.282773 9.46921e-09 0.959187 
				-5.41222e-09 -0.285983 -8.39029e-09 0.958235 
				-3.75817e-09 -0.289024 1.9334e-08 0.957322 
				1.43607e-08 -0.291865 5.26444e-09 0.95646 
				-1.17228e-08 -0.303336 -1.85815e-08 0.952884 
				-5.78724e-09 -0.327409 4.59228e-09 0.944883 
				-5.41774e-09 -0.356819 1.10521e-08 0.934174 
				-1.28584e-08 -0.385984 -9.51959e-09 0.922506 
				-1.1871e-08 -0.411288 -2.46371e-09 0.911505 
				-2.08759e-08 -0.430635 -7.13425e-09 0.902526 
				4.7599e-09 -0.44299 3.66587e-08 0.896527 
				-1.15245e-08 -0.448019 -1.69418e-08 0.894024 
				-7.08665e-09 -0.445852 -1.58694e-08 0.895107 
				5.04325e-08 -0.436749 1.72837e-08 0.899583 
				1.31212e-08 -0.422715 2.51956e-08 0.906263 
				-2.30711e-08 -0.401533 -1.53109e-08 0.915845 
				-5.91134e-09 -0.365283 -3.25115e-08 0.930897 
				1.52354e-08 -0.303368 1.19361e-08 0.952874 
				2.15257e-08 -0.190351 9.50254e-09 0.981716 
				-1.97554e-08 -0.237559 5.27041e-09 0.971373 
				-4.12672e-08 -0.366188 1.38503e-09 0.930541 
				2.41305e-08 -0.463306 -3.12193e-08 0.886198 
				-5.06988e-09 -0.503638 3.08109e-08 0.863915 
				-1.05301e-08 -0.527803 -2.22351e-08 0.849367 
				-1.16245e-08 -0.422773 1.473e-08 0.906236 
				1.42356e-10 -0.399064 -3.77505e-09 0.916923 
				-4.19825e-08 -0.358397 5.99592e-09 0.933569 
				-1.73724e-08 -0.300373 -3.72622e-08 0.953822 
				-3.1406e-08 -0.219273 2.29397e-09 0.975663 
			}
		}
		ATTR scale
		{
			num_streams 1
			elements_per_sample 3
			POSE_KEY
			{
				1 1 1 
			}
		}
		ATTR translate
		{
			num_streams 1
			elements_per_sample 3
			POSE_KEY
			{
				42.8806 1.30505e-06 -5.94161e-06 
			}
		}
	}
	ANIM_NODE 19
	{
		num_animated_attrs 3
		num_animated_attrs_user 0
		ATTR rotation
		{
			num_streams 1
			elements_per_sample 4
			SAMPLED_KEYS
			{

				0.110618 0.698402 0.110616 0.6984 
				0.110618 0.698402 0.110618 0.6984 
				0.110616 0.698402 0.110617 0.6984 
				0.051891 0.705201 0.0518908 0.705199 
