|XMD_005A#0MAX#0005.0.4|
JOINT Bip001
{
	id 1
	visible	1
	scale_pivot	0 0 0
	rotate_pivot	0 0 0
	min_bound	0 0 0
	max_bound	0 0 0
	scale	1 1 1
	translate	5.91374 109.922 22.1001
	rotation_orient	0 0 0 1
	rotation	-0.0263086 -0.685396 -0.0436846 0.726383
	joint_orient	0 0 0 1
	bind_pose_matrix
		0.056649 -0.0273999 0.998018 0
		0.0995272 0.994799 0.0216622 0
		-0.993421 0.0981028 0.0590815 0
		5.91374 109.922 22.1001 1
	rotation_order xyz
	inherits_transform 1
	shearing 0 0 0
	rotate_pivot_translate	0 0 0
	scale_pivot_translate	0 0 0
	translate_limit_x -INF +INF
	translate_limit_y -INF +INF
	translate_limit_z -INF +INF
	rotate_limit_x -INF +INF
	rotate_limit_y -INF +INF
	rotate_limit_z -INF +INF
	scale_limit_x -INF +INF
	scale_limit_y -INF +INF
	scale_limit_z -INF +INF
	parent 0
	child_joints 1
		9 
	INSTANCE_LIST
	{
	}
	segment_scale_compensate 1
	EXTRA_ATTRIBUTES
	{
		wire_colour colour 1 0 0
	}
}
JOINT Bip001_Head
{
	id 2
	visible	1
	scale_pivot	0 0 0
	rotate_pivot	0 0 0
	min_bound	0 0 0
	max_bound	0 0 0
	scale	1 1 1
	translate	11.5934 -7.48321e-08 3.01859e-06
	rotation_orient	0 0 0 1
	rotation	0.0716534 -0.139663 -0.0857165 0.983876
	joint_orient	0 0 0 1
	bind_pose_matrix
		0.946294 -0.188684 0.262539 0
		0.148654 0.975037 0.164939 0
		-0.287106 -0.117053 0.95072 0
		11.5934 -7.48321e-08 3.01859e-06 1
	rotation_order xyz
	inherits_transform 1
	shearing 0 0 0
	rotate_pivot_translate	0 0 0
	scale_pivot_translate	0 0 0
	translate_limit_x -INF +INF
	translate_limit_y -INF +INF
	translate_limit_z -INF +INF
	rotate_limit_x -INF +INF
	rotate_limit_y -INF +INF
	rotate_limit_z -INF +INF
	scale_limit_x -INF +INF
	scale_limit_y -INF +INF
	scale_limit_z -INF +INF
	parent 4
	child_joints 1
		3 
	INSTANCE_LIST
	{
	}
	segment_scale_compensate 1
	EXTRA_ATTRIBUTES
	{
		original_name string "Bip001 Head"
		wire_colour colour 0.65098 0.792157 0.941176
	}
}
JOINT Bip001_Jaw
{
	id 3
	visible	1
	scale_pivot	0 0 0
	rotate_pivot	0 0 0
	min_bound	0 0 0
	max_bound	0 0 0
	scale	1 1 1
	translate	3.87301 -3.57625e-05 -2.50609
	rotation_orient	0 0 0 1
	rotation	-1.84354e-09 0.793596 2.20647e-06 0.608445
	joint_orient	0 0 0 1
	bind_pose_matrix
		-0.259589 2.68211e-06 -0.965719 0
		-2.68796e-06 1 3.49985e-06 0
		0.965719 3.50434e-06 -0.259589 0
		3.87301 -3.57625e-05 -2.50609 1
	rotation_order xyz
	inherits_transform 1
	shearing 0 0 0
	rotate_pivot_translate	0 0 0
	scale_pivot_translate	0 0 0
	translate_limit_x -INF +INF
	translate_limit_y -INF +INF
	translate_limit_z -INF +INF
	rotate_limit_x -INF +INF
	rotate_limit_y -INF +INF
	rotate_limit_z -INF +INF
	scale_limit_x -INF +INF
	scale_limit_y -INF +INF
	scale_limit_z -INF +INF
	parent 2
	child_joints 3
		28 29 30 
	INSTANCE_LIST
	{
	}
	segment_scale_compensate 1
	EXTRA_ATTRIBUTES
	{
		original_name string "Bip001 Jaw"
		wire_colour colour 0.988235 0 0
	}
}
JOINT Bip001_L_Calf
{
	id 17
	visible	1
	scale_pivot	0 0 0
	rotate_pivot	0 0 0
	min_bound	0 0 0
	max_bound	0 0 0
	scale	1 1 1
	translate	42.8806 1.34945e-06 -9.75213e-07
	rotation_orient	0 0 0 1
	rotation	2.79996e-09 -0.175711 5.21191e-08 0.984442
	joint_orient	0 0 0 1
	bind_pose_matrix
		0.938251 1.01633e-07 0.345954 0
		-1.036e-07 1 -1.2803e-08 0
		-0.345954 -2.38286e-08 0.938251 0
		42.8806 1.34945e-06 -9.75213e-07 1
	rotation_order xyz
	inherits_transform 1
	shearing 0 0 0
	rotate_pivot_translate	0 0 0
	scale_pivot_translate	0 0 0
	translate_limit_x -INF +INF
	translate_limit_y -INF +INF
	translate_limit_z -INF +INF
	rotate_limit_x -INF +INF
	rotate_limit_y -INF +INF
	rotate_limit_z -INF +INF
	scale_limit_x -INF +INF
	scale_limit_y -INF +INF
	scale_limit_z -INF +INF
	parent 18
	child_joints 1
		21 
	INSTANCE_LIST
	{
	}
	segment_scale_compensate 1
	EXTRA_ATTRIBUTES
	{
		original_name string "Bip001 L Calf"
		wire_colour colour 0.109804 0.109804 0.694118
	}
}
JOINT Bip001_L_Clavicle
{
	id 26
	visible	1
	scale_pivot	0 0 0
	rotate_pivot	0 0 0
	min_bound	0 0 0
	max_bound	0 0 0
	scale	1 1 1
	translate	23.2608 5.60499 11.8075
	rotation_orient	0 0 0 1
	rotation	0.752226 0.656998 0.033247 -0.037463
	joint_orient	0 0 0 1
	bind_pose_matrix
		0.134496 0.985932 0.0992449 0
		0.990914 -0.1339 -0.0126749 0
		0.000792317 0.100048 -0.994982 0
		23.2608 5.60499 11.8075 1
	rotation_order xyz
	inherits_transform 1
	shearing 0 0 0
	rotate_pivot_translate	0 0 0
	scale_pivot_translate	0 0 0
	translate_limit_x -INF +INF
	translate_limit_y -INF +INF
	translate_limit_z -INF +INF
	rotate_limit_x -INF +INF
	rotate_limit_y -INF +INF
	rotate_limit_z -INF +INF
	scale_limit_x -INF +INF
	scale_limit_y -INF +INF
	scale_limit_z -INF +INF
	parent 11
	child_joints 2
		23 32 
	INSTANCE_LIST
	{
	}
	segment_scale_compensate 1
	EXTRA_ATTRIBUTES
	{
		original_name string "Bip001 L Clavicle"
		wire_colour colour 0.109804 0.109804 0.694118
	}
}
JOINT Bip001_L_Foot
{
	id 21
	visible	1
	scale_pivot	0 0 0
	rotate_pivot	0 0 0
	min_bound	0 0 0
	max_bound	0 0 0
	scale	1 1 1
	translate	55.3239 -3.29777e-06 -1.46807e-06
	rotation_orient	0 0 0 1
	rotation	0.0461336 0.0111336 0.170353 0.98424
	joint_orient	0 0 0 1
	bind_pose_matrix
		0.941712 0.336363 -0.0061982 0
		-0.334309 0.937703 0.0946063 0
		0.0376342 -0.0870198 0.995495 0
		55.3239 -3.29777e-06 -1.46807e-06 1
	rotation_order xyz
	inherits_transform 1
	shearing 0 0 0
	rotate_pivot_translate	0 0 0
	scale_pivot_translate	0 0 0
	translate_limit_x -INF +INF
	translate_limit_y -INF +INF
	translate_limit_z -INF +INF
	rotate_limit_x -INF +INF
	rotate_limit_y -INF +INF
	rotate_limit_z -INF +INF
	scale_limit_x -INF +INF
	scale_limit_y -INF +INF
	scale_limit_z -INF +INF
	parent 17
	child_joints 1
		19 
	INSTANCE_LIST
	{
	}
	segment_scale_compensate 1
	EXTRA_ATTRIBUTES
	{
		original_name string "Bip001 L Foot"
		wire_colour colour 0.109804 0.109804 0.694118
	}
}
JOINT Bip001_L_Forearm
{
	id 27
	visible	1
	scale_pivot	0 0 0
	rotate_pivot	0 0 0
	min_bound	0 0 0
	max_bound	0 0 0
	scale	1 1 1
	translate	50.8825 8.34382e-07 -6.90844e-07
	rotation_orient	0 0 0 1
	rotation	1.4772e-08 -0.323534 -2.0228e-08 0.946216
	joint_orient	0 0 0 1
	bind_pose_matrix
		0.790651 -4.78387e-08 0.612267 0
		2.87217e-08 1 4.10439e-08 0
		-0.612267 -1.4866e-08 0.790651 0
		50.8825 8.34382e-07 -6.90844e-07 1
	rotation_order xyz
	inherits_transform 1
	shearing 0 0 0
	rotate_pivot_translate	0 0 0
	scale_pivot_translate	0 0 0
	translate_limit_x -INF +INF
	translate_limit_y -INF +INF
	translate_limit_z -INF +INF
	rotate_limit_x -INF +INF
	rotate_limit_y -INF +INF
	rotate_limit_z -INF +INF
	scale_limit_x -INF +INF
	scale_limit_y -INF +INF
	scale_limit_z -INF +INF
	parent 23
	child_joints 1
		24 
	INSTANCE_LIST
	{
	}
	segment_scale_compensate 1
	EXTRA_ATTRIBUTES
	{
		original_name string "Bip001 L Forearm"
		wire_colour colour 0.109804 0.109804 0.694118
	}
}
JOINT Bip001_L_Hand
{
	id 24
	visible	1
	scale_pivot	0 0 0
	rotate_pivot	0 0 0
	min_bound	0 0 0
	max_bound	0 0 0
	scale	1 1 1
	translate	42.1284 -1.45404e-06 5.07435e-07
	rotation_orient	0 0 0 1
	rotation	-0.765676 0.0990613 -0.264537 0.577881
	joint_orient	0 0 0 1
	bind_pose_matrix
		0.840414 -0.45744 0.290609 0
		0.154045 -0.312481 -0.937351 0
		0.519591 0.832529 -0.192147 0
		42.1284 -1.45404e-06 5.07435e-07 1
	rotation_order xyz
	inherits_transform 1
	shearing 0 0 0
	rotate_pivot_translate	0 0 0
	scale_pivot_translate	0 0 0
	translate_limit_x -INF +INF
	translate_limit_y -INF +INF
	translate_limit_z -INF +INF
	rotate_limit_x -INF +INF
	rotate_limit_y -INF +INF
	rotate_limit_z -INF +INF
	scale_limit_x -INF +INF
	scale_limit_y -INF +INF
	scale_limit_z -INF +INF
	parent 27
	child_joints 2
		33 37 
	INSTANCE_LIST
	{
	}
	segment_scale_compensate 1
	EXTRA_ATTRIBUTES
	{
		original_name string "Bip001 L Hand"
		wire_colour colour 0.109804 0.109804 0.694118
	}
}
JOINT Bip001_L_Thigh
{
	id 18
	visible	1
	scale_pivot	0 0 0
	rotate_pivot	0 0 0
	min_bound	0 0 0
	max_bound	0 0 0
	scale	1 1 1
	translate	-1.9861e-05 16.5157 -2.68861e-05
	rotation_orient	0 0 0 1
	rotation	0.155632 0.150596 -0.945812 -0.241947
	joint_orient	0 0 0 1
	bind_pose_matrix
		-0.834481 0.504548 -0.221525 0
		-0.410798 -0.837565 -0.360181 0
		-0.36727 -0.209562 0.906199 0
		-1.9861e-05 16.5157 -2.68861e-05 1
	rotation_order xyz
	inherits_transform 1
	shearing 0 0 0
	rotate_pivot_translate	0 0 0
	scale_pivot_translate	0 0 0
	translate_limit_x -INF +INF
	translate_limit_y -INF +INF
	translate_limit_z -INF +INF
	rotate_limit_x -INF +INF
	rotate_limit_y -INF +INF
	rotate_limit_z -INF +INF
	scale_limit_x -INF +INF
	scale_limit_y -INF +INF
	scale_limit_z -INF +INF
	parent 9
	child_joints 1
		17 
	INSTANCE_LIST
	{
	}
	segment_scale_compensate 1
	EXTRA_ATTRIBUTES
	{
		original_name string "Bip001 L Thigh"
		wire_colour colour 0.109804 0.109804 0.694118
	}
}
JOINT Bip001_L_Toe0
{
	id 19
	visible	1
	scale_pivot	0 0 0
	rotate_pivot	0 0 0
	min_bound	0 0 0
	max_bound	0 0 0
	scale	1 1 1
	translate	18.3219 4.71936e-07 -21.8944
	rotation_orient	0 0 0 1
	rotation	-4.46187e-07 0.707107 1.05935e-07 0.707106
	joint_orient	0 0 0 1
	bind_pose_matrix
		-2.02656e-06 -4.8119e-07 -1 0
		-7.8082e-07 1 -4.81188e-07 0
		1 7.80819e-07 -2.02656e-06 0
		18.3219 4.71936e-07 -21.8944 1
	rotation_order xyz
	inherits_transform 1
	shearing 0 0 0
	rotate_pivot_translate	0 0 0
	scale_pivot_translate	0 0 0
	translate_limit_x -INF +INF
	translate_limit_y -INF +INF
	translate_limit_z -INF +INF
	rotate_limit_x -INF +INF
	rotate_limit_y -INF +INF
	rotate_limit_z -INF +INF
	scale_limit_x -INF +INF
	scale_limit_y -INF +INF
	scale_limit_z -INF +INF
	parent 21
	child_joints 0
	INSTANCE_LIST
	{
	}
	segment_scale_compensate 1
	EXTRA_ATTRIBUTES
	{
		original_name string "Bip001 L Toe0"
		wire_colour colour 0.423529 0.0313726 0.533333
	}
}
JOINT Bip001_L_UpperArm
{
	id 23
	visible	1
	scale_pivot	0 0 0
	rotate_pivot	0 0 0
	min_bound	0 0 0
	max_bound	0 0 0
	scale	1 1 1
	translate	22.4233 1.01477e-05 5.66534e-07
	rotation_orient	0 0 0 1
	rotation	0.348365 0.0362945 -0.430691 0.831763
	joint_orient	0 0 0 1
	bind_pose_matrix
		0.626376 -0.691178 -0.360452 0
		0.741753 0.386294 0.548251 0
		-0.239698 -0.610778 0.754649 0
		22.4233 1.01477e-05 5.66534e-07 1
	rotation_order xyz
	inherits_transform 1
	shearing 0 0 0
	rotate_pivot_translate	0 0 0
	scale_pivot_translate	0 0 0
	translate_limit_x -INF +INF
	translate_limit_y -INF +INF
	translate_limit_z -INF +INF
	rotate_limit_x -INF +INF
	rotate_limit_y -INF +INF
	rotate_limit_z -INF +INF
	scale_limit_x -INF +INF
	scale_limit_y -INF +INF
	scale_limit_z -INF +INF
	parent 26
	child_joints 1
		27 
	INSTANCE_LIST
	{
	}
	segment_scale_compensate 1
	EXTRA_ATTRIBUTES
	{
		original_name string "Bip001 L UpperArm"
		wire_colour colour 0.109804 0.109804 0.694118
	}
}
JOINT Bip001_Neck
{
	id 4
	visible	1
	scale_pivot	0 0 0
	rotate_pivot	0 0 0
	min_bound	0 0 0
	max_bound	0 0 0
	scale	1 1 1
	translate	32.8698 -2.17012e-06 9.33883
	rotation_orient	0 0 0 1
	rotation	-2.40456e-10 0.314404 8.73375e-07 0.949289
	joint_orient	0 0 0 1
	bind_pose_matrix
		0.8023 1.65802e-06 -0.59692 0
		-1.65832e-06 1 5.48729e-07 0
		0.59692 5.49642e-07 0.8023 0
		32.8698 -2.17012e-06 9.33883 1
	rotation_order xyz
	inherits_transform 1
	shearing 0 0 0
	rotate_pivot_translate	0 0 0
	scale_pivot_translate	0 0 0
	translate_limit_x -INF +INF
	translate_limit_y -INF +INF
	translate_limit_z -INF +INF
	rotate_limit_x -INF +INF
	rotate_limit_y -INF +INF
	rotate_limit_z -INF +INF
	scale_limit_x -INF +INF
	scale_limit_y -INF +INF
	scale_limit_z -INF +INF
	parent 11
	child_joints 1
		2 
	INSTANCE_LIST
	{
	}
	segment_scale_compensate 1
	EXTRA_ATTRIBUTES
	{
		original_name string "Bip001 Neck"
		wire_colour colour 0.0313726 0.431373 0.52549
	}
}
JOINT Bip001_Pelvis
{
	id 9
	visible	1
	scale_pivot	0 0 0
	rotate_pivot	0 0 0
	min_bound	0 0 0
	max_bound	0 0 0
	scale	1 1 1
	translate	0.874221 6.70759e-07 0.6075
	rotation_orient	0 0 0 1
	rotation	-0.499999 -0.5 0.5 0.500001
	joint_orient	0 0 0 1
	bind_pose_matrix
		-2.38419e-07 1 1.3411e-06 0
		-1.3411e-06 1.13249e-06 -1 0
		-1 -5.96046e-08 1.13249e-06 0
		0.874221 6.70759e-07 0.6075 1
	rotation_order xyz
	inherits_transform 1
	shearing 0 0 0
	rotate_pivot_translate	0 0 0
	scale_pivot_translate	0 0 0
	translate_limit_x -INF +INF
	translate_limit_y -INF +INF
	translate_limit_z -INF +INF
	rotate_limit_x -INF +INF
	rotate_limit_y -INF +INF
	rotate_limit_z -INF +INF
	scale_limit_x -INF +INF
	scale_limit_y -INF +INF
	scale_limit_z -INF +INF
	parent 1
	child_joints 4
		6 10 16 18 
	INSTANCE_LIST
	{
	}
	segment_scale_compensate 1
	EXTRA_ATTRIBUTES
	{
		original_name string "Bip001 Pelvis"
		wire_colour colour 0.878431 0.776471 0.341176
	}
}
JOINT Bip001_R_Calf
{
	id 20
	visible	1
	scale_pivot	0 0 0
	rotate_pivot	0 0 0
	min_bound	0 0 0
	max_bound	0 0 0
	scale	1 1 1
	translate	42.8806 8.39769e-07 7.15831e-07
	rotation_orient	0 0 0 1
	rotation	9.81932e-09 -0.185145 -5.74725e-09 0.982711
	joint_orient	0 0 0 1
	bind_pose_matrix
		0.931443 -1.49318e-08 0.363888 0
		7.65977e-09 1 2.14273e-08 0
		-0.363888 -1.7171e-08 0.931443 0
		42.8806 8.39769e-07 7.15831e-07 1
	rotation_order xyz
	inherits_transform 1
	shearing 0 0 0
	rotate_pivot_translate	0 0 0
	scale_pivot_translate	0 0 0
	translate_limit_x -INF +INF
	translate_limit_y -INF +INF
	translate_limit_z -INF +INF
	rotate_limit_x -INF +INF
	rotate_limit_y -INF +INF
	rotate_limit_z -INF +INF
	scale_limit_x -INF +INF
	scale_limit_y -INF +INF
	scale_limit_z -INF +INF
	parent 16
	child_joints 1
		13 
	INSTANCE_LIST
	{
	}
	segment_scale_compensate 1
	EXTRA_ATTRIBUTES
	{
		original_name string "Bip001 R Calf"
		wire_colour colour 0.0235294 0.52549 0.0235294
	}
}
JOINT Bip001_R_Clavicle
{
	id 25
	visible	1
	scale_pivot	0 0 0
	rotate_pivot	0 0 0
	min_bound	0 0 0
	max_bound	0 0 0
	scale	1 1 1
	translate	23.2608 -5.60505 11.8074
	rotation_orient	0 0 0 1
	rotation	0.795452 -0.603644 -0.0320658 -0.0429106
	joint_orient	0 0 0 1
	bind_pose_matrix
		0.269172 -0.957588 -0.102819 0
		-0.963092 -0.267546 -0.0295539 0
		0.000791732 0.106979 -0.994261 0
		23.2608 -5.60505 11.8074 1
	rotation_order xyz
	inherits_transform 1
	shearing 0 0 0
	rotate_pivot_translate	0 0 0
	scale_pivot_translate	0 0 0
	translate_limit_x -INF +INF
	translate_limit_y -INF +INF
	translate_limit_z -INF +INF
	rotate_limit_x -INF +INF
	rotate_limit_y -INF +INF
	rotate_limit_z -INF +INF
	scale_limit_x -INF +INF
	scale_limit_y -INF +INF
	scale_limit_z -INF +INF
	parent 11
	child_joints 2
		15 31 
	INSTANCE_LIST
	{
	}
	segment_scale_compensate 1
	EXTRA_ATTRIBUTES
	{
		original_name string "Bip001 R Clavicle"
		wire_colour colour 0.0235294 0.52549 0.0235294
	}
}
JOINT Bip001_R_Foot
{
	id 13
	visible	1
	scale_pivot	0 0 0
	rotate_pivot	0 0 0
	min_bound	0 0 0
	max_bound	0 0 0
	scale	1 1 1
	translate	55.3239 -1.74502e-06 -4.96058e-06
	rotation_orient	0 0 0 1
	rotation	-0.0329941 0.182754 -0.0756887 0.979685
	joint_orient	0 0 0 1
	bind_pose_matrix
		0.921745 -0.160362 -0.353088 0
		0.136243 0.986365 -0.0923125 0
		0.363077 0.0369829 0.931025 0
		55.3239 -1.74502e-06 -4.96058e-06 1
	rotation_order xyz
	inherits_transform 1
	shearing 0 0 0
	rotate_pivot_translate	0 0 0
	scale_pivot_translate	0 0 0
	translate_limit_x -INF +INF
	translate_limit_y -INF +INF
	translate_limit_z -INF +INF
	rotate_limit_x -INF +INF
	rotate_limit_y -INF +INF
	rotate_limit_z -INF +INF
	scale_limit_x -INF +INF
	scale_limit_y -INF +INF
	scale_limit_z -INF +INF
	parent 20
	child_joints 1
		12 
	INSTANCE_LIST
	{
	}
	segment_scale_compensate 1
	EXTRA_ATTRIBUTES
	{
		original_name string "Bip001 R Foot"
		wire_colour colour 0.0235294 0.52549 0.0235294
	}
}
JOINT Bip001_R_Forearm
{
	id 22
	visible	1
	scale_pivot	0 0 0
	rotate_pivot	0 0 0
	min_bound	0 0 0
	max_bound	0 0 0
	scale	1 1 1
	translate	50.8825 3.31753e-06 -5.73526e-06
	rotation_orient	0 0 0 1
	rotation	-3.07174e-08 -0.456574 -6.28202e-09 0.889686
	joint_orient	0 0 0 1
	bind_pose_matrix
		0.583081 1.68715e-08 0.812414 0
		3.92275e-08 1 -4.89212e-08 0
		-0.812414 6.03941e-08 0.583081 0
		50.8825 3.31753e-06 -5.73526e-06 1
	rotation_order xyz
	inherits_transform 1
	shearing 0 0 0
	rotate_pivot_translate	0 0 0
	scale_pivot_translate	0 0 0
	translate_limit_x -INF +INF
	translate_limit_y -INF +INF
	translate_limit_z -INF +INF
	rotate_limit_x -INF +INF
	rotate_limit_y -INF +INF
	rotate_limit_z -INF +INF
	scale_limit_x -INF +INF
	scale_limit_y -INF +INF
	scale_limit_z -INF +INF
	parent 15
	child_joints 1
		14 
	INSTANCE_LIST
	{
	}
	segment_scale_compensate 1
	EXTRA_ATTRIBUTES
	{
		original_name string "Bip001 R Forearm"
		wire_colour colour 0.0235294 0.52549 0.0235294
	}
}
JOINT Bip001_R_Hand
{
	id 14
	visible	1
	scale_pivot	0 0 0
	rotate_pivot	0 0 0
	min_bound	0 0 0
	max_bound	0 0 0
	scale	1 1 1
	translate	42.1285 -4.58792e-06 2.50561e-06
	rotation_orient	0 0 0 1
	rotation	0.834464 0.361952 -0.0129572 0.415321
	joint_orient	0 0 0 1
	bind_pose_matrix
		0.737646 0.59331 -0.322277 0
		0.614835 -0.392998 0.683762 0
		0.279028 -0.702521 -0.654681 0
		42.1285 -4.58792e-06 2.50561e-06 1
	rotation_order xyz
	inherits_transform 1
	shearing 0 0 0
	rotate_pivot_translate	0 0 0
	scale_pivot_translate	0 0 0
	translate_limit_x -INF +INF
	translate_limit_y -INF +INF
	translate_limit_z -INF +INF
	rotate_limit_x -INF +INF
	rotate_limit_y -INF +INF
	rotate_limit_z -INF +INF
	scale_limit_x -INF +INF
	scale_limit_y -INF +INF
	scale_limit_z -INF +INF
	parent 22
	child_joints 3
		34 35 36 
	INSTANCE_LIST
	{
	}
	segment_scale_compensate 1
	EXTRA_ATTRIBUTES
	{
		original_name string "Bip001 R Hand"
		wire_colour colour 0.0235294 0.52549 0.0235294
	}
}
JOINT Bip001_R_Thigh
{
	id 16
	visible	1
	scale_pivot	0 0 0
	rotate_pivot	0 0 0
	min_bound	0 0 0
	max_bound	0 0 0
	scale	1 1 1
	translate	2.00676e-05 -16.5157 1.73683e-05
	rotation_orient	0 0 0 1
	rotation	-0.0297167 -0.350694 -0.935666 0.0257013
	joint_orient	0 0 0 1
	bind_pose_matrix
		-0.996913 -0.0272527 0.0736363 0
		0.0689385 -0.752707 0.654737 0
		0.0375832 0.657792 0.752262 0
		2.00676e-05 -16.5157 1.73683e-05 1
	rotation_order xyz
	inherits_transform 1
	shearing 0 0 0
	rotate_pivot_translate	0 0 0
	scale_pivot_translate	0 0 0
	translate_limit_x -INF +INF
	translate_limit_y -INF +INF
	translate_limit_z -INF +INF
	rotate_limit_x -INF +INF
	rotate_limit_y -INF +INF
	rotate_limit_z -INF +INF
	scale_limit_x -INF +INF
	scale_limit_y -INF +INF
	scale_limit_z -INF +INF
	parent 9
	child_joints 1
		20 
	INSTANCE_LIST
	{
	}
	segment_scale_compensate 1
	EXTRA_ATTRIBUTES
	{
		original_name string "Bip001 R Thigh"
		wire_colour colour 0.0235294 0.52549 0.0235294
	}
}
JOINT Bip001_R_Toe0
{
	id 12
	visible	1
	scale_pivot	0 0 0
	rotate_pivot	0 0 0
	min_bound	0 0 0
	max_bound	0 0 0
	scale	1 1 1
	translate	18.3219 -1.39195e-07 -21.8944
	rotation_orient	0 0 0 1
	rotation	-9.03263e-07 0.707107 -5.46961e-07 0.707107
	joint_orient	0 0 0 1
	bind_pose_matrix
		3.57628e-07 -2.05093e-06 -1 0
		-5.03887e-07 1 -2.05093e-06 0
		1 5.03888e-07 3.57628e-07 0
		18.3219 -1.39195e-07 -21.8944 1
	rotation_order xyz
	inherits_transform 1
	shearing 0 0 0
	rotate_pivot_translate	0 0 0
	scale_pivot_translate	0 0 0
	translate_limit_x -INF +INF
	translate_limit_y -INF +INF
	translate_limit_z -INF +INF
	rotate_limit_x -INF +INF
	rotate_limit_y -INF +INF
	rotate_limit_z -INF +INF
	scale_limit_x -INF +INF
	scale_limit_y -INF +INF
	scale_limit_z -INF +INF
	parent 13
	child_joints 0
	INSTANCE_LIST
	{
	}
	segment_scale_compensate 1
	EXTRA_ATTRIBUTES
	{
		original_name string "Bip001 R Toe0"
		wire_colour colour 0.443137 0.52549 0.0235294
	}
}
JOINT Bip001_R_UpperArm
{
	id 15
	visible	1
	scale_pivot	0 0 0
	rotate_pivot	0 0 0
	min_bound	0 0 0
	max_bound	0 0 0
	scale	1 1 1
	translate	22.4233 7.44944e-06 -1.27735e-06
	rotation_orient	0 0 0 1
	rotation	0.401798 0.23964 0.0553734 0.88208
	joint_orient	0 0 0 1
	bind_pose_matrix
		0.879013 0.290261 -0.378266 0
		0.0948862 0.670985 0.735375 0
		0.467261 -0.682296 0.562262 0
		22.4233 7.44944e-06 -1.27735e-06 1
	rotation_order xyz
	inherits_transform 1
	shearing 0 0 0
	rotate_pivot_translate	0 0 0
	scale_pivot_translate	0 0 0
	translate_limit_x -INF +INF
	translate_limit_y -INF +INF
	translate_limit_z -INF +INF
	rotate_limit_x -INF +INF
	rotate_limit_y -INF +INF
	rotate_limit_z -INF +INF
	scale_limit_x -INF +INF
	scale_limit_y -INF +INF
	scale_limit_z -INF +INF
	parent 25
	child_joints 1
		22 
	INSTANCE_LIST
	{
	}
	segment_scale_compensate 1
	EXTRA_ATTRIBUTES
	{
		original_name string "Bip001 R UpperArm"
		wire_colour colour 0.0235294 0.52549 0.0235294
	}
}
JOINT Bip001_Spine
{
	id 10
	visible	1
	scale_pivot	0 0 0
	rotate_pivot	0 0 0
	min_bound	0 0 0
	max_bound	0 0 0
	scale	1 1 1
	translate	21.7757 0.00132527 0.0127787
	rotation_orient	0 0 0 1
	rotation	-0.0497398 0.045274 0.0138837 0.997639
	joint_orient	0 0 0 1
	bind_pose_matrix
		0.995515 0.023198 -0.0917154 0
		-0.0322057 0.994666 -0.0979877 0
		0.0889531 0.100502 0.990952 0
		21.7757 0.00132527 0.0127787 1
	rotation_order xyz
	inherits_transform 1
	shearing 0 0 0
	rotate_pivot_translate	0 0 0
	scale_pivot_translate	0 0 0
	translate_limit_x -INF +INF
	translate_limit_y -INF +INF
	translate_limit_z -INF +INF
	rotate_limit_x -INF +INF
	rotate_limit_y -INF +INF
	rotate_limit_z -INF +INF
	scale_limit_x -INF +INF
	scale_limit_y -INF +INF
	scale_limit_z -INF +INF
	parent 9
	child_joints 1
		11 
	INSTANCE_LIST
	{
	}
	segment_scale_compensate 1
	EXTRA_ATTRIBUTES
	{
		original_name string "Bip001 Spine"
		wire_colour colour 0.0313726 0.431373 0.52549
	}
}
JOINT Bip001_Spine1
{
	id 11
	visible	1
	scale_pivot	0 0 0
	rotate_pivot	0 0 0
	min_bound	0 0 0
	max_bound	0 0 0
	scale	1 1 1
	translate	16.1967 0.00162341 0.0242769
	rotation_orient	0 0 0 1
	rotation	-0.0300974 -0.110289 -0.0242288 0.993148
	joint_orient	0 0 0 1
	bind_pose_matrix
		0.974499 -0.0414867 0.220525 0
		0.0547643 0.997014 -0.0544381 0
		-0.217608 0.0651267 0.973861 0
		16.1967 0.00162341 0.0242769 1
	rotation_order xyz
	inherits_transform 1
	shearing 0 0 0
	rotate_pivot_translate	0 0 0
	scale_pivot_translate	0 0 0
	translate_limit_x -INF +INF
	translate_limit_y -INF +INF
	translate_limit_z -INF +INF
	rotate_limit_x -INF +INF
	rotate_limit_y -INF +INF
	rotate_limit_z -INF +INF
	scale_limit_x -INF +INF
	scale_limit_y -INF +INF
	scale_limit_z -INF +INF
	parent 10
	child_joints 3
		4 25 26 
	INSTANCE_LIST
	{
	}
	segment_scale_compensate 1
	EXTRA_ATTRIBUTES
	{
		original_name string "Bip001 Spine1"
		wire_colour colour 0.0313726 0.431373 0.52549
	}
}
JOINT be_F_tabard_01
{
	id 7
	visible	0
	scale_pivot	0 0 0
	rotate_pivot	0 0 0
	min_bound	0 0 0
	max_bound	0 0 0
	scale	1 1 1
	translate	24.8568 2.95796e-07 2.09273e-05
	rotation_orient	0 0 0 1
	rotation	5.67202e-07 9.79202e-09 0.0206198 0.999787
	joint_orient	0 0 0 1
	bind_pose_matrix
		0.99915 0.0412307 3.81124e-09 0
		-0.0412307 0.99915 1.13457e-06 0
		4.2971e-08 -1.13376e-06 1 0
		24.8568 2.95796e-07 2.09273e-05 1
	rotation_order xyz
	inherits_transform 1
	shearing 0 0 0
	rotate_pivot_translate	0 0 0
	scale_pivot_translate	0 0 0
	translate_limit_x -INF +INF
	translate_limit_y -INF +INF
	translate_limit_z -INF +INF
	rotate_limit_x -INF +INF
	rotate_limit_y -INF +INF
	rotate_limit_z -INF +INF
	scale_limit_x -INF +INF
	scale_limit_y -INF +INF
	scale_limit_z -INF +INF
	parent 5
	child_joints 0
	INSTANCE_LIST
	{
	}
	segment_scale_compensate 1
	EXTRA_ATTRIBUTES
	{
		wire_colour colour 0.682353 0.729412 0.796078
	}
}
JOINT bn_F_tabard_01
{
	id 6
	visible	0
	scale_pivot	0 0 0
	rotate_pivot	0 0 0
	min_bound	0 0 0
	max_bound	0 0 0
	scale	1 1 1
	translate	14.4872 -5.07838e-05 -29.1671
	rotation_orient	0 0 0 1
	rotation	0.0940885 0.706212 -0.700801 0.0359212
	joint_orient	0 0 0 1
	bind_pose_matrix
		-0.979714 0.0825456 -0.182611 0
		0.18324 5.00679e-05 -0.983068 0
		-0.0811388 -0.996587 -0.0151746 0
		14.4872 -5.07838e-05 -29.1671 1
	rotation_order xyz
	inherits_transform 1
	shearing 0 0 0
	rotate_pivot_translate	0 0 0
	scale_pivot_translate	0 0 0
	translate_limit_x -INF +INF
	translate_limit_y -INF +INF
	translate_limit_z -INF +INF
	rotate_limit_x -INF +INF
	rotate_limit_y -INF +INF
	rotate_limit_z -INF +INF
	scale_limit_x -INF +INF
	scale_limit_y -INF +INF
	scale_limit_z -INF +INF
	parent 9
	child_joints 1
		8 
	INSTANCE_LIST
	{
	}
	segment_scale_compensate 1
	EXTRA_ATTRIBUTES
	{
		wire_colour colour 0.682353 0.729412 0.796078
	}
}
JOINT bn_F_tabard_02
{
	id 8
	visible	0
	scale_pivot	0 0 0
	rotate_pivot	0 0 0
	min_bound	0 0 0
	max_bound	0 0 0
	scale	1 1 1
	translate	19.4102 -7.78808e-06 3.90679e-07
	rotation_orient	0 0 0 1
	rotation	0.00344074 0.0365399 -0.0789376 0.996204
	joint_orient	0 0 0 1
	bind_pose_matrix
		0.984867 -0.157024 -0.0733457 0
		0.157527 0.987514 0.0010866 0
		0.0722593 -0.0126241 0.997306 0
		19.4102 -7.78808e-06 3.90679e-07 1
	rotation_order xyz
	inherits_transform 1
	shearing 0 0 0
	rotate_pivot_translate	0 0 0
	scale_pivot_translate	0 0 0
	translate_limit_x -INF +INF
	translate_limit_y -INF +INF
	translate_limit_z -INF +INF
	rotate_limit_x -INF +INF
	rotate_limit_y -INF +INF
	rotate_limit_z -INF +INF
	scale_limit_x -INF +INF
	scale_limit_y -INF +INF
	scale_limit_z -INF +INF
	parent 6
	child_joints 1
		5 
	INSTANCE_LIST
	{
	}
	segment_scale_compensate 1
	EXTRA_ATTRIBUTES
	{
		wire_colour colour 0.682353 0.729412 0.796078
	}
}
JOINT bn_F_tabard_03
{
	id 5
	visible	0
	scale_pivot	0 0 0
	rotate_pivot	0 0 0
	min_bound	0 0 0
	max_bound	0 0 0
	scale	1 1 1
	translate	22.1778 -2.16404e-05 -4.02423e-06
	rotation_orient	0 0 0 1
	rotation	0.00149445 0.0329786 -0.0351623 0.998836
	joint_orient	0 0 0 1
	bind_pose_matrix
		0.995352 -0.0701441 -0.0659855 0
		0.0703413 0.997523 0.000666226 0
		0.0657753 -0.00530464 0.99782 0
		22.1778 -2.16404e-05 -4.02423e-06 1
	rotation_order xyz
	inherits_transform 1
	shearing 0 0 0
	rotate_pivot_translate	0 0 0
	scale_pivot_translate	0 0 0
	translate_limit_x -INF +INF
	translate_limit_y -INF +INF
	translate_limit_z -INF +INF
	rotate_limit_x -INF +INF
	rotate_limit_y -INF +INF
	rotate_limit_z -INF +INF
	scale_limit_x -INF +INF
	scale_limit_y -INF +INF
	scale_limit_z -INF +INF
	parent 8
	child_joints 1
		7 
	INSTANCE_LIST
	{
	}
	segment_scale_compensate 1
	EXTRA_ATTRIBUTES
	{
		wire_colour colour 0.682353 0.729412 0.796078
	}
}
BONE bn_fingers_L_01
{
	id 37
	visible	0
	scale_pivot	0 0 0
	rotate_pivot	0 0 0
	min_bound	0 0 0
	max_bound	0 0 0
	scale	1 1 1
	translate	20.3472 -0.263727 -7.07148
	rotation_orient	0 0 0 1
	rotation	-0.0440415 0.920992 0.075118 0.379726
	joint_orient	0 0 0 1
	bind_pose_matrix
		-0.707738 -0.0240752 -0.706065 0
		-0.138172 0.984835 0.104919 0
		0.692832 0.171813 -0.700332 0
		20.3472 -0.263727 -7.07148 1
	rotation_order xyz
	inherits_transform 1
	shearing 0 0 0
	rotate_pivot_translate	0 0 0
	scale_pivot_translate	0 0 0
	translate_limit_x -INF +INF
	translate_limit_y -INF +INF
	translate_limit_z -INF +INF
	rotate_limit_x -INF +INF
	rotate_limit_y -INF +INF
	rotate_limit_z -INF +INF
	scale_limit_x -INF +INF
	scale_limit_y -INF +INF
	scale_limit_z -INF +INF
	parent 24
	child_joints 0
	INSTANCE_LIST
	{
	}
	EXTRA_ATTRIBUTES
	{
		wire_colour colour 0.054902 1 0.00784314
	}
}
BONE bn_fingers_R_01
{
	id 35
	visible	0
	scale_pivot	0 0 0
	rotate_pivot	0 0 0
	min_bound	0 0 0
	max_bound	0 0 0
	scale	1 1 1
	translate	25.1662 2.89667 -4.50304
	rotation_orient	0 0 0 1
	rotation	0.120885 0.659952 -0.0525792 0.739652
	joint_orient	0 0 0 1
	bind_pose_matrix
		0.123398 0.0817759 -0.988982 0
		0.237337 0.965244 0.109426 0
		0.963558 -0.248225 0.0997006 0
		25.1662 2.89667 -4.50304 1
	rotation_order xyz
	inherits_transform 1
	shearing 0 0 0
	rotate_pivot_translate	0 0 0
	scale_pivot_translate	0 0 0
	translate_limit_x -INF +INF
	translate_limit_y -INF +INF
	translate_limit_z -INF +INF
	rotate_limit_x -INF +INF
	rotate_limit_y -INF +INF
	rotate_limit_z -INF +INF
	scale_limit_x -INF +INF
	scale_limit_y -INF +INF
	scale_limit_z -INF +INF
	parent 14
	child_joints 0
	INSTANCE_LIST
	{
	}
	EXTRA_ATTRIBUTES
	{
		wire_colour colour 0.054902 1 0.00784314
	}
}
BONE bn_mouth_01
{
	id 30
	visible	0
	scale_pivot	0 0 0
	rotate_pivot	0 0 0
	min_bound	0 0 0
	max_bound	0 0 0
	scale	1 1 1
	translate	9.78495 -3.30893e-05 3.94773
	rotation_orient	0 0 0 1
	rotation	0.703376 0.703366 0.0725903 0.072589
	joint_orient	0 0 0 1
	bind_pose_matrix
		1.28746e-05 1 3.23355e-06 0
		0.978924 -1.35899e-05 0.20423 0
		0.20423 4.99189e-07 -0.978923 0
		9.78495 -3.30893e-05 3.94773 1
	rotation_order xyz
	inherits_transform 1
	shearing 0 0 0
	rotate_pivot_translate	0 0 0
	scale_pivot_translate	0 0 0
	translate_limit_x -INF +INF
	translate_limit_y -INF +INF
	translate_limit_z -INF +INF
	rotate_limit_x -INF +INF
	rotate_limit_y -INF +INF
	rotate_limit_z -INF +INF
	scale_limit_x -INF +INF
	scale_limit_y -INF +INF
	scale_limit_z -INF +INF
	parent 3
	child_joints 0
	INSTANCE_LIST
	{
	}
	EXTRA_ATTRIBUTES
	{
		wire_colour colour 0 0.988235 0
	}
}
BONE bn_mouth_L_01
{
	id 28
	visible	0
	scale_pivot	0 0 0
	rotate_pivot	0 0 0
	min_bound	0 0 0
	max_bound	0 0 0
	scale	1 1 1
	translate	8.01526 2.79227 3.79137
	rotation_orient	0 0 0 1
	rotation	0.416017 0.849811 -0.0443937 0.320592
	joint_orient	0 0 0 1
	bind_pose_matrix
		-0.448301 0.678609 -0.581824 0
		0.735538 0.649918 0.191292 0
		0.507949 -0.342197 -0.790501 0
		8.01526 2.79227 3.79137 1
	rotation_order xyz
	inherits_transform 1
	shearing 0 0 0
	rotate_pivot_translate	0 0 0
	scale_pivot_translate	0 0 0
	translate_limit_x -INF +INF
	translate_limit_y -INF +INF
	translate_limit_z -INF +INF
	rotate_limit_x -INF +INF
	rotate_limit_y -INF +INF
	rotate_limit_z -INF +INF
	scale_limit_x -INF +INF
	scale_limit_y -INF +INF
	scale_limit_z -INF +INF
	parent 3
	child_joints 0
	INSTANCE_LIST
	{
	}
	EXTRA_ATTRIBUTES
	{
		wire_colour colour 0 0.988235 0
	}
}
BONE bn_mouth_R_01
{
	id 29
	visible	0
	scale_pivot	0 0 0
	rotate_pivot	0 0 0
	min_bound	0 0 0
	max_bound	0 0 0
	scale	1 1 1
	translate	8.00369 -2.80794 3.77691
	rotation_orient	0 0 0 1
	rotation	-0.452459 0.833561 0.0274345 0.31576
	joint_orient	0 0 0 1
	bind_pose_matrix
		-0.391154 -0.736979 -0.551236 0
		-0.771629 0.589057 -0.24 0
		0.501585 0.331473 -0.799087 0
		8.00369 -2.80794 3.77691 1
	rotation_order xyz
	inherits_transform 1
	shearing 0 0 0
	rotate_pivot_translate	0 0 0
	scale_pivot_translate	0 0 0
	translate_limit_x -INF +INF
	translate_limit_y -INF +INF
	translate_limit_z -INF +INF
	rotate_limit_x -INF +INF
	rotate_limit_y -INF +INF
	rotate_limit_z -INF +INF
	scale_limit_x -INF +INF
	scale_limit_y -INF +INF
	scale_limit_z -INF +INF
	parent 3
	child_joints 0
	INSTANCE_LIST
	{
	}
	EXTRA_ATTRIBUTES
	{
		wire_colour colour 0 0.988235 0
	}
}
JOINT bn_shoulderpad_L
{
	id 32
	visible	0
	scale_pivot	0 0 0
	rotate_pivot	0 0 0
	min_bound	0 0 0
	max_bound	0 0 0
	scale	1 1 1
	translate	22.4233 1.01477e-05 5.66534e-07
	rotation_orient	0 0 0 1
	rotation	0.182006 0.0189623 -0.225017 0.957017
	joint_orient	0 0 0 1
	bind_pose_matrix
		0.898015 -0.423789 -0.118203 0
		0.437594 0.832482 0.339831 0
		-0.0456143 -0.356899 0.933029 0
		22.4233 1.01477e-05 5.66534e-07 1
	rotation_order xyz
	inherits_transform 1
	shearing 0 0 0
	rotate_pivot_translate	0 0 0
	scale_pivot_translate	0 0 0
	translate_limit_x -INF +INF
	translate_limit_y -INF +INF
	translate_limit_z -INF +INF
	rotate_limit_x -INF +INF
	rotate_limit_y -INF +INF
	rotate_limit_z -INF +INF
	scale_limit_x -INF +INF
	scale_limit_y -INF +INF
	scale_limit_z -INF +INF
	parent 26
	child_joints 0
	INSTANCE_LIST
	{
	}
	segment_scale_compensate 1
	EXTRA_ATTRIBUTES
	{
		wire_colour colour 0.643137 0.776471 0.807843
	}
}
JOINT bn_shoulderpad_R
{
	id 31
	visible	0
	scale_pivot	0 0 0
	rotate_pivot	0 0 0
	min_bound	0 0 0
	max_bound	0 0 0
	scale	1 1 1
	translate	21.4106 10.3723 -3.73433
	rotation_orient	0 0 0 1
	rotation	-0.0154587 0.23605 0.00425696 0.971609
	joint_orient	0 0 0 1
	bind_pose_matrix
		0.888524 0.000974151 -0.458828 0
		-0.0155702 0.999486 -0.0280298 0
		0.458565 0.0320493 0.888083 0
		21.4106 10.3723 -3.73433 1
	rotation_order xyz
	inherits_transform 1
	shearing 0 0 0
	rotate_pivot_translate	0 0 0
	scale_pivot_translate	0 0 0
	translate_limit_x -INF +INF
	translate_limit_y -INF +INF
	translate_limit_z -INF +INF
	rotate_limit_x -INF +INF
	rotate_limit_y -INF +INF
	rotate_limit_z -INF +INF
	scale_limit_x -INF +INF
	scale_limit_y -INF +INF
	scale_limit_z -INF +INF
	parent 25
	child_joints 0
	INSTANCE_LIST
	{
	}
	segment_scale_compensate 1
	EXTRA_ATTRIBUTES
	{
		wire_colour colour 0.643137 0.776471 0.807843
	}
}
BONE bn_thumb_L_01
{
	id 33
	visible	0
	scale_pivot	0 0 0
	rotate_pivot	0 0 0
	min_bound	0 0 0
	max_bound	0 0 0
	scale	1 1 1
	translate	3.80866 -10.8076 -8.92636
	rotation_orient	0 0 0 1
	rotation	0.440319 0.197879 -0.130456 0.865993
	joint_orient	0 0 0 1
	bind_pose_matrix
		0.88765 -0.0516874 -0.457608 0
		0.400208 0.578202 0.710998 0
		0.22784 -0.814255 0.533926 0
		3.80866 -10.8076 -8.92636 1
	rotation_order xyz
	inherits_transform 1
	shearing 0 0 0
	rotate_pivot_translate	0 0 0
	scale_pivot_translate	0 0 0
	translate_limit_x -INF +INF
	translate_limit_y -INF +INF
	translate_limit_z -INF +INF
	rotate_limit_x -INF +INF
	rotate_limit_y -INF +INF
	rotate_limit_z -INF +INF
	scale_limit_x -INF +INF
	scale_limit_y -INF +INF
	scale_limit_z -INF +INF
	parent 24
	child_joints 0
	INSTANCE_LIST
	{
	}
	EXTRA_ATTRIBUTES
	{
		wire_colour colour 0.054902 1 0.00784314
	}
}
BONE bn_thumb_R_01
{
	id 34
	visible	0
	scale_pivot	0 0 0
	rotate_pivot	0 0 0
	min_bound	0 0 0
	max_bound	0 0 0
	scale	1 1 1
	translate	3.80856 10.8074 -8.92633
	rotation_orient	0 0 0 1
	rotation	-0.363784 0.232595 0.305728 0.848582
	joint_orient	0 0 0 1
	bind_pose_matrix
		0.70486 0.349642 -0.617189 0
		-0.688099 0.548382 -0.47518 0
		0.172313 0.759623 0.627121 0
		3.80856 10.8074 -8.92633 1
	rotation_order xyz
	inherits_transform 1
	shearing 0 0 0
	rotate_pivot_translate	0 0 0
	scale_pivot_translate	0 0 0
	translate_limit_x -INF +INF
	translate_limit_y -INF +INF
	translate_limit_z -INF +INF
	rotate_limit_x -INF +INF
	rotate_limit_y -INF +INF
	rotate_limit_z -INF +INF
	scale_limit_x -INF +INF
	scale_limit_y -INF +INF
	scale_limit_z -INF +INF
	parent 14
	child_joints 0
	INSTANCE_LIST
	{
	}
	EXTRA_ATTRIBUTES
	{
		wire_colour colour 0.054902 1 0.00784314
	}
}
BONE bn_weapon_01
{
	id 36
	visible	0
	scale_pivot	0 0 0
	rotate_pivot	0 0 0
	min_bound	0 0 0
	max_bound	0 0 0
	scale	0.9 0.9 0.9
	translate	19.9956 21.6897 -4.43986
	rotation_orient	0 0 0 1
	rotation	0.275883 -0.24804 -0.765189 0.526165
	joint_orient	0 0 0 1
	bind_pose_matrix
		-0.26467 -0.847883 -0.145066 0
		0.601535 -0.290927 0.602924 0
		-0.614903 0.0803486 0.652257 0
		19.9956 21.6897 -4.43986 1
	rotation_order xyz
	inherits_transform 1
	shearing 0 0 0
	rotate_pivot_translate	0 0 0
	scale_pivot_translate	0 0 0
	translate_limit_x -INF +INF
	translate_limit_y -INF +INF
	translate_limit_z -INF +INF
	rotate_limit_x -INF +INF
	rotate_limit_y -INF +INF
	rotate_limit_z -INF +INF
	scale_limit_x -INF +INF
	scale_limit_y -INF +INF
	scale_limit_z -INF +INF
	parent 14
	child_joints 0
	INSTANCE_LIST
	{
	}
	EXTRA_ATTRIBUTES
	{
		wire_colour colour 0.054902 1 0.00784314
	}
}
JOINT root_displacement
{
	id 38
	visible	0
	scale_pivot	0 0 0
	rotate_pivot	0 0 0
	min_bound	0 0 0
	max_bound	0 0 0
	scale	1 1 1
	translate	0 0 -0
	rotation_orient	0 0 0 1
	rotation	0 0 0 1
	joint_orient	0 0 0 1
	bind_pose_matrix
		1 0 0 0
		0 1 0 0
		0 0 1 0
		0 0 -0 1
	rotation_order xyz
	inherits_transform 1
	shearing 0 0 0
	rotate_pivot_translate	0 0 0
	scale_pivot_translate	0 0 0
	translate_limit_x -INF +INF
	translate_limit_y -INF +INF
	translate_limit_z -INF +INF
	rotate_limit_x -INF +INF
	rotate_limit_y -INF +INF
	rotate_limit_z -INF +INF
	scale_limit_x -INF +INF
	scale_limit_y -INF +INF
	scale_limit_z -INF +INF
	parent 0
	child_joints 0
	INSTANCE_LIST
	{
	}
	segment_scale_compensate 1
	EXTRA_ATTRIBUTES
	{
		wire_colour colour 0 0.87451 0.145098
	}
}
ANIMATION_TAKE spawn_figurine_transition_01
{
	id 39
	start_time 0
	end_time 45
	fps 30
	current_time 0
	num_animated_nodes 38
	num_event_tracks 0
	ANIM_NODE 21
	{
		num_animated_attrs 3
		num_animated_attrs_user 0
		ATTR rotation
		{
			num_streams 1
			elements_per_sample 4
			SAMPLED_KEYS
			{

				0.0461335 0.0111332 0.170353 0.98424 
				-0.0327061 0.123539 0.21054 0.969196 
				-0.0499137 0.157092 0.251392 0.953747 
				-0.0839982 0.202276 0.274594 0.936284 
				-0.107771 0.235847 0.253827 0.931844 
				-0.0300969 0.230372 0.184061 0.955062 
				0.0376196 0.175604 0.149822 0.972266 
				0.0768037 0.109175 0.144327 0.980485 
				0.0730127 0.0907756 0.149257 0.981912 
				0.0637878 0.0826501 0.152229 0.982816 
				0.0508882 0.0835753 0.154923 0.983069 
				0.0358002 0.0908936 0.159501 0.982352 
				0.0198471 0.104464 0.166014 0.980374 
				0.00391796 0.121884 0.174056 0.977156 
				-0.011508 0.13745 0.183861 0.973227 
				-0.0266237 0.1458 0.194612 0.969618 
				-0.0599379 0.159164 0.220636 0.960413 
				-0.0960589 0.184269 0.253553 0.944737 
				-0.095892 0.207469 0.273156 0.934423 
				-0.0438971 0.220544 0.280084 0.933266 
				0.0317674 0.215111 0.274912 0.936558 
				0.106494 0.193578 0.247232 0.943431 
				0.162211 0.179588 0.199717 0.949499 
				0.191868 0.204963 0.112873 0.953119 
				0.218929 0.0993031 0.079767 0.967391 
				0.267769 -0.0176471 0.0746991 0.960421 
				0.330764 -0.0214548 0.0345095 0.942838 
				0.377455 0.0119959 -0.0228499 0.925668 
				0.390592 0.0240796 -0.0504143 0.918867 
				0.374676 0.0292274 -0.0445826 0.925622 
				0.345678 0.032678 -0.0248944 0.937454 
				0.308836 0.0341284 0.00675683 0.950479 
				0.269032 0.0331501 0.0469071 0.961417 
				0.230254 0.0293867 0.0911527 0.968406 
				0.195687 0.0227723 0.135048 0.971056 
				0.168354 0.0135943 0.174802 0.970008 
				0.151704 0.00234569 0.207542 0.966389 
				0.147972 -0.0120527 0.226347 0.962666 
				0.129386 0.0450418 0.232534 0.962891 
				0.13196 0.0927724 0.237734 0.957843 
				0.140428 0.123285 0.230478 0.954966 
				0.147832 0.143298 0.209312 0.955929 
				0.154862 0.154945 0.188837 0.957262 
				0.156029 0.154094 0.179155 0.959069 
				0.143264 0.141002 0.184537 0.96205 
				0.109318 0.124481 0.20359 0.964938 
			}
		}
		ATTR scale
		{
			num_streams 1
			elements_per_sample 3
			POSE_KEY
			{
				1 1 1 
			}
		}
		ATTR translate
		{
			num_streams 1
			elements_per_sample 3
			POSE_KEY
			{
				55.3239 4.08605e-06 3.30748e-06 
			}
		}
	}
	ANIM_NODE 19
	{
		num_animated_attrs 3
		num_animated_attrs_user 0
		ATTR rotation
		{
			num_streams 1
			elements_per_sample 4
			SAMPLED_KEYS
			{

				-4.46187e-07 0.707107 1.05935e-07 0.707106 
				-4.46187e-07 0.707107 1.05936e-07 0.707106 
				-5.71518e-07 0.707108 5.83797e-08 0.707106 
				-5.89578e-07 0.707107 7.64398e-08 0.707106 
				-6.42163e-07 0.707108 -7.79864e-08 0.707106 
				3.93789e-05 0.707086 0.000294844 0.707127 
				-5.5121e-07 0.707108 -7.53451e-08 0.707106 
				-4.71419e-07 0.707107 -4.17189e-08 0.707106 
				-5.76934e-07 0.707108 -1.43216e-07 0.707106 
				-4.77306e-07 0.707108 5.77617e-08 0.707106 
				9.03061e-06 0.707262 0.000108764 0.706951 
				6.46154e-06 0.707218 7.18144e-05 0.706995 
				-5.63896e-07 0.707108 -1.56253e-07 0.707106 
				-5.12316e-07 0.707108 -8.22643e-10 0.707106 
				-5.04553e-07 0.707108 -1.22002e-07 0.707106 
				-4.45836e-07 0.707108 -6.73023e-08 0.707106 
				-5.04103e-06 0.707053 -4.89572e-05 0.707161 
				-9.49901e-06 0.706998 -9.78492e-05 0.707216 
				-1.22654e-05 0.706962 -0.00013013 0.707252 
				-1.34025e-05 0.706949 -0.000141834 0.707265 
				-1.33751e-05 0.706947 -0.000142829 0.707266 
				-1.28017e-05 0.706954 -0.000137342 0.70726 
				-1.21741e-05 0.706962 -0.000129994 0.707252 
				-1.14469e-05 0.70697 -0.00012288 0.707244 
				-1.08097e-05 0.706978 -0.000115295 0.707236 
				-1.01059e-05 0.706987 -0.000107437 0.707227 
				-9.327e-06 0.706996 -9.91955e-05 0.707217 
				-8.51823e-06 0.707006 -9.05298e-05 0.707208 
				-7.7908e-06 0.707016 -8.20693e-05 0.707198 
				-6.97895e-06 0.707026 -7.29677e-05 0.707188 
				-6.23092e-06 0.707036 -6.40403e-05 0.707178 
				-5.41744e-06 0.707047 -5.47591e-05 0.707167 
				-4.58249e-06 0.707057 -4.55282e-05 0.707157 
				-3.83707e-06 0.707067 -3.64206e-05 0.707146 
				-3.03488e-06 0.707078 -2.70495e-05 0.707136 
				-2.20871e-06 0.707088 -1.79835e-05 0.707126 
				-1.46481e-06 0.707098 -9.16137e-06 0.707116 
