|XMD_005A#0MAX#0005.0.2|
JOINT Bip001
{
	id 1
	visible	1
	scale_pivot	0 0 0
	rotate_pivot	0 0 0
	min_bound	0 0 0
	max_bound	0 0 0
	scale	1 1 1
	translate	-8.3701 71.1517 8.05656
	rotation_orient	0 0 0 1
	rotation	-0.0688566 -0.390838 0.0266521 0.917493
	joint_orient	0 0 0 1
	bind_pose_matrix
		0.69307 0.10273 0.713513 0
		0.00491744 0.989097 -0.147184 0
		-0.720853 0.105518 0.685008 0
		-8.3701 71.1517 8.05656 1
	rotation_order xyz
	inherits_transform 1
	shearing 0 0 0
	rotate_pivot_translate	0 0 0
	scale_pivot_translate	0 0 0
	translate_limit_x -INF +INF
	translate_limit_y -INF +INF
	translate_limit_z -INF +INF
	rotate_limit_x -INF +INF
	rotate_limit_y -INF +INF
	rotate_limit_z -INF +INF
	scale_limit_x -INF +INF
	scale_limit_y -INF +INF
	scale_limit_z -INF +INF
	parent 0
	child_joints 1
		9 
	INSTANCE_LIST
	{
	}
	segment_scale_compensate 1
	EXTRA_ATTRIBUTES
	{
		wire_colour colour 1 0 0
	}
}
JOINT Bip001_Head
{
	id 2
	visible	1
	scale_pivot	0 0 0
	rotate_pivot	0 0 0
	min_bound	0 0 0
	max_bound	0 0 0
	scale	1 1 1
	translate	11.5934 1.04837e-007 4.28062e-006
	rotation_orient	0 0 0 1
	rotation	-0.279597 -0.420464 -0.121517 0.854558
	joint_orient	0 0 0 1
	bind_pose_matrix
		0.616888 0.0274341 0.786573 0
		0.442807 0.814119 -0.375676 0
		-0.65067 0.58005 0.490072 0
		11.5934 1.04837e-007 4.28062e-006 1
	rotation_order xyz
	inherits_transform 1
	shearing 0 0 0
	rotate_pivot_translate	0 0 0
	scale_pivot_translate	0 0 0
	translate_limit_x -INF +INF
	translate_limit_y -INF +INF
	translate_limit_z -INF +INF
	rotate_limit_x -INF +INF
	rotate_limit_y -INF +INF
	rotate_limit_z -INF +INF
	scale_limit_x -INF +INF
	scale_limit_y -INF +INF
	scale_limit_z -INF +INF
	parent 4
	child_joints 1
		3 
	INSTANCE_LIST
	{
	}
	segment_scale_compensate 1
	EXTRA_ATTRIBUTES
	{
		original_name string "Bip001 Head"
		wire_colour colour 0.65098 0.792157 0.941176
	}
}
JOINT Bip001_Jaw
{
	id 3
	visible	1
	scale_pivot	0 0 0
	rotate_pivot	0 0 0
	min_bound	0 0 0
	max_bound	0 0 0
	scale	1 1 1
	translate	3.87301 -3.29995e-005 -2.50608
	rotation_orient	0 0 0 1
	rotation	-3.0195e-010 0.793596 2.20685e-006 0.608445
	joint_orient	0 0 0 1
	bind_pose_matrix
		-0.25959 2.68502e-006 -0.965719 0
		-2.68598e-006 1 3.50233e-006 0
		0.965719 3.50307e-006 -0.25959 0
		3.87301 -3.29995e-005 -2.50608 1
	rotation_order xyz
	inherits_transform 1
	shearing 0 0 0
	rotate_pivot_translate	0 0 0
	scale_pivot_translate	0 0 0
	translate_limit_x -INF +INF
	translate_limit_y -INF +INF
	translate_limit_z -INF +INF
	rotate_limit_x -INF +INF
	rotate_limit_y -INF +INF
	rotate_limit_z -INF +INF
	scale_limit_x -INF +INF
	scale_limit_y -INF +INF
	scale_limit_z -INF +INF
	parent 2
	child_joints 3
		28 29 30 
	INSTANCE_LIST
	{
	}
	segment_scale_compensate 1
	EXTRA_ATTRIBUTES
	{
		original_name string "Bip001 Jaw"
		wire_colour colour 0.988235 0 0
	}
}
JOINT Bip001_L_Calf
{
	id 17
	visible	1
	scale_pivot	0 0 0
	rotate_pivot	0 0 0
	min_bound	0 0 0
	max_bound	0 0 0
	scale	1 1 1
	translate	42.8806 1.30975e-007 6.73788e-007
	rotation_orient	0 0 0 1
	rotation	3.05597e-008 -0.789629 -9.00609e-009 0.613584
	joint_orient	0 0 0 1
	bind_pose_matrix
		-0.247029 -5.93137e-008 0.969008 0
		-3.72097e-008 1 5.17249e-008 0
		-0.969008 -2.3279e-008 -0.247029 0
		42.8806 1.30975e-007 6.73788e-007 1
	rotation_order xyz
	inherits_transform 1
	shearing 0 0 0
	rotate_pivot_translate	0 0 0
	scale_pivot_translate	0 0 0
	translate_limit_x -INF +INF
	translate_limit_y -INF +INF
	translate_limit_z -INF +INF
	rotate_limit_x -INF +INF
	rotate_limit_y -INF +INF
	rotate_limit_z -INF +INF
	scale_limit_x -INF +INF
	scale_limit_y -INF +INF
	scale_limit_z -INF +INF
	parent 18
	child_joints 1
		21 
	INSTANCE_LIST
	{
	}
	segment_scale_compensate 1
	EXTRA_ATTRIBUTES
	{
		original_name string "Bip001 L Calf"
		wire_colour colour 0.109804 0.109804 0.694118
	}
}
JOINT Bip001_L_Clavicle
{
	id 26
	visible	1
	scale_pivot	0 0 0
	rotate_pivot	0 0 0
	min_bound	0 0 0
	max_bound	0 0 0
	scale	1 1 1
	translate	23.2609 5.60499 11.8075
	rotation_orient	0 0 0 1
	rotation	0.636651 0.769559 -0.0379166 0.0318829
	joint_orient	0 0 0 1
	bind_pose_matrix
		-0.187319 0.977464 -0.0973509 0
		0.982299 0.186476 -0.0177615 0
		0.000792347 -0.0989547 -0.995092 0
		23.2609 5.60499 11.8075 1
	rotation_order xyz
	inherits_transform 1
	shearing 0 0 0
	rotate_pivot_translate	0 0 0
	scale_pivot_translate	0 0 0
	translate_limit_x -INF +INF
	translate_limit_y -INF +INF
	translate_limit_z -INF +INF
	rotate_limit_x -INF +INF
	rotate_limit_y -INF +INF
	rotate_limit_z -INF +INF
	scale_limit_x -INF +INF
	scale_limit_y -INF +INF
	scale_limit_z -INF +INF
	parent 11
	child_joints 2
		23 32 
	INSTANCE_LIST
	{
	}
	segment_scale_compensate 1
	EXTRA_ATTRIBUTES
	{
		original_name string "Bip001 L Clavicle"
		wire_colour colour 0.109804 0.109804 0.694118
	}
}
JOINT Bip001_L_Foot
{
	id 21
	visible	1
	scale_pivot	0 0 0
	rotate_pivot	0 0 0
	min_bound	0 0 0
	max_bound	0 0 0
	scale	1 1 1
	translate	55.3239 2.38995e-006 1.96159e-006
	rotation_orient	0 0 0 1
	rotation	0.152637 0.243618 0.220407 0.93208
	joint_orient	0 0 0 1
	bind_pose_matrix
		0.784142 0.485244 -0.386859 0
		-0.336503 0.856245 0.39193 0
		0.521428 -0.17715 0.834704 0
		55.3239 2.38995e-006 1.96159e-006 1
	rotation_order xyz
	inherits_transform 1
	shearing 0 0 0
	rotate_pivot_translate	0 0 0
	scale_pivot_translate	0 0 0
	translate_limit_x -INF +INF
	translate_limit_y -INF +INF
	translate_limit_z -INF +INF
	rotate_limit_x -INF +INF
	rotate_limit_y -INF +INF
	rotate_limit_z -INF +INF
	scale_limit_x -INF +INF
	scale_limit_y -INF +INF
	scale_limit_z -INF +INF
	parent 17
	child_joints 1
		19 
	INSTANCE_LIST
	{
	}
	segment_scale_compensate 1
	EXTRA_ATTRIBUTES
	{
		original_name string "Bip001 L Foot"
		wire_colour colour 0.109804 0.109804 0.694118
	}
}
JOINT Bip001_L_Forearm
{
	id 27
	visible	1
	scale_pivot	0 0 0
	rotate_pivot	0 0 0
	min_bound	0 0 0
	max_bound	0 0 0
	scale	1 1 1
	translate	50.8825 -2.17876e-006 -2.84678e-007
	rotation_orient	0 0 0 1
	rotation	1.45055e-008 -0.54544 -4.31107e-008 0.83815
	joint_orient	0 0 0 1
	bind_pose_matrix
		0.404989 -8.80902e-008 0.914321 0
		5.64427e-008 1 7.13441e-008 0
		-0.914321 2.27132e-008 0.404989 0
		50.8825 -2.17876e-006 -2.84678e-007 1
	rotation_order xyz
	inherits_transform 1
	shearing 0 0 0
	rotate_pivot_translate	0 0 0
	scale_pivot_translate	0 0 0
	translate_limit_x -INF +INF
	translate_limit_y -INF +INF
	translate_limit_z -INF +INF
	rotate_limit_x -INF +INF
	rotate_limit_y -INF +INF
	rotate_limit_z -INF +INF
	scale_limit_x -INF +INF
	scale_limit_y -INF +INF
	scale_limit_z -INF +INF
	parent 23
	child_joints 1
		24 
	INSTANCE_LIST
	{
	}
	segment_scale_compensate 1
	EXTRA_ATTRIBUTES
	{
		original_name string "Bip001 L Forearm"
		wire_colour colour 0.109804 0.109804 0.694118
	}
}
JOINT Bip001_L_Hand
{
	id 24
	visible	1
	scale_pivot	0 0 0
	rotate_pivot	0 0 0
	min_bound	0 0 0
	max_bound	0 0 0
	scale	1 1 1
	translate	42.1285 5.51972e-006 -3.3079e-006
	rotation_orient	0 0 0 1
	rotation	0.873878 -0.153523 0.116872 -0.446216
	joint_orient	0 0 0 1
	bind_pose_matrix
		0.925543 -0.372621 0.0672549 0
		-0.16402 -0.554644 -0.815762 0
		0.341272 0.743992 -0.574465 0
		42.1285 5.51972e-006 -3.3079e-006 1
	rotation_order xyz
	inherits_transform 1
	shearing 0 0 0
	rotate_pivot_translate	0 0 0
	scale_pivot_translate	0 0 0
	translate_limit_x -INF +INF
	translate_limit_y -INF +INF
	translate_limit_z -INF +INF
	rotate_limit_x -INF +INF
	rotate_limit_y -INF +INF
	rotate_limit_z -INF +INF
	scale_limit_x -INF +INF
	scale_limit_y -INF +INF
	scale_limit_z -INF +INF
	parent 27
	child_joints 2
		33 37 
	INSTANCE_LIST
	{
	}
	segment_scale_compensate 1
	EXTRA_ATTRIBUTES
	{
		original_name string "Bip001 L Hand"
		wire_colour colour 0.109804 0.109804 0.694118
	}
}
JOINT Bip001_L_Thigh
{
	id 18
	visible	1
	scale_pivot	0 0 0
	rotate_pivot	0 0 0
	min_bound	0 0 0
	max_bound	0 0 0
	scale	1 1 1
	translate	-2.65515e-005 16.5157 -2.43763e-005
	rotation_orient	0 0 0 1
	rotation	0.492413 0.0134642 -0.772397 -0.400937
	joint_orient	0 0 0 1
	bind_pose_matrix
		-0.193558 0.632626 -0.74988 0
		-0.606106 -0.678136 -0.415653 0
		-0.771473 0.374054 0.514697 0
		-2.65515e-005 16.5157 -2.43763e-005 1
	rotation_order xyz
	inherits_transform 1
	shearing 0 0 0
	rotate_pivot_translate	0 0 0
	scale_pivot_translate	0 0 0
	translate_limit_x -INF +INF
	translate_limit_y -INF +INF
	translate_limit_z -INF +INF
	rotate_limit_x -INF +INF
	rotate_limit_y -INF +INF
	rotate_limit_z -INF +INF
	scale_limit_x -INF +INF
	scale_limit_y -INF +INF
	scale_limit_z -INF +INF
	parent 9
	child_joints 1
		17 
	INSTANCE_LIST
	{
	}
	segment_scale_compensate 1
	EXTRA_ATTRIBUTES
	{
		original_name string "Bip001 L Thigh"
		wire_colour colour 0.109804 0.109804 0.694118
	}
}
JOINT Bip001_L_Toe0
{
	id 19
	visible	1
	scale_pivot	0 0 0
	rotate_pivot	0 0 0
	min_bound	0 0 0
	max_bound	0 0 0
	scale	1 1 1
	translate	18.3219 2.03485e-006 -21.8944
	rotation_orient	0 0 0 1
	rotation	2.01474e-007 0.707107 -2.01474e-007 0.707106
	joint_orient	0 0 0 1
	bind_pose_matrix
		-1.66893e-006 9.09495e-013 -1 0
		5.69854e-007 1 -5.68434e-014 0
		1 -5.69854e-007 -1.66893e-006 0
		18.3219 2.03485e-006 -21.8944 1
	rotation_order xyz
	inherits_transform 1
	shearing 0 0 0
	rotate_pivot_translate	0 0 0
	scale_pivot_translate	0 0 0
	translate_limit_x -INF +INF
	translate_limit_y -INF +INF
	translate_limit_z -INF +INF
	rotate_limit_x -INF +INF
	rotate_limit_y -INF +INF
	rotate_limit_z -INF +INF
	scale_limit_x -INF +INF
	scale_limit_y -INF +INF
	scale_limit_z -INF +INF
	parent 21
	child_joints 0
	INSTANCE_LIST
	{
	}
	segment_scale_compensate 1
	EXTRA_ATTRIBUTES
	{
		original_name string "Bip001 L Toe0"
		wire_colour colour 0.423529 0.0313726 0.533333
	}
}
JOINT Bip001_L_UpperArm
{
	id 23
	visible	1
	scale_pivot	0 0 0
	rotate_pivot	0 0 0
	min_bound	0 0 0
	max_bound	0 0 0
	scale	1 1 1
	translate	22.4233 -5.33917e-006 3.0541e-006
	rotation_orient	0 0 0 1
	rotation	0.041643 -0.00373581 -0.180552 0.982676
	joint_orient	0 0 0 1
	bind_pose_matrix
		0.934774 -0.355159 -0.00769524 0
		0.354537 0.931334 0.0831922 0
		-0.0223796 -0.0804942 0.996504 0
		22.4233 -5.33917e-006 3.0541e-006 1
	rotation_order xyz
	inherits_transform 1
	shearing 0 0 0
	rotate_pivot_translate	0 0 0
	scale_pivot_translate	0 0 0
	translate_limit_x -INF +INF
	translate_limit_y -INF +INF
	translate_limit_z -INF +INF
	rotate_limit_x -INF +INF
	rotate_limit_y -INF +INF
	rotate_limit_z -INF +INF
	scale_limit_x -INF +INF
	scale_limit_y -INF +INF
	scale_limit_z -INF +INF
	parent 26
	child_joints 1
		27 
	INSTANCE_LIST
	{
	}
	segment_scale_compensate 1
	EXTRA_ATTRIBUTES
	{
		original_name string "Bip001 L UpperArm"
		wire_colour colour 0.109804 0.109804 0.694118
	}
}
JOINT Bip001_Neck
{
	id 4
	visible	1
	scale_pivot	0 0 0
	rotate_pivot	0 0 0
	min_bound	0 0 0
	max_bound	0 0 0
	scale	1 1 1
	translate	32.8698 -1.59816e-006 9.33883
	rotation_orient	0 0 0 1
	rotation	2.91961e-008 0.314404 8.8625e-007 0.949289
	joint_orient	0 0 0 1
	bind_pose_matrix
		0.8023 1.70097e-006 -0.59692 0
		-1.66426e-006 1 6.12712e-007 0
		0.59692 5.01849e-007 0.8023 0
		32.8698 -1.59816e-006 9.33883 1
	rotation_order xyz
	inherits_transform 1
	shearing 0 0 0
	rotate_pivot_translate	0 0 0
	scale_pivot_translate	0 0 0
	translate_limit_x -INF +INF
	translate_limit_y -INF +INF
	translate_limit_z -INF +INF
	rotate_limit_x -INF +INF
	rotate_limit_y -INF +INF
	rotate_limit_z -INF +INF
	scale_limit_x -INF +INF
	scale_limit_y -INF +INF
	scale_limit_z -INF +INF
	parent 11
	child_joints 1
		2 
	INSTANCE_LIST
	{
	}
	segment_scale_compensate 1
	EXTRA_ATTRIBUTES
	{
		original_name string "Bip001 Neck"
		wire_colour colour 0.0313726 0.431373 0.52549
	}
}
JOINT Bip001_Pelvis
{
	id 9
	visible	1
	scale_pivot	0 0 0
	rotate_pivot	0 0 0
	min_bound	0 0 0
	max_bound	0 0 0
	scale	1 1 1
	translate	0 0 -0
	rotation_orient	0 0 0 1
	rotation	-0.499999 -0.5 0.5 0.500001
	joint_orient	0 0 0 1
	bind_pose_matrix
		-2.38419e-007 1 1.3411e-006 0
		-1.3411e-006 1.13249e-006 -1 0
		-1 -5.96046e-008 1.13249e-006 0
		0 0 -0 1
	rotation_order xyz
	inherits_transform 1
	shearing 0 0 0
	rotate_pivot_translate	0 0 0
	scale_pivot_translate	0 0 0
	translate_limit_x -INF +INF
	translate_limit_y -INF +INF
	translate_limit_z -INF +INF
	rotate_limit_x -INF +INF
	rotate_limit_y -INF +INF
	rotate_limit_z -INF +INF
	scale_limit_x -INF +INF
	scale_limit_y -INF +INF
	scale_limit_z -INF +INF
	parent 1
	child_joints 4
		6 10 16 18 
	INSTANCE_LIST
	{
	}
	segment_scale_compensate 1
	EXTRA_ATTRIBUTES
	{
		original_name string "Bip001 Pelvis"
		wire_colour colour 0.878431 0.776471 0.341176
	}
}
JOINT Bip001_R_Calf
{
	id 20
	visible	1
	scale_pivot	0 0 0
	rotate_pivot	0 0 0
	min_bound	0 0 0
	max_bound	0 0 0
	scale	1 1 1
	translate	42.8806 2.19382e-007 8.89889e-007
	rotation_orient	0 0 0 1
	rotation	-3.05192e-008 -0.804748 4.69978e-008 0.593617
	joint_orient	0 0 0 1
	bind_pose_matrix
		-0.295238 1.04918e-007 0.955424 0
		-6.67683e-009 1 -1.11876e-007 0
		-0.955424 -3.94092e-008 -0.295238 0
		42.8806 2.19382e-007 8.89889e-007 1
	rotation_order xyz
	inherits_transform 1
	shearing 0 0 0
	rotate_pivot_translate	0 0 0
	scale_pivot_translate	0 0 0
	translate_limit_x -INF +INF
	translate_limit_y -INF +INF
	translate_limit_z -INF +INF
	rotate_limit_x -INF +INF
	rotate_limit_y -INF +INF
	rotate_limit_z -INF +INF
	scale_limit_x -INF +INF
	scale_limit_y -INF +INF
	scale_limit_z -INF +INF
	parent 16
	child_joints 1
		13 
	INSTANCE_LIST
	{
	}
	segment_scale_compensate 1
	EXTRA_ATTRIBUTES
	{
		original_name string "Bip001 R Calf"
		wire_colour colour 0.0235294 0.52549 0.0235294
	}
}
JOINT Bip001_R_Clavicle
{
	id 25
	visible	1
	scale_pivot	0 0 0
	rotate_pivot	0 0 0
	min_bound	0 0 0
	max_bound	0 0 0
	scale	1 1 1
	translate	23.2609 -5.60505 11.8074
	rotation_orient	0 0 0 1
	rotation	0.774092 -0.630459 -0.0359847 -0.0448101
	joint_orient	0 0 0 1
	bind_pose_matrix
		0.202452 -0.972842 -0.112213 0
		-0.979292 -0.201027 -0.0240005 0
		0.000791024 0.114748 -0.993395 0
		23.2609 -5.60505 11.8074 1
	rotation_order xyz
	inherits_transform 1
	shearing 0 0 0
	rotate_pivot_translate	0 0 0
	scale_pivot_translate	0 0 0
	translate_limit_x -INF +INF
	translate_limit_y -INF +INF
	translate_limit_z -INF +INF
	rotate_limit_x -INF +INF
	rotate_limit_y -INF +INF
	rotate_limit_z -INF +INF
	scale_limit_x -INF +INF
	scale_limit_y -INF +INF
	scale_limit_z -INF +INF
	parent 11
	child_joints 2
		15 31 
	INSTANCE_LIST
	{
	}
	segment_scale_compensate 1
	EXTRA_ATTRIBUTES
	{
		original_name string "Bip001 R Clavicle"
		wire_colour colour 0.0235294 0.52549 0.0235294
	}
}
JOINT Bip001_R_Foot
{
	id 13
	visible	1
	scale_pivot	0 0 0
	rotate_pivot	0 0 0
	min_bound	0 0 0
	max_bound	0 0 0
	scale	1 1 1
	translate	55.3239 -3.38032e-006 -3.76442e-006
	rotation_orient	0 0 0 1
	rotation	-0.120703 0.310574 -0.152075 0.930509
	joint_orient	0 0 0 1
	bind_pose_matrix
		0.760834 -0.357989 -0.541272 0
		0.20804 0.924608 -0.319092 0
		0.614696 0.13017 0.777949 0
		55.3239 -3.38032e-006 -3.76442e-006 1
	rotation_order xyz
	inherits_transform 1
	shearing 0 0 0
	rotate_pivot_translate	0 0 0
	scale_pivot_translate	0 0 0
	translate_limit_x -INF +INF
	translate_limit_y -INF +INF
	translate_limit_z -INF +INF
	rotate_limit_x -INF +INF
	rotate_limit_y -INF +INF
	rotate_limit_z -INF +INF
	scale_limit_x -INF +INF
	scale_limit_y -INF +INF
	scale_limit_z -INF +INF
	parent 20
	child_joints 1
		12 
	INSTANCE_LIST
	{
	}
	segment_scale_compensate 1
	EXTRA_ATTRIBUTES
	{
		original_name string "Bip001 R Foot"
		wire_colour colour 0.0235294 0.52549 0.0235294
	}
}
JOINT Bip001_R_Forearm
{
	id 22
	visible	1
	scale_pivot	0 0 0
	rotate_pivot	0 0 0
	min_bound	0 0 0
	max_bound	0 0 0
	scale	1 1 1
	translate	50.8825 9.04071e-007 -6.34058e-006
	rotation_orient	0 0 0 1
	rotation	2.45138e-008 -0.610279 1.88515e-008 0.792187
	joint_orient	0 0 0 1
	bind_pose_matrix
		0.25512 -5.27081e-011 0.966909 0
		-5.97882e-008 1 1.58297e-008 0
		-0.966909 -6.18483e-008 0.25512 0
		50.8825 9.04071e-007 -6.34058e-006 1
	rotation_order xyz
	inherits_transform 1
	shearing 0 0 0
	rotate_pivot_translate	0 0 0
	scale_pivot_translate	0 0 0
	translate_limit_x -INF +INF
	translate_limit_y -INF +INF
	translate_limit_z -INF +INF
	rotate_limit_x -INF +INF
	rotate_limit_y -INF +INF
	rotate_limit_z -INF +INF
	scale_limit_x -INF +INF
	scale_limit_y -INF +INF
	scale_limit_z -INF +INF
	parent 15
	child_joints 1
		14 
	INSTANCE_LIST
	{
	}
	segment_scale_compensate 1
	EXTRA_ATTRIBUTES
	{
		original_name string "Bip001 R Forearm"
		wire_colour colour 0.0235294 0.52549 0.0235294
	}
}
JOINT Bip001_R_Hand
{
	id 14
	visible	1
	scale_pivot	0 0 0
	rotate_pivot	0 0 0
	min_bound	0 0 0
	max_bound	0 0 0
	scale	1 1 1
	translate	42.1285 2.61317e-006 -5.17795e-007
	rotation_orient	0 0 0 1
	rotation	0.80416 -0.0709273 0.167868 0.565789
	joint_orient	0 0 0 1
	bind_pose_matrix
		0.933579 0.0758824 0.350246 0
		-0.30403 -0.349705 0.886156 0
		0.189726 -0.933782 -0.303407 0
		42.1285 2.61317e-006 -5.17795e-007 1
	rotation_order xyz
	inherits_transform 1
	shearing 0 0 0
	rotate_pivot_translate	0 0 0
	scale_pivot_translate	0 0 0
	translate_limit_x -INF +INF
	translate_limit_y -INF +INF
	translate_limit_z -INF +INF
	rotate_limit_x -INF +INF
	rotate_limit_y -INF +INF
	rotate_limit_z -INF +INF
	scale_limit_x -INF +INF
	scale_limit_y -INF +INF
	scale_limit_z -INF +INF
	parent 22
	child_joints 3
		34 35 36 
	INSTANCE_LIST
	{
	}
	segment_scale_compensate 1
	EXTRA_ATTRIBUTES
	{
		original_name string "Bip001 R Hand"
		wire_colour colour 0.0235294 0.52549 0.0235294
	}
}
JOINT Bip001_R_Thigh
{
	id 16
	visible	1
	scale_pivot	0 0 0
	rotate_pivot	0 0 0
	min_bound	0 0 0
	max_bound	0 0 0
	scale	1 1 1
	translate	2.56695e-005 -16.5157 2.07844e-005
	rotation_orient	0 0 0 1
	rotation	0.431291 -0.197908 -0.822049 0.314732
	joint_orient	0 0 0 1
	bind_pose_matrix
		-0.429863 -0.688163 -0.584509 0
		0.346739 -0.723552 0.596863 0
		-0.833661 0.0538974 0.54964 0
		2.56695e-005 -16.5157 2.07844e-005 1
	rotation_order xyz
	inherits_transform 1
	shearing 0 0 0
	rotate_pivot_translate	0 0 0
	scale_pivot_translate	0 0 0
	translate_limit_x -INF +INF
	translate_limit_y -INF +INF
	translate_limit_z -INF +INF
	rotate_limit_x -INF +INF
	rotate_limit_y -INF +INF
	rotate_limit_z -INF +INF
	scale_limit_x -INF +INF
	scale_limit_y -INF +INF
	scale_limit_z -INF +INF
	parent 9
	child_joints 1
		20 
	INSTANCE_LIST
	{
	}
	segment_scale_compensate 1
	EXTRA_ATTRIBUTES
	{
		original_name string "Bip001 R Thigh"
		wire_colour colour 0.0235294 0.52549 0.0235294
	}
}
JOINT Bip001_R_Toe0
{
	id 12
	visible	1
	scale_pivot	0 0 0
	rotate_pivot	0 0 0
	min_bound	0 0 0
	max_bound	0 0 0
	scale	1 1 1
	translate	18.3219 -1.64994e-009 -21.8944
	rotation_orient	0 0 0 1
	rotation	-8.38321e-007 0.707107 -8.45505e-007 0.707107
	joint_orient	0 0 0 1
	bind_pose_matrix
		7.15256e-007 -2.38129e-006 -1 0
		1.01603e-008 1 -2.38129e-006 0
		1 -1.01585e-008 7.15256e-007 0
		18.3219 -1.64994e-009 -21.8944 1
	rotation_order xyz
	inherits_transform 1
	shearing 0 0 0
	rotate_pivot_translate	0 0 0
	scale_pivot_translate	0 0 0
	translate_limit_x -INF +INF
	translate_limit_y -INF +INF
	translate_limit_z -INF +INF
	rotate_limit_x -INF +INF
	rotate_limit_y -INF +INF
	rotate_limit_z -INF +INF
	scale_limit_x -INF +INF
	scale_limit_y -INF +INF
	scale_limit_z -INF +INF
	parent 13
	child_joints 0
	INSTANCE_LIST
	{
	}
	segment_scale_compensate 1
	EXTRA_ATTRIBUTES
	{
		original_name string "Bip001 R Toe0"
		wire_colour colour 0.443137 0.52549 0.0235294
	}
}
JOINT Bip001_R_UpperArm
{
	id 15
	visible	1
	scale_pivot	0 0 0
	rotate_pivot	0 0 0
	min_bound	0 0 0
	max_bound	0 0 0
	scale	1 1 1
	translate	22.4233 -4.52343e-006 -3.52414e-006
	rotation_orient	0 0 0 1
	rotation	0.617971 0.220285 0.256562 0.709762
	joint_orient	0 0 0 1
	bind_pose_matrix
		0.771301 0.636456 0.00439548 0
		-0.0919357 0.104575 0.990259 0
		0.629796 -0.764191 0.139172 0
		22.4233 -4.52343e-006 -3.52414e-006 1
	rotation_order xyz
	inherits_transform 1
	shearing 0 0 0
	rotate_pivot_translate	0 0 0
	scale_pivot_translate	0 0 0
	translate_limit_x -INF +INF
	translate_limit_y -INF +INF
	translate_limit_z -INF +INF
	rotate_limit_x -INF +INF
	rotate_limit_y -INF +INF
	rotate_limit_z -INF +INF
	scale_limit_x -INF +INF
	scale_limit_y -INF +INF
	scale_limit_z -INF +INF
	parent 25
	child_joints 1
		22 
	INSTANCE_LIST
	{
	}
	segment_scale_compensate 1
	EXTRA_ATTRIBUTES
	{
		original_name string "Bip001 R UpperArm"
		wire_colour colour 0.0235294 0.52549 0.0235294
	}
}
JOINT Bip001_Spine
{
	id 10
	visible	1
	scale_pivot	0 0 0
	rotate_pivot	0 0 0
	min_bound	0 0 0
	max_bound	0 0 0
	scale	1 1 1
	translate	21.7749 0.00046563 0.0128859
	rotation_orient	0 0 0 1
	rotation	-0.0170344 0.0146322 -0.00377126 0.999741
	joint_orient	0 0 0 1
	bind_pose_matrix
		0.999543 -0.00803906 -0.0291283 0
		0.00704206 0.999391 -0.0341702 0
		0.0293853 0.0339495 0.998991 0
		21.7749 0.00046563 0.0128859 1
	rotation_order xyz
	inherits_transform 1
	shearing 0 0 0
	rotate_pivot_translate	0 0 0
	scale_pivot_translate	0 0 0
	translate_limit_x -INF +INF
	translate_limit_y -INF +INF
	translate_limit_z -INF +INF
	rotate_limit_x -INF +INF
	rotate_limit_y -INF +INF
	rotate_limit_z -INF +INF
	scale_limit_x -INF +INF
	scale_limit_y -INF +INF
	scale_limit_z -INF +INF
	parent 9
	child_joints 1
		11 
	INSTANCE_LIST
	{
	}
	segment_scale_compensate 1
	EXTRA_ATTRIBUTES
	{
		original_name string "Bip001 Spine"
		wire_colour colour 0.0313726 0.431373 0.52549
	}
}
JOINT Bip001_Spine1
{
	id 11
	visible	1
	scale_pivot	0 0 0
	rotate_pivot	0 0 0
	min_bound	0 0 0
	max_bound	0 0 0
	scale	1 1 1
	translate	16.2182 -0.0020868 0.0189276
	rotation_orient	0 0 0 1
	rotation	0.0183124 0.346654 -0.0715003 0.935085
	joint_orient	0 0 0 1
	bind_pose_matrix
		0.749437 -0.121022 -0.650921 0
		0.146414 0.989105 -0.0153246 0
		0.645684 -0.083819 0.758991 0
		16.2182 -0.0020868 0.0189276 1
	rotation_order xyz
	inherits_transform 1
	shearing 0 0 0
	rotate_pivot_translate	0 0 0
	scale_pivot_translate	0 0 0
	translate_limit_x -INF +INF
	translate_limit_y -INF +INF
	translate_limit_z -INF +INF
	rotate_limit_x -INF +INF
	rotate_limit_y -INF +INF
	rotate_limit_z -INF +INF
	scale_limit_x -INF +INF
	scale_limit_y -INF +INF
	scale_limit_z -INF +INF
	parent 10
	child_joints 3
		4 25 26 
	INSTANCE_LIST
	{
	}
	segment_scale_compensate 1
	EXTRA_ATTRIBUTES
	{
		original_name string "Bip001 Spine1"
		wire_colour colour 0.0313726 0.431373 0.52549
	}
}
JOINT be_F_tabard_01
{
	id 7
	visible	0
	scale_pivot	0 0 0
	rotate_pivot	0 0 0
	min_bound	0 0 0
	max_bound	0 0 0
	scale	1 1 1
	translate	24.8568 6.95042e-007 2.15371e-005
	rotation_orient	0 0 0 1
	rotation	5.90959e-007 9.82625e-009 0.0206198 0.999787
	joint_orient	0 0 0 1
	bind_pose_matrix
		0.99915 0.0412307 4.72254e-009 0
		-0.0412307 0.99915 1.18207e-006 0
		4.40192e-008 -1.18126e-006 1 0
		24.8568 6.95042e-007 2.15371e-005 1
	rotation_order xyz
	inherits_transform 1
	shearing 0 0 0
	rotate_pivot_translate	0 0 0
	scale_pivot_translate	0 0 0
	translate_limit_x -INF +INF
	translate_limit_y -INF +INF
	translate_limit_z -INF +INF
	rotate_limit_x -INF +INF
	rotate_limit_y -INF +INF
	rotate_limit_z -INF +INF
	scale_limit_x -INF +INF
	scale_limit_y -INF +INF
	scale_limit_z -INF +INF
	parent 5
	child_joints 0
	INSTANCE_LIST
	{
	}
	segment_scale_compensate 1
	EXTRA_ATTRIBUTES
	{
		wire_colour colour 0.682353 0.729412 0.796078
	}
}
JOINT bn_F_tabard_01
{
	id 6
	visible	0
	scale_pivot	0 0 0
	rotate_pivot	0 0 0
	min_bound	0 0 0
	max_bound	0 0 0
	scale	1 1 1
	translate	12.9496 -2.73467e-005 -19.7355
	rotation_orient	0 0 0 1
	rotation	0.0962349 0.706075 -0.700499 0.038691
	joint_orient	0 0 0 1
	bind_pose_matrix
		-0.978485 0.0816921 -0.189463 0
		0.190104 7.87973e-005 -0.981764 0
		-0.0801874 -0.996658 -0.0156075 0
		12.9496 -2.73467e-005 -19.7355 1
	rotation_order xyz
	inherits_transform 1
	shearing 0 0 0
	rotate_pivot_translate	0 0 0
	scale_pivot_translate	0 0 0
	translate_limit_x -INF +INF
	translate_limit_y -INF +INF
	translate_limit_z -INF +INF
	rotate_limit_x -INF +INF
	rotate_limit_y -INF +INF
	rotate_limit_z -INF +INF
	scale_limit_x -INF +INF
	scale_limit_y -INF +INF
	scale_limit_z -INF +INF
	parent 9
	child_joints 1
		8 
	INSTANCE_LIST
	{
	}
	segment_scale_compensate 1
	EXTRA_ATTRIBUTES
	{
		wire_colour colour 0.682353 0.729412 0.796078
	}
}
JOINT bn_F_tabard_02
{
	id 8
	visible	0
	scale_pivot	0 0 0
	rotate_pivot	0 0 0
	min_bound	0 0 0
	max_bound	0 0 0
	scale	1 1 1
	translate	19.4102 -7.85451e-006 -1.03642e-006
	rotation_orient	0 0 0 1
	rotation	0.00420153 0.0351487 -0.0963901 0.994714
	joint_orient	0 0 0 1
	bind_pose_matrix
		0.978947 -0.191466 -0.0707358 0
		0.192057 0.981383 0.00158268 0
		0.0691159 -0.0151346 0.997494 0
		19.4102 -7.85451e-006 -1.03642e-006 1
	rotation_order xyz
	inherits_transform 1
	shearing 0 0 0
	rotate_pivot_translate	0 0 0
	scale_pivot_translate	0 0 0
	translate_limit_x -INF +INF
	translate_limit_y -INF +INF
	translate_limit_z -INF +INF
	rotate_limit_x -INF +INF
	rotate_limit_y -INF +INF
	rotate_limit_z -INF +INF
	scale_limit_x -INF +INF
	scale_limit_y -INF +INF
	scale_limit_z -INF +INF
	parent 6
	child_joints 1
		5 
	INSTANCE_LIST
	{
	}
	segment_scale_compensate 1
	EXTRA_ATTRIBUTES
	{
		wire_colour colour 0.682353 0.729412 0.796078
	}
}
JOINT bn_F_tabard_03
{
	id 5
	visible	0
	scale_pivot	0 0 0
	rotate_pivot	0 0 0
	min_bound	0 0 0
	max_bound	0 0 0
	scale	1 1 1
	translate	22.1778 -2.18601e-005 -5.43607e-006
	rotation_orient	0 0 0 1
	rotation	0.00432864 0.0349712 -0.100036 0.99436
	joint_orient	0 0 0 1
	bind_pose_matrix
		0.97754 -0.198641 -0.070414 0
		0.199247 0.979948 0.00161167 0
		0.0686819 -0.0156052 0.997517 0
		22.1778 -2.18601e-005 -5.43607e-006 1
	rotation_order xyz
	inherits_transform 1
	shearing 0 0 0
	rotate_pivot_translate	0 0 0
	scale_pivot_translate	0 0 0
	translate_limit_x -INF +INF
	translate_limit_y -INF +INF
	translate_limit_z -INF +INF
	rotate_limit_x -INF +INF
	rotate_limit_y -INF +INF
	rotate_limit_z -INF +INF
	scale_limit_x -INF +INF
	scale_limit_y -INF +INF
	scale_limit_z -INF +INF
	parent 8
	child_joints 1
		7 
	INSTANCE_LIST
	{
	}
	segment_scale_compensate 1
	EXTRA_ATTRIBUTES
	{
		wire_colour colour 0.682353 0.729412 0.796078
	}
}
BONE bn_fingers_L_01
{
	id 37
	visible	0
	scale_pivot	0 0 0
	rotate_pivot	0 0 0
	min_bound	0 0 0
	max_bound	0 0 0
	scale	1 1 1
	translate	24.2948 -2.43626 -4.53717
	rotation_orient	0 0 0 1
	rotation	-0.0338191 0.513784 0.0610106 0.855079
	joint_orient	0 0 0 1
	bind_pose_matrix
		0.464608 0.0695864 -0.882778 0
		-0.139089 0.990268 0.00485655 0
		0.874525 0.120529 0.469765 0
		24.2948 -2.43626 -4.53717 1
	rotation_order xyz
	inherits_transform 1
	shearing 0 0 0
	rotate_pivot_translate	0 0 0
	scale_pivot_translate	0 0 0
	translate_limit_x -INF +INF
	translate_limit_y -INF +INF
	translate_limit_z -INF +INF
	rotate_limit_x -INF +INF
	rotate_limit_y -INF +INF
	rotate_limit_z -INF +INF
	scale_limit_x -INF +INF
	scale_limit_y -INF +INF
	scale_limit_z -INF +INF
	parent 24
	child_joints 0
	INSTANCE_LIST
	{
	}
	EXTRA_ATTRIBUTES
	{
		wire_colour colour 0.054902 1 0.00784314
	}
}
BONE bn_fingers_R_01
{
	id 35
	visible	0
	scale_pivot	0 0 0
	rotate_pivot	0 0 0
	min_bound	0 0 0
	max_bound	0 0 0
	scale	1 1 1
	translate	25.1662 2.89667 -4.50304
	rotation_orient	0 0 0 1
	rotation	-0.0541641 0.701832 0.142021 0.695937
	joint_orient	0 0 0 1
	bind_pose_matrix
		-0.0254763 0.121648 -0.992246 0
		-0.273704 0.953792 0.123961 0
		0.961477 0.27474 0.00899637 0
		25.1662 2.89667 -4.50304 1
	rotation_order xyz
	inherits_transform 1
	shearing 0 0 0
	rotate_pivot_translate	0 0 0
	scale_pivot_translate	0 0 0
	translate_limit_x -INF +INF
	translate_limit_y -INF +INF
	translate_limit_z -INF +INF
	rotate_limit_x -INF +INF
	rotate_limit_y -INF +INF
	rotate_limit_z -INF +INF
	scale_limit_x -INF +INF
	scale_limit_y -INF +INF
	scale_limit_z -INF +INF
	parent 14
	child_joints 0
	INSTANCE_LIST
	{
	}
	EXTRA_ATTRIBUTES
	{
		wire_colour colour 0.054902 1 0.00784314
	}
}
BONE bn_mouth_01
{
	id 30
	visible	0
	scale_pivot	0 0 0
	rotate_pivot	0 0 0
	min_bound	0 0 0
	max_bound	0 0 0
	scale	1 1 1
	translate	9.78494 -3.73052e-005 3.94775
	rotation_orient	0 0 0 1
	rotation	0.703376 0.703366 0.0725904 0.0725891
	joint_orient	0 0 0 1
	bind_pose_matrix
		1.29938e-005 1 3.2112e-006 0
		0.978924 -1.35899e-005 0.20423 0
		0.20423 4.54485e-007 -0.978923 0
		9.78494 -3.73052e-005 3.94775 1
	rotation_order xyz
	inherits_transform 1
	shearing 0 0 0
	rotate_pivot_translate	0 0 0
	scale_pivot_translate	0 0 0
	translate_limit_x -INF +INF
	translate_limit_y -INF +INF
	translate_limit_z -INF +INF
	rotate_limit_x -INF +INF
	rotate_limit_y -INF +INF
	rotate_limit_z -INF +INF
	scale_limit_x -INF +INF
	scale_limit_y -INF +INF
	scale_limit_z -INF +INF
	parent 3
	child_joints 0
	INSTANCE_LIST
	{
	}
	EXTRA_ATTRIBUTES
	{
		wire_colour colour 0 0.988235 0
	}
}
BONE bn_mouth_L_01
{
	id 28
	visible	0
	scale_pivot	0 0 0
	rotate_pivot	0 0 0
	min_bound	0 0 0
	max_bound	0 0 0
	scale	1 1 1
	translate	8.01526 2.79227 3.79135
	rotation_orient	0 0 0 1
	rotation	0.416018 0.849811 -0.0443937 0.320592
	joint_orient	0 0 0 1
	bind_pose_matrix
		-0.4483 0.678609 -0.581823 0
		0.735538 0.649918 0.191292 0
		0.507949 -0.342197 -0.7905 0
		8.01526 2.79227 3.79135 1
	rotation_order xyz
	inherits_transform 1
	shearing 0 0 0
	rotate_pivot_translate	0 0 0
	scale_pivot_translate	0 0 0
	translate_limit_x -INF +INF
	translate_limit_y -INF +INF
	translate_limit_z -INF +INF
	rotate_limit_x -INF +INF
	rotate_limit_y -INF +INF
	rotate_limit_z -INF +INF
	scale_limit_x -INF +INF
	scale_limit_y -INF +INF
	scale_limit_z -INF +INF
	parent 3
	child_joints 0
	INSTANCE_LIST
	{
	}
	EXTRA_ATTRIBUTES
	{
		wire_colour colour 0 0.988235 0
	}
}
BONE bn_mouth_R_01
{
	id 29
	visible	0
	scale_pivot	0 0 0
	rotate_pivot	0 0 0
	min_bound	0 0 0
	max_bound	0 0 0
	scale	1 1 1
	translate	8.00369 -2.80794 3.77692
	rotation_orient	0 0 0 1
	rotation	-0.452459 0.833561 0.0274344 0.31576
	joint_orient	0 0 0 1
	bind_pose_matrix
		-0.391154 -0.736979 -0.551236 0
		-0.77163 0.589057 -0.24 0
		0.501585 0.331473 -0.799087 0
		8.00369 -2.80794 3.77692 1
	rotation_order xyz
	inherits_transform 1
	shearing 0 0 0
	rotate_pivot_translate	0 0 0
	scale_pivot_translate	0 0 0
	translate_limit_x -INF +INF
	translate_limit_y -INF +INF
	translate_limit_z -INF +INF
	rotate_limit_x -INF +INF
	rotate_limit_y -INF +INF
	rotate_limit_z -INF +INF
	scale_limit_x -INF +INF
	scale_limit_y -INF +INF
	scale_limit_z -INF +INF
	parent 3
	child_joints 0
	INSTANCE_LIST
	{
	}
	EXTRA_ATTRIBUTES
	{
		wire_colour colour 0 0.988235 0
	}
}
JOINT bn_shoulderpad_L
{
	id 32
	visible	0
	scale_pivot	0 0 0
	rotate_pivot	0 0 0
	min_bound	0 0 0
	max_bound	0 0 0
	scale	1 1 1
	translate	22.4233 -5.81819e-006 2.59619e-006
	rotation_orient	0 0 0 1
	rotation	0.0209122 -0.00187608 -0.0906692 0.99566
	joint_orient	0 0 0 1
	bind_pose_matrix
		0.983551 -0.18063 -5.63101e-005 0
		0.180473 0.982683 0.0419831 0
		-0.00752806 -0.0413027 0.999118 0
		22.4233 -5.81819e-006 2.59619e-006 1
	rotation_order xyz
	inherits_transform 1
	shearing 0 0 0
	rotate_pivot_translate	0 0 0
	scale_pivot_translate	0 0 0
	translate_limit_x -INF +INF
	translate_limit_y -INF +INF
	translate_limit_z -INF +INF
	rotate_limit_x -INF +INF
	rotate_limit_y -INF +INF
	rotate_limit_z -INF +INF
	scale_limit_x -INF +INF
	scale_limit_y -INF +INF
	scale_limit_z -INF +INF
	parent 26
	child_joints 0
	INSTANCE_LIST
	{
	}
	segment_scale_compensate 1
	EXTRA_ATTRIBUTES
	{
		wire_colour colour 0.643137 0.776471 0.807843
	}
}
JOINT bn_shoulderpad_R
{
	id 31
	visible	0
	scale_pivot	0 0 0
	rotate_pivot	0 0 0
	min_bound	0 0 0
	max_bound	0 0 0
	scale	1 1 1
	translate	19.5339 10.6653 -0.676776
	rotation_orient	0 0 0 1
	rotation	0.10536 0.213093 0.127477 0.962933
	joint_orient	0 0 0 1
	bind_pose_matrix
		0.876682 0.290407 -0.383526 0
		-0.200601 0.945297 0.257238 0
		0.43725 -0.14858 0.886981 0
		19.5339 10.6653 -0.676776 1
	rotation_order xyz
	inherits_transform 1
	shearing 0 0 0
	rotate_pivot_translate	0 0 0
	scale_pivot_translate	0 0 0
	translate_limit_x -INF +INF
	translate_limit_y -INF +INF
	translate_limit_z -INF +INF
	rotate_limit_x -INF +INF
	rotate_limit_y -INF +INF
	rotate_limit_z -INF +INF
	scale_limit_x -INF +INF
	scale_limit_y -INF +INF
	scale_limit_z -INF +INF
	parent 25
	child_joints 0
	INSTANCE_LIST
	{
	}
	segment_scale_compensate 1
	EXTRA_ATTRIBUTES
	{
		wire_colour colour 0.643137 0.776471 0.807843
	}
}
BONE bn_thumb_L_01
{
	id 33
	visible	0
	scale_pivot	0 0 0
	rotate_pivot	0 0 0
	min_bound	0 0 0
	max_bound	0 0 0
	scale	1 1 1
	translate	3.80866 -10.8076 -8.92636
	rotation_orient	0 0 0 1
	rotation	0.631191 0.269992 -0.297762 0.663355
	joint_orient	0 0 0 1
	bind_pose_matrix
		0.676884 -0.0542117 -0.734091 0
		0.735878 0.0258711 0.676621 0
		-0.0176889 -0.998195 0.0574049 0
		3.80866 -10.8076 -8.92636 1
	rotation_order xyz
	inherits_transform 1
	shearing 0 0 0
	rotate_pivot_translate	0 0 0
	scale_pivot_translate	0 0 0
	translate_limit_x -INF +INF
	translate_limit_y -INF +INF
	translate_limit_z -INF +INF
	rotate_limit_x -INF +INF
	rotate_limit_y -INF +INF
	rotate_limit_z -INF +INF
	scale_limit_x -INF +INF
	scale_limit_y -INF +INF
	scale_limit_z -INF +INF
	parent 24
	child_joints 0
	INSTANCE_LIST
	{
	}
	EXTRA_ATTRIBUTES
	{
		wire_colour colour 0.054902 1 0.00784314
	}
}
BONE bn_thumb_R_01
{
	id 34
	visible	0
	scale_pivot	0 0 0
	rotate_pivot	0 0 0
	min_bound	0 0 0
	max_bound	0 0 0
	scale	1 1 1
	translate	3.80857 10.8074 -8.92633
	rotation_orient	0 0 0 1
	rotation	-0.640343 0.334891 0.256351 0.641945
	joint_orient	0 0 0 1
	bind_pose_matrix
		0.644264 -0.0997637 -0.758268 0
		-0.758017 0.0484909 -0.65043 0
		0.101658 0.993829 -0.0443816 0
		3.80857 10.8074 -8.92633 1
	rotation_order xyz
	inherits_transform 1
	shearing 0 0 0
	rotate_pivot_translate	0 0 0
	scale_pivot_translate	0 0 0
	translate_limit_x -INF +INF
	translate_limit_y -INF +INF
	translate_limit_z -INF +INF
	rotate_limit_x -INF +INF
	rotate_limit_y -INF +INF
	rotate_limit_z -INF +INF
	scale_limit_x -INF +INF
	scale_limit_y -INF +INF
	scale_limit_z -INF +INF
	parent 14
	child_joints 0
	INSTANCE_LIST
	{
	}
	EXTRA_ATTRIBUTES
	{
		wire_colour colour 0.054902 1 0.00784314
	}
}
BONE bn_weapon_01
{
	id 36
	visible	0
	scale_pivot	0 0 0
	rotate_pivot	0 0 0
	min_bound	0 0 0
	max_bound	0 0 0
	scale	1 1 1
	translate	19.9492 -11.104 -8.98743
	rotation_orient	0 0 0 1
	rotation	-0.0935285 -0.156995 0.781704 0.596276
	joint_orient	0 0 0 1
	bind_pose_matrix
		-0.271416 0.961588 0.0410016 0
		-0.902854 -0.239616 -0.356985 0
		-0.333448 -0.13391 0.93321 0
		19.9492 -11.104 -8.98743 1
	rotation_order xyz
	inherits_transform 1
	shearing 0 0 0
	rotate_pivot_translate	0 0 0
	scale_pivot_translate	0 0 0
	translate_limit_x -INF +INF
	translate_limit_y -INF +INF
	translate_limit_z -INF +INF
	rotate_limit_x -INF +INF
	rotate_limit_y -INF +INF
	rotate_limit_z -INF +INF
	scale_limit_x -INF +INF
	scale_limit_y -INF +INF
	scale_limit_z -INF +INF
	parent 14
	child_joints 0
	INSTANCE_LIST
	{
	}
	EXTRA_ATTRIBUTES
	{
		wire_colour colour 0.054902 1 0.00784314
	}
}
JOINT root_displacement
{
	id 38
	visible	0
	scale_pivot	0 0 0
	rotate_pivot	0 0 0
	min_bound	0 0 0
	max_bound	0 0 0
	scale	1 1 1
	translate	0 0 -0
	rotation_orient	0 0 0 1
	rotation	0 0 0 1
	joint_orient	0 0 0 1
	bind_pose_matrix
		1 0 0 0
		0 1 0 0
		0 0 1 0
		0 0 -0 1
	rotation_order xyz
	inherits_transform 1
	shearing 0 0 0
	rotate_pivot_translate	0 0 0
	scale_pivot_translate	0 0 0
	translate_limit_x -INF +INF
	translate_limit_y -INF +INF
	translate_limit_z -INF +INF
	rotate_limit_x -INF +INF
	rotate_limit_y -INF +INF
	rotate_limit_z -INF +INF
	scale_limit_x -INF +INF
	scale_limit_y -INF +INF
	scale_limit_z -INF +INF
	parent 0
	child_joints 0
	INSTANCE_LIST
	{
	}
	segment_scale_compensate 1
	EXTRA_ATTRIBUTES
	{
		wire_colour colour 0 0.87451 0.145098
	}
}
ANIMATION_TAKE skill_leap
{
	id 39
	start_time 3
	end_time 42
	fps 30
	current_time 0
	num_animated_nodes 38
	num_event_tracks 0
	ANIM_NODE 4
	{
		num_animated_attrs 3
		num_animated_attrs_user 0
		ATTR rotation
		{
			num_streams 1
			elements_per_sample 4
			SAMPLED_KEYS
			{

				2.46062e-008 0.314404 9.06335e-007 0.949289 
				-1.54107e-008 0.314404 8.80286e-007 0.949289 
				2.42457e-009 0.314404 8.84879e-007 0.949289 
				-2.98658e-009 0.314404 8.73924e-007 0.949289 
				-1.57678e-008 0.314404 8.68645e-007 0.949289 
				-1.60044e-008 0.314404 8.41496e-007 0.949289 
				-7.67018e-009 0.314404 8.41478e-007 0.949289 
				5.00599e-008 0.314404 8.83514e-007 0.949289 
				4.57871e-009 0.314404 8.88479e-007 0.949289 
				1.33125e-008 0.314404 8.64153e-007 0.949289 
				2.92394e-008 0.314404 8.93549e-007 0.949289 
				8.90663e-009 0.314404 8.56262e-007 0.949289 
				5.78641e-008 0.314404 8.84057e-007 0.949289 
				-3.08044e-008 0.314404 8.64405e-007 0.949289 
				1.49444e-009 0.314404 8.71316e-007 0.949289 
				-5.84194e-009 0.314404 8.59032e-007 0.949289 
				3.79498e-008 0.332404 9.05403e-007 0.943137 
				-3.27851e-009 0.353461 9.50983e-007 0.935449 
				-1.98694e-008 0.37177 1.03062e-006 0.928325 
				-3.44476e-008 0.393366 1.08725e-006 0.919382 
				3.29365e-008 0.418148 1.16941e-006 0.908379 
				-2.35149e-008 0.431689 1.17581e-006 0.902022 
				1.64196e-008 0.419845 1.16512e-006 0.907596 
				1.25811e-008 0.342542 9.70231e-007 0.939502 
				-1.89856e-008 0.223614 6.4506e-007 0.974678 
				1.47392e-008 0.153414 4.15837e-007 0.988162 
				1.56594e-008 0.158862 4.61259e-007 0.987301 
				1.98757e-008 0.192999 5.27834e-007 0.981199 
				1.87332e-009 0.240344 6.66857e-007 0.970688 
				-3.22422e-009 0.285669 7.86797e-007 0.958328 
				1.56296e-008 0.314404 8.70855e-007 0.949289 
				-3.41872e-008 0.324459 9.02565e-007 0.9459 
				-7.19643e-009 0.325714 9.03826e-007 0.945468 
				8.2462e-009 0.321949 8.78255e-007 0.946757 
				3.97138e-009 0.316921 8.91763e-007 0.948452 
				-2.86512e-008 0.314404 8.64268e-007 0.949289 
				-2.00988e-008 0.314404 8.7934e-007 0.949289 
				-1.09413e-008 0.314404 8.57669e-007 0.949289 
				-1.37356e-009 0.314404 8.89665e-007 0.949289 
				-1.50273e-008 0.314404 8.79735e-007 0.949289 
			}
		}
		ATTR scale
		{
			num_streams 1
			elements_per_sample 3
			POSE_KEY
			{
				1 1 1 
			}
		}
		ATTR translate
		{
			num_streams 1
			elements_per_sample 3
			SAMPLED_KEYS
			{

				32.8698 -5.74915e-007 9.33883 
				32.8698 -4.39988e-007 9.33883 
				32.8698 2.69905e-006 9.33885 
				32.8699 -3.18709e-006 9.33882 
				32.8699 2.44174e-006 9.33881 
				32.8698 -1.19481e-005 9.33885 
				32.8698 -5.64242e-006 9.33883 
				32.8698 -7.3791e-006 9.33883 
				32.8698 -7.23008e-006 9.33883 
				32.8698 -1.68567e-005 9.33884 
				32.8698 -1.30116e-006 9.33883 
				32.8699 -1.26093e-006 9.33883 
				32.8698 -6.81361e-006 9.33884 
				32.8698 -7.08013e-007 9.33883 
				32.8698 -2.15362e-006 9.33883 
				32.8698 -1.46495e-007 9.33883 
				32.8701 2.13863e-006 9.33862 
				32.8704 -4.09052e-006 9.33835 
				32.8707 1.13264e-006 9.3381 
				32.871 -7.50995e-007 9.3378 
				32.8713 -6.30021e-006 9.33742 
				32.8715 -4.10998e-006 9.33721 
				32.8714 -6.90075e-006 9.33739 
				32.8703 4.24131e-006 9.3385 
				32.8684 8.23491e-007 9.33974 
				32.8671 -4.63893e-006 9.34022 
				32.8672 -1.4147e-006 9.34019 
				32.8678 -2.06132e-006 9.33997 
				32.8686 -2.28897e-006 9.33958 
				32.8694 -1.4424e-006 9.33915 
				32.8698 -5.00696e-006 9.33883 
				32.87 8.49987e-008 9.33871 
				32.87 -2.88469e-006 9.3387 
				32.87 -4.07007e-007 9.33874 
				32.8699 -1.5583e-006 9.3388 
				32.8698 8.31021e-007 9.33883 
				32.8698 -3.01963e-006 9.33883 
				32.8698 -3.4523e-006 9.33883 
				32.8698 -3.08318e-006 9.33883 
				32.8698 -2.84445e-006 9.33883 
			}
		}
	}
	ANIM_NODE 1
	{
		num_animated_attrs 3
		num_animated_attrs_user 0
		ATTR rotation
		{
			num_streams 1
			elements_per_sample 4
			SAMPLED_KEYS
			{

				-0.0688566 -0.390838 0.0266521 0.917493 
				-0.0688566 -0.390838 0.0266521 0.917493 
				-0.00381464 -0.691124 -0.0163713 0.722541 
				0.00345175 -0.780208 -0.0248707 0.625016 
				0.00366838 -0.850067 -0.0292459 0.525849 
				-0.000736529 0.898134 0.0314563 -0.438594 
				0.00128284 0.925455 0.0336483 -0.377359 
