|XMD_005A#0MAX#0005.0.4|
JOINT Bip001
{
	id 1
	visible	1
	scale_pivot	0 0 0
	rotate_pivot	0 0 0
	min_bound	0 0 0
	max_bound	0 0 0
	scale	1 1 1
	translate	-10.2944 -23.3815 2136.57
	rotation_orient	0 0 0 1
	rotation	-0.0420618 0.0186585 -0.838402 0.543106
	joint_orient	0 0 0 1
	bind_pose_matrix
		-0.406533 -0.912253 0.0502623 0
		0.909114 -0.409375 -0.0769746 0
		0.0907964 0.0144015 0.995765 0
		-10.2944 -23.3815 2136.57 1
	rotation_order xyz
	inherits_transform 1
	shearing 0 0 0
	rotate_pivot_translate	0 0 0
	scale_pivot_translate	0 0 0
	translate_limit_x -INF +INF
	translate_limit_y -INF +INF
	translate_limit_z -INF +INF
	rotate_limit_x -INF +INF
	rotate_limit_y -INF +INF
	rotate_limit_z -INF +INF
	scale_limit_x -INF +INF
	scale_limit_y -INF +INF
	scale_limit_z -INF +INF
	parent 0
	child_joints 1
		9 
	INSTANCE_LIST
	{
	}
	segment_scale_compensate 1
	EXTRA_ATTRIBUTES
	{
		wire_colour colour 1 0 0
	}
}
JOINT Bip001_Head
{
	id 2
	visible	1
	scale_pivot	0 0 0
	rotate_pivot	0 0 0
	min_bound	0 0 0
	max_bound	0 0 0
	scale	1 1 1
	translate	11.5934 4.44665e-05 -5.63188e-05
	rotation_orient	0 0 0 1
	rotation	-0.322145 0.0555538 -0.246029 0.912472
	joint_orient	0 0 0 1
	bind_pose_matrix
		0.872767 -0.484782 0.0571316 0
		0.413196 0.671384 -0.615233 0
		0.259897 0.560562 0.786272 0
		11.5934 4.44665e-05 -5.63188e-05 1
	rotation_order xyz
	inherits_transform 1
	shearing 0 0 0
	rotate_pivot_translate	0 0 0
	scale_pivot_translate	0 0 0
	translate_limit_x -INF +INF
	translate_limit_y -INF +INF
	translate_limit_z -INF +INF
	rotate_limit_x -INF +INF
	rotate_limit_y -INF +INF
	rotate_limit_z -INF +INF
	scale_limit_x -INF +INF
	scale_limit_y -INF +INF
	scale_limit_z -INF +INF
	parent 4
	child_joints 1
		3 
	INSTANCE_LIST
	{
	}
	segment_scale_compensate 1
	EXTRA_ATTRIBUTES
	{
		original_name string "Bip001 Head"
		wire_colour colour 0.65098 0.792157 0.941176
	}
}
JOINT Bip001_Jaw
{
	id 3
	visible	1
	scale_pivot	0 0 0
	rotate_pivot	0 0 0
	min_bound	0 0 0
	max_bound	0 0 0
	scale	1 1 1
	translate	3.87305 2.50603 -1.54425e-05
	rotation_orient	0 0 0 1
	rotation	1.13158e-08 -2.20958e-06 0.793596 0.608445
	joint_orient	0 0 0 1
	bind_pose_matrix
		-0.259589 0.965719 2.70678e-06 0
		-0.965719 -0.259589 -3.49326e-06 0
		-2.67086e-06 -3.5208e-06 1 0
		3.87305 2.50603 -1.54425e-05 1
	rotation_order xyz
	inherits_transform 1
	shearing 0 0 0
	rotate_pivot_translate	0 0 0
	scale_pivot_translate	0 0 0
	translate_limit_x -INF +INF
	translate_limit_y -INF +INF
	translate_limit_z -INF +INF
	rotate_limit_x -INF +INF
	rotate_limit_y -INF +INF
	rotate_limit_z -INF +INF
	scale_limit_x -INF +INF
	scale_limit_y -INF +INF
	scale_limit_z -INF +INF
	parent 2
	child_joints 3
		28 29 30 
	INSTANCE_LIST
	{
	}
	segment_scale_compensate 1
	EXTRA_ATTRIBUTES
	{
		original_name string "Bip001 Jaw"
		wire_colour colour 0.988235 0 0
	}
}
JOINT Bip001_L_Calf
{
	id 17
	visible	1
	scale_pivot	0 0 0
	rotate_pivot	0 0 0
	min_bound	0 0 0
	max_bound	0 0 0
	scale	1 1 1
	translate	42.8806 -1.85894e-05 6.14625e-06
	rotation_orient	0 0 0 1
	rotation	-6.34832e-09 1.68743e-08 0.907132 -0.420846
	joint_orient	0 0 0 1
	bind_pose_matrix
		-0.645777 -0.763526 2.68546e-09 0
		0.763526 -0.645777 3.59578e-08 0
		-2.57205e-08 2.52712e-08 1 0
		42.8806 -1.85894e-05 6.14625e-06 1
	rotation_order xyz
	inherits_transform 1
	shearing 0 0 0
	rotate_pivot_translate	0 0 0
	scale_pivot_translate	0 0 0
	translate_limit_x -INF +INF
	translate_limit_y -INF +INF
	translate_limit_z -INF +INF
	rotate_limit_x -INF +INF
	rotate_limit_y -INF +INF
	rotate_limit_z -INF +INF
	scale_limit_x -INF +INF
	scale_limit_y -INF +INF
	scale_limit_z -INF +INF
	parent 18
	child_joints 1
		21 
	INSTANCE_LIST
	{
	}
	segment_scale_compensate 1
	EXTRA_ATTRIBUTES
	{
		original_name string "Bip001 L Calf"
		wire_colour colour 0.109804 0.109804 0.694118
	}
}
JOINT Bip001_L_Clavicle
{
	id 26
	visible	1
	scale_pivot	0 0 0
	rotate_pivot	0 0 0
	min_bound	0 0 0
	max_bound	0 0 0
	scale	1 1 1
	translate	23.2608 -11.8075 5.60498
	rotation_orient	0 0 0 1
	rotation	0.824916 0.0177349 0.564349 0.0266273
	joint_orient	0 0 0 1
	bind_pose_matrix
		0.36239 0.0593138 0.930137 0
		-0.000794651 -0.997953 0.0639479 0
		0.932026 -0.0239132 -0.361601 0
		23.2608 -11.8075 5.60498 1
	rotation_order xyz
	inherits_transform 1
	shearing 0 0 0
	rotate_pivot_translate	0 0 0
	scale_pivot_translate	0 0 0
	translate_limit_x -INF +INF
	translate_limit_y -INF +INF
	translate_limit_z -INF +INF
	rotate_limit_x -INF +INF
	rotate_limit_y -INF +INF
	rotate_limit_z -INF +INF
	scale_limit_x -INF +INF
	scale_limit_y -INF +INF
	scale_limit_z -INF +INF
	parent 11
	child_joints 2
		23 32 
	INSTANCE_LIST
	{
	}
	segment_scale_compensate 1
	EXTRA_ATTRIBUTES
	{
		original_name string "Bip001 L Clavicle"
		wire_colour colour 0.109804 0.109804 0.694118
	}
}
JOINT Bip001_L_Foot
{
	id 21
	visible	1
	scale_pivot	0 0 0
	rotate_pivot	0 0 0
	min_bound	0 0 0
	max_bound	0 0 0
	scale	1 1 1
	translate	55.3239 -1.48318e-05 -9.27865e-06
	rotation_orient	0 0 0 1
	rotation	0.08046 -0.10485 -0.0877905 0.987333
	joint_orient	0 0 0 1
	bind_pose_matrix
		0.962599 -0.190229 0.192916 0
		0.156484 0.971638 0.177291 0
		-0.221171 -0.140472 0.965065 0
		55.3239 -1.48318e-05 -9.27865e-06 1
	rotation_order xyz
	inherits_transform 1
	shearing 0 0 0
	rotate_pivot_translate	0 0 0
	scale_pivot_translate	0 0 0
	translate_limit_x -INF +INF
	translate_limit_y -INF +INF
	translate_limit_z -INF +INF
	rotate_limit_x -INF +INF
	rotate_limit_y -INF +INF
	rotate_limit_z -INF +INF
	scale_limit_x -INF +INF
	scale_limit_y -INF +INF
	scale_limit_z -INF +INF
	parent 17
	child_joints 1
		19 
	INSTANCE_LIST
	{
	}
	segment_scale_compensate 1
	EXTRA_ATTRIBUTES
	{
		original_name string "Bip001 L Foot"
		wire_colour colour 0.109804 0.109804 0.694118
	}
}
JOINT Bip001_L_Forearm
{
	id 27
	visible	1
	scale_pivot	0 0 0
	rotate_pivot	0 0 0
	min_bound	0 0 0
	max_bound	0 0 0
	scale	1 1 1
	translate	50.8825 1.33489e-05 5.77512e-05
	rotation_orient	0 0 0 1
	rotation	2.4355e-08 1.02116e-08 -0.811407 0.584481
	joint_orient	0 0 0 1
	bind_pose_matrix
		-0.316764 -0.948504 -5.14605e-08 0
		0.948504 -0.316764 1.18985e-08 0
		-2.75866e-08 -4.50415e-08 1 0
		50.8825 1.33489e-05 5.77512e-05 1
	rotation_order xyz
	inherits_transform 1
	shearing 0 0 0
	rotate_pivot_translate	0 0 0
	scale_pivot_translate	0 0 0
	translate_limit_x -INF +INF
	translate_limit_y -INF +INF
	translate_limit_z -INF +INF
	rotate_limit_x -INF +INF
	rotate_limit_y -INF +INF
	rotate_limit_z -INF +INF
	scale_limit_x -INF +INF
	scale_limit_y -INF +INF
	scale_limit_z -INF +INF
	parent 23
	child_joints 1
		24 
	INSTANCE_LIST
	{
	}
	segment_scale_compensate 1
	EXTRA_ATTRIBUTES
	{
		original_name string "Bip001 L Forearm"
		wire_colour colour 0.109804 0.109804 0.694118
	}
}
JOINT Bip001_L_Hand
{
	id 24
	visible	1
	scale_pivot	0 0 0
	rotate_pivot	0 0 0
	min_bound	0 0 0
	max_bound	0 0 0
	scale	1 1 1
	translate	42.1285 -8.9827e-05 -0.000140243
	rotation_orient	0 0 0 1
	rotation	-0.775472 0.186661 0.0495368 0.601121
	joint_orient	0 0 0 1
	bind_pose_matrix
		0.925407 -0.229946 -0.301241 0
		-0.349057 -0.207623 -0.913812 0
		0.147583 0.950798 -0.2724 0
		42.1285 -8.9827e-05 -0.000140243 1
	rotation_order xyz
	inherits_transform 1
	shearing 0 0 0
	rotate_pivot_translate	0 0 0
	scale_pivot_translate	0 0 0
	translate_limit_x -INF +INF
	translate_limit_y -INF +INF
	translate_limit_z -INF +INF
	rotate_limit_x -INF +INF
	rotate_limit_y -INF +INF
	rotate_limit_z -INF +INF
	scale_limit_x -INF +INF
	scale_limit_y -INF +INF
	scale_limit_z -INF +INF
	parent 27
	child_joints 2
		33 37 
	INSTANCE_LIST
	{
	}
	segment_scale_compensate 1
	EXTRA_ATTRIBUTES
	{
		original_name string "Bip001 L Hand"
		wire_colour colour 0.109804 0.109804 0.694118
	}
}
JOINT Bip001_L_Thigh
{
	id 18
	visible	1
	scale_pivot	0 0 0
	rotate_pivot	0 0 0
	min_bound	0 0 0
	max_bound	0 0 0
	scale	1 1 1
	translate	2.37595e-05 0.000110051 16.5157
	rotation_orient	0 0 0 1
	rotation	0.641781 0.705073 0.0116471 -0.301419
	joint_orient	0 0 0 1
	bind_pose_matrix
		0.00547296 0.897983 0.439995 0
		0.912026 0.175963 -0.370466 0
		-0.410095 0.403315 -0.818022 0
		2.37595e-05 0.000110051 16.5157 1
	rotation_order xyz
	inherits_transform 1
	shearing 0 0 0
	rotate_pivot_translate	0 0 0
	scale_pivot_translate	0 0 0
	translate_limit_x -INF +INF
	translate_limit_y -INF +INF
	translate_limit_z -INF +INF
	rotate_limit_x -INF +INF
	rotate_limit_y -INF +INF
	rotate_limit_z -INF +INF
	scale_limit_x -INF +INF
	scale_limit_y -INF +INF
	scale_limit_z -INF +INF
	parent 9
	child_joints 1
		17 
	INSTANCE_LIST
	{
	}
	segment_scale_compensate 1
	EXTRA_ATTRIBUTES
	{
		original_name string "Bip001 L Thigh"
		wire_colour colour 0.109804 0.109804 0.694118
	}
}
JOINT Bip001_L_Toe0
{
	id 19
	visible	1
	scale_pivot	0 0 0
	rotate_pivot	0 0 0
	min_bound	0 0 0
	max_bound	0 0 0
	scale	1 1 1
	translate	18.3219 21.8944 -1.80179e-06
	rotation_orient	0 0 0 1
	rotation	-0.0422125 -0.0270349 0.758351 0.649916
	joint_orient	0 0 0 1
	bind_pose_matrix
		-0.151654 0.988012 -0.028883 0
		-0.983447 -0.153757 -0.095873 0
		-0.0991646 0.0138653 0.994974 0
		18.3219 21.8944 -1.80179e-06 1
	rotation_order xyz
	inherits_transform 1
	shearing 0 0 0
	rotate_pivot_translate	0 0 0
	scale_pivot_translate	0 0 0
	translate_limit_x -INF +INF
	translate_limit_y -INF +INF
	translate_limit_z -INF +INF
	rotate_limit_x -INF +INF
	rotate_limit_y -INF +INF
	rotate_limit_z -INF +INF
	scale_limit_x -INF +INF
	scale_limit_y -INF +INF
	scale_limit_z -INF +INF
	parent 21
	child_joints 0
	INSTANCE_LIST
	{
	}
	segment_scale_compensate 1
	EXTRA_ATTRIBUTES
	{
		original_name string "Bip001 L Toe0"
		wire_colour colour 0.423529 0.0313726 0.533333
	}
}
JOINT Bip001_L_UpperArm
{
	id 23
	visible	1
	scale_pivot	0 0 0
	rotate_pivot	0 0 0
	min_bound	0 0 0
	max_bound	0 0 0
	scale	1 1 1
	translate	22.4234 6.94204e-05 2.58312e-05
	rotation_orient	0 0 0 1
	rotation	-0.210203 0.293389 0.0745417 0.929614
	joint_orient	0 0 0 1
	bind_pose_matrix
		0.816733 0.0152477 -0.576814 0
		-0.261932 0.900517 -0.347075 0
		0.514138 0.434554 0.739476 0
		22.4234 6.94204e-05 2.58312e-05 1
	rotation_order xyz
	inherits_transform 1
	shearing 0 0 0
	rotate_pivot_translate	0 0 0
	scale_pivot_translate	0 0 0
	translate_limit_x -INF +INF
	translate_limit_y -INF +INF
	translate_limit_z -INF +INF
	rotate_limit_x -INF +INF
	rotate_limit_y -INF +INF
	rotate_limit_z -INF +INF
	scale_limit_x -INF +INF
	scale_limit_y -INF +INF
	scale_limit_z -INF +INF
	parent 26
	child_joints 1
		27 
	INSTANCE_LIST
	{
	}
	segment_scale_compensate 1
	EXTRA_ATTRIBUTES
	{
		original_name string "Bip001 L UpperArm"
		wire_colour colour 0.109804 0.109804 0.694118
	}
}
JOINT Bip001_Neck
{
	id 4
	visible	1
	scale_pivot	0 0 0
	rotate_pivot	0 0 0
	min_bound	0 0 0
	max_bound	0 0 0
	scale	1 1 1
	translate	32.87 -9.33895 0.000210422
	rotation_orient	0 0 0 1
	rotation	2.28333e-09 -8.78056e-07 0.314404 0.949289
	joint_orient	0 0 0 1
	bind_pose_matrix
		0.802301 0.59692 1.66849e-06 0
		-0.59692 0.802301 -5.47793e-07 0
		-1.66562e-06 -5.56464e-07 1 0
		32.87 -9.33895 0.000210422 1
	rotation_order xyz
	inherits_transform 1
	shearing 0 0 0
	rotate_pivot_translate	0 0 0
	scale_pivot_translate	0 0 0
	translate_limit_x -INF +INF
	translate_limit_y -INF +INF
	translate_limit_z -INF +INF
	rotate_limit_x -INF +INF
	rotate_limit_y -INF +INF
	rotate_limit_z -INF +INF
	scale_limit_x -INF +INF
	scale_limit_y -INF +INF
	scale_limit_z -INF +INF
	parent 11
	child_joints 1
		2 
	INSTANCE_LIST
	{
	}
	segment_scale_compensate 1
	EXTRA_ATTRIBUTES
	{
		original_name string "Bip001 Neck"
		wire_colour colour 0.0313726 0.431373 0.52549
	}
}
JOINT Bip001_Pelvis
{
	id 9
	visible	1
	scale_pivot	0 0 0
	rotate_pivot	0 0 0
	min_bound	0 0 0
	max_bound	0 0 0
	scale	1 1 1
	translate	-31.5718 15.6025 2.91091e-05
	rotation_orient	0 0 0 1
	rotation	-0.499999 -0.5 -0.5 0.500001
	joint_orient	0 0 0 1
	bind_pose_matrix
		0 -1.40071e-06 1 0
		1 1.37091e-06 0 0
		-1.40071e-06 1 1.37091e-06 0
		-31.5718 15.6025 2.91091e-05 1
	rotation_order xyz
	inherits_transform 1
	shearing 0 0 0
	rotate_pivot_translate	0 0 0
	scale_pivot_translate	0 0 0
	translate_limit_x -INF +INF
	translate_limit_y -INF +INF
	translate_limit_z -INF +INF
	rotate_limit_x -INF +INF
	rotate_limit_y -INF +INF
	rotate_limit_z -INF +INF
	scale_limit_x -INF +INF
	scale_limit_y -INF +INF
	scale_limit_z -INF +INF
	parent 1
	child_joints 4
		6 10 16 18 
	INSTANCE_LIST
	{
	}
	segment_scale_compensate 1
	EXTRA_ATTRIBUTES
	{
		original_name string "Bip001 Pelvis"
		wire_colour colour 0.878431 0.776471 0.341176
	}
}
JOINT Bip001_R_Calf
{
	id 20
	visible	1
	scale_pivot	0 0 0
	rotate_pivot	0 0 0
	min_bound	0 0 0
	max_bound	0 0 0
	scale	1 1 1
	translate	42.8806 1.01205e-05 -2.52087e-06
	rotation_orient	0 0 0 1
	rotation	1.36114e-09 6.52274e-09 -0.000991693 1
	joint_orient	0 0 0 1
	bind_pose_matrix
		0.999998 -0.00198339 -1.30482e-08 0
		0.00198339 0.999998 2.70935e-09 0
		1.30428e-08 -2.73522e-09 1 0
		42.8806 1.01205e-05 -2.52087e-06 1
	rotation_order xyz
	inherits_transform 1
	shearing 0 0 0
	rotate_pivot_translate	0 0 0
	scale_pivot_translate	0 0 0
	translate_limit_x -INF +INF
	translate_limit_y -INF +INF
	translate_limit_z -INF +INF
	rotate_limit_x -INF +INF
	rotate_limit_y -INF +INF
	rotate_limit_z -INF +INF
	scale_limit_x -INF +INF
	scale_limit_y -INF +INF
	scale_limit_z -INF +INF
	parent 16
	child_joints 1
		13 
	INSTANCE_LIST
	{
	}
	segment_scale_compensate 1
	EXTRA_ATTRIBUTES
	{
		original_name string "Bip001 R Calf"
		wire_colour colour 0.0235294 0.52549 0.0235294
	}
}
JOINT Bip001_R_Clavicle
{
	id 25
	visible	1
	scale_pivot	0 0 0
	rotate_pivot	0 0 0
	min_bound	0 0 0
	max_bound	0 0 0
	scale	1 1 1
	translate	23.2608 -11.8074 -5.60505
	rotation_orient	0 0 0 1
	rotation	0.839187 0.027338 -0.541442 -0.0431029
	joint_orient	0 0 0 1
	bind_pose_matrix
		0.412186 0.0925589 -0.906386 0
		-0.000792131 -0.994789 -0.101947 0
		-0.911099 0.042739 -0.409965 0
		23.2608 -11.8074 -5.60505 1
	rotation_order xyz
	inherits_transform 1
	shearing 0 0 0
	rotate_pivot_translate	0 0 0
	scale_pivot_translate	0 0 0
	translate_limit_x -INF +INF
	translate_limit_y -INF +INF
	translate_limit_z -INF +INF
	rotate_limit_x -INF +INF
	rotate_limit_y -INF +INF
	rotate_limit_z -INF +INF
	scale_limit_x -INF +INF
	scale_limit_y -INF +INF
	scale_limit_z -INF +INF
	parent 11
	child_joints 2
		15 31 
	INSTANCE_LIST
	{
	}
	segment_scale_compensate 1
	EXTRA_ATTRIBUTES
	{
		original_name string "Bip001 R Clavicle"
		wire_colour colour 0.0235294 0.52549 0.0235294
	}
}
JOINT Bip001_R_Foot
{
	id 13
	visible	1
	scale_pivot	0 0 0
	rotate_pivot	0 0 0
	min_bound	0 0 0
	max_bound	0 0 0
	scale	1 1 1
	translate	55.324 -9.97465e-06 2.63701e-06
	rotation_orient	0 0 0 1
	rotation	0.0123942 -0.0247087 -0.520057 0.853684
	joint_orient	0 0 0 1
	bind_pose_matrix
		0.457861 -0.888541 0.0292955 0
		0.887316 0.458775 0.0468613 0
		-0.0550782 0.00453841 0.998472 0
		55.324 -9.97465e-06 2.63701e-06 1
	rotation_order xyz
	inherits_transform 1
	shearing 0 0 0
	rotate_pivot_translate	0 0 0
	scale_pivot_translate	0 0 0
	translate_limit_x -INF +INF
	translate_limit_y -INF +INF
	translate_limit_z -INF +INF
	rotate_limit_x -INF +INF
	rotate_limit_y -INF +INF
	rotate_limit_z -INF +INF
	scale_limit_x -INF +INF
	scale_limit_y -INF +INF
	scale_limit_z -INF +INF
	parent 20
	child_joints 1
		12 
	INSTANCE_LIST
	{
	}
	segment_scale_compensate 1
	EXTRA_ATTRIBUTES
	{
		original_name string "Bip001 R Foot"
		wire_colour colour 0.0235294 0.52549 0.0235294
	}
}
JOINT Bip001_R_Forearm
{
	id 22
	visible	1
	scale_pivot	0 0 0
	rotate_pivot	0 0 0
	min_bound	0 0 0
	max_bound	0 0 0
	scale	1 1 1
	translate	50.8825 0.000103583 2.89891e-05
	rotation_orient	0 0 0 1
	rotation	-2.42649e-08 3.05343e-09 -0.487849 0.872928
	joint_orient	0 0 0 1
	bind_pose_matrix
		0.524006 -0.851714 1.83443e-08 0
		0.851714 0.524006 -4.53422e-08 0
		2.9006e-08 3.93837e-08 1 0
		50.8825 0.000103583 2.89891e-05 1
	rotation_order xyz
	inherits_transform 1
	shearing 0 0 0
	rotate_pivot_translate	0 0 0
	scale_pivot_translate	0 0 0
	translate_limit_x -INF +INF
	translate_limit_y -INF +INF
	translate_limit_z -INF +INF
	rotate_limit_x -INF +INF
	rotate_limit_y -INF +INF
	rotate_limit_z -INF +INF
	scale_limit_x -INF +INF
	scale_limit_y -INF +INF
	scale_limit_z -INF +INF
	parent 15
	child_joints 1
		14 
	INSTANCE_LIST
	{
	}
	segment_scale_compensate 1
	EXTRA_ATTRIBUTES
	{
		original_name string "Bip001 R Forearm"
		wire_colour colour 0.0235294 0.52549 0.0235294
	}
}
JOINT Bip001_R_Hand
{
	id 14
	visible	1
	scale_pivot	0 0 0
	rotate_pivot	0 0 0
	min_bound	0 0 0
	max_bound	0 0 0
	scale	1 1 1
	translate	42.1285 -6.01793e-05 -2.49134e-05
	rotation_orient	0 0 0 1
	rotation	0.786548 -0.089497 0.323999 0.518032
	joint_orient	0 0 0 1
	bind_pose_matrix
		0.77403 0.194896 0.602406 0
		-0.476471 -0.447265 0.756921 0
		0.416956 -0.872908 -0.253335 0
		42.1285 -6.01793e-05 -2.49134e-05 1
	rotation_order xyz
	inherits_transform 1
	shearing 0 0 0
	rotate_pivot_translate	0 0 0
	scale_pivot_translate	0 0 0
	translate_limit_x -INF +INF
	translate_limit_y -INF +INF
	translate_limit_z -INF +INF
	rotate_limit_x -INF +INF
	rotate_limit_y -INF +INF
	rotate_limit_z -INF +INF
	scale_limit_x -INF +INF
	scale_limit_y -INF +INF
	scale_limit_z -INF +INF
	parent 22
	child_joints 3
		34 35 36 
	INSTANCE_LIST
	{
	}
	segment_scale_compensate 1
	EXTRA_ATTRIBUTES
	{
		original_name string "Bip001 R Hand"
		wire_colour colour 0.0235294 0.52549 0.0235294
	}
}
JOINT Bip001_R_Thigh
{
	id 16
	visible	1
	scale_pivot	0 0 0
	rotate_pivot	0 0 0
	min_bound	0 0 0
	max_bound	0 0 0
	scale	1 1 1
	translate	-2.64447e-05 6.00324e-05 -16.5156
	rotation_orient	0 0 0 1
	rotation	0.0565338 0.88629 -0.45965 -0.00402508
	joint_orient	0 0 0 1
	bind_pose_matrix
		-0.993575 0.103911 -0.0448367 0
		0.0965105 0.571052 -0.815221 0
		-0.0591063 -0.814311 -0.577412 0
		-2.64447e-05 6.00324e-05 -16.5156 1
	rotation_order xyz
	inherits_transform 1
	shearing 0 0 0
	rotate_pivot_translate	0 0 0
	scale_pivot_translate	0 0 0
	translate_limit_x -INF +INF
	translate_limit_y -INF +INF
	translate_limit_z -INF +INF
	rotate_limit_x -INF +INF
	rotate_limit_y -INF +INF
	rotate_limit_z -INF +INF
	scale_limit_x -INF +INF
	scale_limit_y -INF +INF
	scale_limit_z -INF +INF
	parent 9
	child_joints 1
		20 
	INSTANCE_LIST
	{
	}
	segment_scale_compensate 1
	EXTRA_ATTRIBUTES
	{
		original_name string "Bip001 R Thigh"
		wire_colour colour 0.0235294 0.52549 0.0235294
	}
}
JOINT Bip001_R_Toe0
{
	id 12
	visible	1
	scale_pivot	0 0 0
	rotate_pivot	0 0 0
	min_bound	0 0 0
	max_bound	0 0 0
	scale	1 1 1
	translate	18.3219 21.8944 -1.89039e-07
	rotation_orient	0 0 0 1
	rotation	-3.68719e-06 -0.000209421 0.707019 0.707194
	joint_orient	0 0 0 1
	bind_pose_matrix
		0.000247598 1 0.00029099 0
		-1 0.000247657 -0.000301345 0
		-0.000301417 -0.000290915 1 0
		18.3219 21.8944 -1.89039e-07 1
	rotation_order xyz
	inherits_transform 1
	shearing 0 0 0
	rotate_pivot_translate	0 0 0
	scale_pivot_translate	0 0 0
	translate_limit_x -INF +INF
	translate_limit_y -INF +INF
	translate_limit_z -INF +INF
	rotate_limit_x -INF +INF
	rotate_limit_y -INF +INF
	rotate_limit_z -INF +INF
	scale_limit_x -INF +INF
	scale_limit_y -INF +INF
	scale_limit_z -INF +INF
	parent 13
	child_joints 0
	INSTANCE_LIST
	{
	}
	segment_scale_compensate 1
	EXTRA_ATTRIBUTES
	{
		original_name string "Bip001 R Toe0"
		wire_colour colour 0.443137 0.52549 0.0235294
	}
}
JOINT Bip001_R_UpperArm
{
	id 15
	visible	1
	scale_pivot	0 0 0
	rotate_pivot	0 0 0
	min_bound	0 0 0
	max_bound	0 0 0
	scale	1 1 1
	translate	22.4233 2.27448e-06 -6.27659e-06
	rotation_orient	0 0 0 1
	rotation	0.766739 0.139425 -0.0261371 0.62609
	joint_orient	0 0 0 1
	bind_pose_matrix
		0.959755 0.181077 -0.214666 0
		0.246534 -0.177145 0.952807 0
		0.134505 -0.967384 -0.214657 0
		22.4233 2.27448e-06 -6.27659e-06 1
	rotation_order xyz
	inherits_transform 1
	shearing 0 0 0
	rotate_pivot_translate	0 0 0
	scale_pivot_translate	0 0 0
	translate_limit_x -INF +INF
	translate_limit_y -INF +INF
	translate_limit_z -INF +INF
	rotate_limit_x -INF +INF
	rotate_limit_y -INF +INF
	rotate_limit_z -INF +INF
	scale_limit_x -INF +INF
	scale_limit_y -INF +INF
	scale_limit_z -INF +INF
	parent 25
	child_joints 1
		22 
	INSTANCE_LIST
	{
	}
	segment_scale_compensate 1
	EXTRA_ATTRIBUTES
	{
		original_name string "Bip001 R UpperArm"
		wire_colour colour 0.0235294 0.52549 0.0235294
	}
}
JOINT Bip001_Spine
{
	id 10
	visible	1
	scale_pivot	0 0 0
	rotate_pivot	0 0 0
	min_bound	0 0 0
	max_bound	0 0 0
	scale	1 1 1
	translate	21.7799 -0.0106534 -0.00443623
	rotation_orient	0 0 0 1
	rotation	0.115461 0.257994 0.266121 0.921568
	joint_orient	0 0 0 1
	bind_pose_matrix
		0.725237 0.550074 -0.414065 0
		-0.430921 0.831696 0.350126 0
		0.536971 -0.0754951 0.840216 0
		21.7799 -0.0106534 -0.00443623 1
	rotation_order xyz
	inherits_transform 1
	shearing 0 0 0
	rotate_pivot_translate	0 0 0
	scale_pivot_translate	0 0 0
	translate_limit_x -INF +INF
	translate_limit_y -INF +INF
	translate_limit_z -INF +INF
	rotate_limit_x -INF +INF
	rotate_limit_y -INF +INF
	rotate_limit_z -INF +INF
	scale_limit_x -INF +INF
	scale_limit_y -INF +INF
	scale_limit_z -INF +INF
	parent 9
	child_joints 1
		11 
	INSTANCE_LIST
	{
	}
	segment_scale_compensate 1
	EXTRA_ATTRIBUTES
	{
		original_name string "Bip001 Spine"
		wire_colour colour 0.0313726 0.431373 0.52549
	}
}
JOINT Bip001_Spine1
{
	id 11
	visible	1
	scale_pivot	0 0 0
	rotate_pivot	0 0 0
	min_bound	0 0 0
	max_bound	0 0 0
	scale	1 1 1
	translate	16.2116 -0.0204503 -0.0108232
	rotation_orient	0 0 0 1
	rotation	0.208758 0.0949686 0.218742 0.948448
	joint_orient	0 0 0 1
	bind_pose_matrix
		0.886266 0.454581 -0.0888175 0
		-0.37528 0.817144 0.437539 0
		0.271474 -0.354444 0.894802 0
		16.2116 -0.0204503 -0.0108232 1
	rotation_order xyz
	inherits_transform 1
	shearing 0 0 0
	rotate_pivot_translate	0 0 0
	scale_pivot_translate	0 0 0
	translate_limit_x -INF +INF
	translate_limit_y -INF +INF
	translate_limit_z -INF +INF
	rotate_limit_x -INF +INF
	rotate_limit_y -INF +INF
	rotate_limit_z -INF +INF
	scale_limit_x -INF +INF
	scale_limit_y -INF +INF
	scale_limit_z -INF +INF
	parent 10
	child_joints 3
		4 25 26 
	INSTANCE_LIST
	{
	}
	segment_scale_compensate 1
	EXTRA_ATTRIBUTES
	{
		original_name string "Bip001 Spine1"
		wire_colour colour 0.0313726 0.431373 0.52549
	}
}
JOINT be_F_tabard_01
{
	id 7
	visible	0
	scale_pivot	0 0 0
	rotate_pivot	0 0 0
	min_bound	0 0 0
	max_bound	0 0 0
	scale	1 1 1
	translate	24.8567 -6.53875e-06 -1.54397e-05
	rotation_orient	0 0 0 1
	rotation	5.62409e-07 -0.0206186 1.51642e-08 0.999787
	joint_orient	0 0 0 1
	bind_pose_matrix
		0.99915 7.1298e-09 0.0412285 0
		-5.35143e-08 1 1.12395e-06 0
		-0.0412285 -1.1252e-06 0.99915 0
		24.8567 -6.53875e-06 -1.54397e-05 1
	rotation_order xyz
	inherits_transform 1
	shearing 0 0 0
	rotate_pivot_translate	0 0 0
	scale_pivot_translate	0 0 0
	translate_limit_x -INF +INF
	translate_limit_y -INF +INF
	translate_limit_z -INF +INF
	rotate_limit_x -INF +INF
	rotate_limit_y -INF +INF
	rotate_limit_z -INF +INF
	scale_limit_x -INF +INF
	scale_limit_y -INF +INF
	scale_limit_z -INF +INF
	parent 5
	child_joints 0
	INSTANCE_LIST
	{
	}
	segment_scale_compensate 1
	EXTRA_ATTRIBUTES
	{
		wire_colour colour 0.682353 0.729412 0.796078
	}
}
JOINT bn_F_tabard_01
{
	id 6
	visible	0
	scale_pivot	0 0 0
	rotate_pivot	0 0 0
	min_bound	0 0 0
	max_bound	0 0 0
	scale	1 1 1
	translate	12.9496 19.7355 -2.55939e-05
	rotation_orient	0 0 0 1
	rotation	0.0962333 0.7005 0.706075 0.0386909
	joint_orient	0 0 0 1
	bind_pose_matrix
		-0.978485 0.18946 0.08169 0
		0.0801854 -0.0156069 0.996658 0
		0.190102 0.981764 7.90954e-05 0
		12.9496 19.7355 -2.55939e-05 1
	rotation_order xyz
	inherits_transform 1
	shearing 0 0 0
	rotate_pivot_translate	0 0 0
	scale_pivot_translate	0 0 0
	translate_limit_x -INF +INF
	translate_limit_y -INF +INF
	translate_limit_z -INF +INF
	rotate_limit_x -INF +INF
	rotate_limit_y -INF +INF
	rotate_limit_z -INF +INF
	scale_limit_x -INF +INF
	scale_limit_y -INF +INF
	scale_limit_z -INF +INF
	parent 9
	child_joints 1
		8 
	INSTANCE_LIST
	{
	}
	segment_scale_compensate 1
	EXTRA_ATTRIBUTES
	{
		wire_colour colour 0.682353 0.729412 0.796078
	}
}
JOINT bn_F_tabard_02
{
	id 8
	visible	0
	scale_pivot	0 0 0
	rotate_pivot	0 0 0
	min_bound	0 0 0
	max_bound	0 0 0
	scale	1 1 1
	translate	19.4102 1.63129e-06 -5.19051e-06
	rotation_orient	0 0 0 1
	rotation	0.00420158 0.096387 0.0351494 0.994714
	joint_orient	0 0 0 1
	bind_pose_matrix
		0.978948 0.0707371 -0.19146 0
		-0.0691172 0.997494 0.0151346 0
		0.19205 -0.00158285 0.981384 0
		19.4102 1.63129e-06 -5.19051e-06 1
	rotation_order xyz
	inherits_transform 1
	shearing 0 0 0
	rotate_pivot_translate	0 0 0
	scale_pivot_translate	0 0 0
	translate_limit_x -INF +INF
	translate_limit_y -INF +INF
	translate_limit_z -INF +INF
	rotate_limit_x -INF +INF
	rotate_limit_y -INF +INF
	rotate_limit_z -INF +INF
	scale_limit_x -INF +INF
	scale_limit_y -INF +INF
	scale_limit_z -INF +INF
	parent 6
	child_joints 1
		5 
	INSTANCE_LIST
	{
	}
	segment_scale_compensate 1
	EXTRA_ATTRIBUTES
	{
		wire_colour colour 0.682353 0.729412 0.796078
	}
}
JOINT bn_F_tabard_03
{
	id 5
	visible	0
	scale_pivot	0 0 0
	rotate_pivot	0 0 0
	min_bound	0 0 0
	max_bound	0 0 0
	scale	1 1 1
	translate	22.1778 3.24825e-06 -2.22297e-05
	rotation_orient	0 0 0 1
	rotation	0.00432885 0.100041 0.0349708 0.994359
	joint_orient	0 0 0 1
	bind_pose_matrix
		0.977538 0.0704133 -0.19865 0
		-0.068681 0.997517 0.0156059 0
		0.199256 -0.00161184 0.979946 0
		22.1778 3.24825e-06 -2.22297e-05 1
	rotation_order xyz
	inherits_transform 1
	shearing 0 0 0
	rotate_pivot_translate	0 0 0
	scale_pivot_translate	0 0 0
	translate_limit_x -INF +INF
	translate_limit_y -INF +INF
	translate_limit_z -INF +INF
	rotate_limit_x -INF +INF
	rotate_limit_y -INF +INF
	rotate_limit_z -INF +INF
	scale_limit_x -INF +INF
	scale_limit_y -INF +INF
	scale_limit_z -INF +INF
	parent 8
	child_joints 1
		7 
	INSTANCE_LIST
	{
	}
	segment_scale_compensate 1
	EXTRA_ATTRIBUTES
	{
		wire_colour colour 0.682353 0.729412 0.796078
	}
}
BONE bn_fingers_L_01
{
	id 37
	visible	0
	scale_pivot	0 0 0
	rotate_pivot	0 0 0
	min_bound	0 0 0
	max_bound	0 0 0
	scale	1 1 1
	translate	24.2948 4.53714 -2.43626
	rotation_orient	0 0 0 1
	rotation	-0.033819 -0.0610105 0.513783 0.855079
	joint_orient	0 0 0 1
	bind_pose_matrix
		0.464609 0.882778 0.0695864 0
		-0.874525 0.469766 -0.120528 0
		-0.139089 -0.00485655 0.990268 0
		24.2948 4.53714 -2.43626 1
	rotation_order xyz
	inherits_transform 1
	shearing 0 0 0
	rotate_pivot_translate	0 0 0
	scale_pivot_translate	0 0 0
	translate_limit_x -INF +INF
	translate_limit_y -INF +INF
	translate_limit_z -INF +INF
	rotate_limit_x -INF +INF
	rotate_limit_y -INF +INF
	rotate_limit_z -INF +INF
	scale_limit_x -INF +INF
	scale_limit_y -INF +INF
	scale_limit_z -INF +INF
	parent 24
	child_joints 0
	INSTANCE_LIST
	{
	}
	EXTRA_ATTRIBUTES
	{
		wire_colour colour 0.054902 1 0.00784314
	}
}
BONE bn_fingers_R_01
{
	id 35
	visible	0
	scale_pivot	0 0 0
	rotate_pivot	0 0 0
	min_bound	0 0 0
	max_bound	0 0 0
	scale	1 1 1
	translate	25.1662 4.50301 2.89673
	rotation_orient	0 0 0 1
	rotation	-0.0541641 -0.142022 0.701832 0.695937
	joint_orient	0 0 0 1
	bind_pose_matrix
		-0.0254759 0.992246 0.121648 0
		-0.961476 0.0089969 -0.27474 0
		-0.273704 -0.123961 0.953792 0
		25.1662 4.50301 2.89673 1
	rotation_order xyz
	inherits_transform 1
	shearing 0 0 0
	rotate_pivot_translate	0 0 0
	scale_pivot_translate	0 0 0
	translate_limit_x -INF +INF
	translate_limit_y -INF +INF
	translate_limit_z -INF +INF
	rotate_limit_x -INF +INF
	rotate_limit_y -INF +INF
	rotate_limit_z -INF +INF
	scale_limit_x -INF +INF
	scale_limit_y -INF +INF
	scale_limit_z -INF +INF
	parent 14
	child_joints 0
	INSTANCE_LIST
	{
	}
	EXTRA_ATTRIBUTES
	{
		wire_colour colour 0.054902 1 0.00784314
	}
}
BONE bn_mouth_01
{
	id 30
	visible	0
	scale_pivot	0 0 0
	rotate_pivot	0 0 0
	min_bound	0 0 0
	max_bound	0 0 0
	scale	1 1 1
	translate	9.78509 -3.9477 -7.66504e-05
	rotation_orient	0 0 0 1
	rotation	0.703376 -0.0725903 0.703366 0.0725891
	joint_orient	0 0 0 1
	bind_pose_matrix
		1.32322e-05 -3.1814e-06 1 0
		-0.20423 -0.978923 -4.24683e-07 0
		0.978924 -0.20423 -1.35899e-05 0
		9.78509 -3.9477 -7.66504e-05 1
	rotation_order xyz
	inherits_transform 1
	shearing 0 0 0
	rotate_pivot_translate	0 0 0
	scale_pivot_translate	0 0 0
	translate_limit_x -INF +INF
	translate_limit_y -INF +INF
	translate_limit_z -INF +INF
	rotate_limit_x -INF +INF
	rotate_limit_y -INF +INF
	rotate_limit_z -INF +INF
	scale_limit_x -INF +INF
	scale_limit_y -INF +INF
	scale_limit_z -INF +INF
	parent 3
	child_joints 0
	INSTANCE_LIST
	{
	}
	EXTRA_ATTRIBUTES
	{
		wire_colour colour 0 0.988235 0
	}
}
BONE bn_mouth_L_01
{
	id 28
	visible	0
	scale_pivot	0 0 0
	rotate_pivot	0 0 0
	min_bound	0 0 0
	max_bound	0 0 0
	scale	1 1 1
	translate	8.01543 -3.79131 2.79221
	rotation_orient	0 0 0 1
	rotation	0.416017 0.0443936 0.849811 0.320592
	joint_orient	0 0 0 1
	bind_pose_matrix
		-0.448301 0.581823 0.678609 0
		-0.507949 -0.7905 0.342197 0
		0.735538 -0.191292 0.649918 0
		8.01543 -3.79131 2.79221 1
	rotation_order xyz
	inherits_transform 1
	shearing 0 0 0
	rotate_pivot_translate	0 0 0
	scale_pivot_translate	0 0 0
	translate_limit_x -INF +INF
	translate_limit_y -INF +INF
	translate_limit_z -INF +INF
	rotate_limit_x -INF +INF
	rotate_limit_y -INF +INF
	rotate_limit_z -INF +INF
	scale_limit_x -INF +INF
	scale_limit_y -INF +INF
	scale_limit_z -INF +INF
	parent 3
	child_joints 0
	INSTANCE_LIST
	{
	}
	EXTRA_ATTRIBUTES
	{
		wire_colour colour 0 0.988235 0
	}
}
BONE bn_mouth_R_01
{
	id 29
	visible	0
	scale_pivot	0 0 0
	rotate_pivot	0 0 0
	min_bound	0 0 0
	max_bound	0 0 0
	scale	1 1 1
	translate	8.00358 -3.77694 -2.8079
	rotation_orient	0 0 0 1
	rotation	-0.452459 -0.0274344 0.833561 0.31576
	joint_orient	0 0 0 1
	bind_pose_matrix
		-0.391154 0.551236 -0.736978 0
		-0.501585 -0.799086 -0.331473 0
		-0.771629 0.24 0.589057 0
		8.00358 -3.77694 -2.8079 1
	rotation_order xyz
	inherits_transform 1
	shearing 0 0 0
	rotate_pivot_translate	0 0 0
	scale_pivot_translate	0 0 0
	translate_limit_x -INF +INF
	translate_limit_y -INF +INF
	translate_limit_z -INF +INF
	rotate_limit_x -INF +INF
	rotate_limit_y -INF +INF
	rotate_limit_z -INF +INF
	scale_limit_x -INF +INF
	scale_limit_y -INF +INF
	scale_limit_z -INF +INF
	parent 3
	child_joints 0
	INSTANCE_LIST
	{
	}
	EXTRA_ATTRIBUTES
	{
		wire_colour colour 0 0.988235 0
	}
}
JOINT bn_shoulderpad_L
{
	id 32
	visible	0
	scale_pivot	0 0 0
	rotate_pivot	0 0 0
	min_bound	0 0 0
	max_bound	0 0 0
	scale	1 1 1
	translate	22.4234 6.9649e-05 2.62015e-05
	rotation_orient	0 0 0 1
	rotation	-0.107001 0.149346 0.0379446 0.982246
	joint_orient	0 0 0 1
	bind_pose_matrix
		0.952512 0.0425815 -0.301509 0
		-0.106502 0.974222 -0.198869 0
		0.285268 0.221536 0.932493 0
		22.4234 6.9649e-05 2.62015e-05 1
	rotation_order xyz
	inherits_transform 1
	shearing 0 0 0
	rotate_pivot_translate	0 0 0
	scale_pivot_translate	0 0 0
	translate_limit_x -INF +INF
	translate_limit_y -INF +INF
	translate_limit_z -INF +INF
	rotate_limit_x -INF +INF
	rotate_limit_y -INF +INF
	rotate_limit_z -INF +INF
	scale_limit_x -INF +INF
	scale_limit_y -INF +INF
	scale_limit_z -INF +INF
	parent 26
	child_joints 0
	INSTANCE_LIST
	{
	}
	segment_scale_compensate 1
	EXTRA_ATTRIBUTES
	{
		wire_colour colour 0.643137 0.776471 0.807843
	}
}
JOINT bn_shoulderpad_R
{
	id 31
	visible	0
	scale_pivot	0 0 0
	rotate_pivot	0 0 0
	min_bound	0 0 0
	max_bound	0 0 0
	scale	1 1 1
	translate	25.0992 -1.18903 10.6762
	rotation_orient	0 0 0 1
	rotation	0.23207 0.098116 0.133283 0.958516
	joint_orient	0 0 0 1
	bind_pose_matrix
		0.945217 0.301048 -0.126229 0
		-0.209969 0.856758 0.47104 0
		0.249954 -0.418731 0.873034 0
		25.0992 -1.18903 10.6762 1
	rotation_order xyz
	inherits_transform 1
	shearing 0 0 0
	rotate_pivot_translate	0 0 0
	scale_pivot_translate	0 0 0
	translate_limit_x -INF +INF
	translate_limit_y -INF +INF
	translate_limit_z -INF +INF
	rotate_limit_x -INF +INF
	rotate_limit_y -INF +INF
	rotate_limit_z -INF +INF
	scale_limit_x -INF +INF
	scale_limit_y -INF +INF
	scale_limit_z -INF +INF
	parent 25
	child_joints 0
	INSTANCE_LIST
	{
	}
	segment_scale_compensate 1
	EXTRA_ATTRIBUTES
	{
		wire_colour colour 0.643137 0.776471 0.807843
	}
}
BONE bn_thumb_L_01
{
	id 33
	visible	0
	scale_pivot	0 0 0
	rotate_pivot	0 0 0
	min_bound	0 0 0
	max_bound	0 0 0
	scale	1 1 1
	translate	3.8086 8.92629 -10.8076
	rotation_orient	0 0 0 1
	rotation	0.631191 0.297762 0.269992 0.663355
	joint_orient	0 0 0 1
	bind_pose_matrix
		0.676884 0.734091 -0.0542121 0
		0.0176891 0.0574052 0.998194 0
		0.735877 -0.676621 0.0258713 0
		3.8086 8.92629 -10.8076 1
	rotation_order xyz
	inherits_transform 1
	shearing 0 0 0
	rotate_pivot_translate	0 0 0
	scale_pivot_translate	0 0 0
	translate_limit_x -INF +INF
	translate_limit_y -INF +INF
	translate_limit_z -INF +INF
	rotate_limit_x -INF +INF
	rotate_limit_y -INF +INF
	rotate_limit_z -INF +INF
	scale_limit_x -INF +INF
	scale_limit_y -INF +INF
	scale_limit_z -INF +INF
	parent 24
	child_joints 0
	INSTANCE_LIST
	{
	}
	EXTRA_ATTRIBUTES
	{
		wire_colour colour 0.054902 1 0.00784314
	}
}
BONE bn_thumb_R_01
{
	id 34
	visible	0
	scale_pivot	0 0 0
	rotate_pivot	0 0 0
	min_bound	0 0 0
	max_bound	0 0 0
	scale	1 1 1
	translate	3.80857 8.92632 10.8075
	rotation_orient	0 0 0 1
	rotation	-0.640343 -0.256351 0.334891 0.641945
	joint_orient	0 0 0 1
	bind_pose_matrix
		0.644264 0.758268 -0.0997637 0
		-0.101659 -0.0443815 -0.993829 0
		-0.758017 0.65043 0.0484911 0
		3.80857 8.92632 10.8075 1
	rotation_order xyz
	inherits_transform 1
	shearing 0 0 0
	rotate_pivot_translate	0 0 0
	scale_pivot_translate	0 0 0
	translate_limit_x -INF +INF
	translate_limit_y -INF +INF
	translate_limit_z -INF +INF
	rotate_limit_x -INF +INF
	rotate_limit_y -INF +INF
	rotate_limit_z -INF +INF
	scale_limit_x -INF +INF
	scale_limit_y -INF +INF
	scale_limit_z -INF +INF
	parent 14
	child_joints 0
	INSTANCE_LIST
	{
	}
	EXTRA_ATTRIBUTES
	{
		wire_colour colour 0.054902 1 0.00784314
	}
}
BONE bn_weapon_01
{
	id 36
	visible	0
	scale_pivot	0 0 0
	rotate_pivot	0 0 0
	min_bound	0 0 0
	max_bound	0 0 0
	scale	1 1 1
	translate	19.9493 8.98744 -11.104
	rotation_orient	0 0 0 1
	rotation	-0.0935285 -0.781703 -0.156995 0.596276
	joint_orient	0 0 0 1
	bind_pose_matrix
		-0.271416 -0.0410017 0.961588 0
		0.333448 0.93321 0.13391 0
		-0.902854 0.356985 -0.239616 0
		19.9493 8.98744 -11.104 1
	rotation_order xyz
	inherits_transform 1
	shearing 0 0 0
	rotate_pivot_translate	0 0 0
	scale_pivot_translate	0 0 0
	translate_limit_x -INF +INF
	translate_limit_y -INF +INF
	translate_limit_z -INF +INF
	rotate_limit_x -INF +INF
	rotate_limit_y -INF +INF
	rotate_limit_z -INF +INF
	scale_limit_x -INF +INF
	scale_limit_y -INF +INF
	scale_limit_z -INF +INF
	parent 14
	child_joints 0
	INSTANCE_LIST
	{
	}
	EXTRA_ATTRIBUTES
	{
		wire_colour colour 0.054902 1 0.00784314
	}
}
JOINT root_displacement
{
	id 38
	visible	0
	scale_pivot	0 0 0
	rotate_pivot	0 0 0
	min_bound	0 0 0
	max_bound	0 0 0
	scale	1 1 1
	translate	0 0 0
	rotation_orient	0 0 0 1
	rotation	0 0 0 1
	joint_orient	0 0 0 1
	bind_pose_matrix
		1 0 0 0
		0 1 0 0
		0 0 1 0
		0 0 0 1
	rotation_order xyz
	inherits_transform 1
	shearing 0 0 0
	rotate_pivot_translate	0 0 0
	scale_pivot_translate	0 0 0
	translate_limit_x -INF +INF
	translate_limit_y -INF +INF
	translate_limit_z -INF +INF
	rotate_limit_x -INF +INF
	rotate_limit_y -INF +INF
	rotate_limit_z -INF +INF
	scale_limit_x -INF +INF
	scale_limit_y -INF +INF
	scale_limit_z -INF +INF
	parent 0
	child_joints 0
	INSTANCE_LIST
	{
	}
	segment_scale_compensate 1
	EXTRA_ATTRIBUTES
	{
		wire_colour colour 0 0.87451 0.145098
	}
}
ANIMATION_TAKE spawn_from_above_01
{
	id 39
	start_time 0
	end_time 60
	fps 30
	current_time 0
	num_animated_nodes 38
	num_event_tracks 0
	ANIM_NODE 1
	{
		num_animated_attrs 3
		num_animated_attrs_user 0
		ATTR rotation
		{
			num_streams 1
			elements_per_sample 4
			SAMPLED_KEYS
			{

				-0.0420618 -0.838402 -0.0186585 0.543106 
				-0.0426463 -0.83842 -0.0186261 0.543034 
				-0.0442439 -0.838469 -0.0185375 0.542834 
				-0.0466206 -0.838537 -0.0184057 0.542534 
				-0.0495424 -0.838614 -0.0182434 0.542161 
				-0.0527754 -0.838691 -0.0180637 0.541743 
				-0.0560856 -0.838761 -0.0178794 0.541309 
				-0.0592396 -0.838818 -0.0177037 0.54089 
				-0.0620036 -0.838861 -0.0175494 0.540518 
				-0.0641444 -0.83889 -0.0174299 0.540227 
				-0.0654288 -0.838906 -0.0173581 0.540051 
				-0.0656234 -0.838908 -0.0173472 0.540024 
				-0.0644947 -0.838895 -0.0174103 0.540179 
				-0.061809 -0.838859 -0.0175603 0.540544 
				-0.0573317 -0.838784 -0.01781 0.541144 
				-0.0508279 -0.838646 -0.018172 0.541996 
				-0.0420618 -0.838402 -0.0186585 0.543106 
				0.0374003 -0.826632 -0.0179708 0.561211 
				0.137211 -0.819027 -0.028246 0.55639 
				-0.159064 0.863655 0.0693035 -0.473281 
				-0.159503 0.901026 0.10786 -0.388686 
				-0.171112 0.904669 0.11905 -0.371647 
				-0.182984 0.899458 0.12107 -0.377935 
				-0.190851 0.894911 0.121359 -0.384685 
				-0.193441 0.894515 0.122577 -0.383925 
				-0.193296 0.894814 0.122688 -0.383266 
				-0.191929 0.895162 0.122135 -0.383316 
				-0.190851 0.894911 0.121359 -0.384685 
				-0.190997 0.893924 0.120732 -0.387098 
				-0.191884 0.892596 0.120216 -0.389873 
				-0.192903 0.891079 0.119635 -0.393008 
				-0.193441 0.889524 0.118814 -0.396498 
				-0.192888 0.888085 0.11758 -0.400342 
				-0.190632 0.886911 0.115756 -0.404535 
				-0.18606 0.886138 0.113166 -0.409066 
				-0.177837 0.886583 0.109026 -0.412866 
				-0.166033 0.888218 0.103258 -0.415739 
				-0.152145 0.889915 0.0967398 -0.418981 
				-0.137685 0.890604 0.0903595 -0.423914 
				-0.124175 0.889283 0.0850115 -0.431891 
				-0.113142 0.88497 0.0815917 -0.444263 
				-0.105497 0.877496 0.0812842 -0.460722 
				-0.100188 0.867483 0.083599 -0.480048 
				0.0957931 -0.855043 -0.0869074 0.502168 
				0.09088 -0.840248 -0.0895756 0.526973 
				0.0840158 -0.823149 -0.0899694 0.554322 
				0.0737685 -0.803747 -0.0864545 0.584015 
				0.0609687 -0.782221 -0.0799968 0.614828 
				0.0474537 -0.758777 -0.0726995 0.645539 
				0.0333094 -0.733413 -0.0646393 0.675883 
				0.0186276 -0.706151 -0.0559008 0.705605 
				0.00350663 -0.677041 -0.0465762 0.734462 
				-0.0119507 -0.646159 -0.0367641 0.762223 
				-0.0276369 -0.613607 -0.0265694 0.788681 
				-0.0434425 -0.579513 -0.0161015 0.813645 
				-0.0592565 -0.544029 -0.00547325 0.836953 
				-0.0749677 -0.50733 0.00519939 0.858469 
				-0.0904668 -0.469609 0.0157998 0.878085 
				-0.105647 -0.431077 0.0262111 0.895726 
				-0.120407 -0.391955 0.0363178 0.911347 
				-0.134649 -0.35248 0.0460067 0.924938 
			}
		}
		ATTR scale
		{
			num_streams 1
			elements_per_sample 3
			POSE_KEY
			{
				1 1 1 
			}
		}
		ATTR translate
		{
			num_streams 1
			elements_per_sample 3
			SAMPLED_KEYS
			{

				-10.2944 2136.57 23.3815 
				-10.3341 2063.84 23.4188 
				-10.4426 1995.63 23.5207 
				-10.6041 1930.7 23.6724 
				-10.8026 1867.82 23.8588 
				-11.0224 1805.78 24.0652 
				-11.2474 1743.33 24.2765 
				-11.4618 1679.27 24.4779 
				-11.6497 1612.35 24.6544 
				-11.7953 1541.36 24.7911 
				-11.8827 1465.06 24.8732 
				-11.8959 1382.23 24.8856 
				-11.8191 1291.64 24.8135 
				-11.6365 1192.07 24.642 
				-11.3321 1082.29 24.3561 
				-10.89 724.789 23.9409 
				-10.2944 298.235 23.3815 
				-5.6164 131.115 18.4654 
				1.90365 62.8128 11.9258 
				9.45616 39.8698 9.11956 
				15.1527 47.6446 7.84726 
				16.3304 49.4589 7.48472 
				15.7415 53.6712 7.66599 
				15.1527 56.1405 7.84726 
				14.9297 55.3491 7.84726 
				14.5581 53.2414 7.84726 
				14.4838 50.9941 7.84726 
				15.1527 49.7132 7.84726 
				16.6326 49.467 7.81505 
				18.565 49.5534 7.7399 
				20.7562 49.8662 7.65402 
				23.0123 50.2981 7.58961 
				25.1397 50.744 7.57887 
				26.9446 51.1045 7.65402 
				28.2333 51.2868 7.84726 
				29.0473 50.9293 8.29791 
				29.5382 50.0755 9.01464 
				29.6781 49.2306 9.83365 
				29.439 48.861 10.5912 
				28.7929 49.3856 11.1234 
				27.7118 51.1881 11.2666 
				26.1279 54.4639 10.8956 
				24.05 58.9199 10.1165 
				21.5652 64.2001 9.11205 
