|XMD_005A#0MAX#0005.0.4|
JOINT Bip001
{
	id 1
	visible	1
	scale_pivot	0 0 0
	rotate_pivot	0 0 0
	min_bound	0 0 0
	max_bound	0 0 0
	scale	1 1 1
	translate	-16.5648 -27.2856 96.064
	rotation_orient	0 0 0 1
	rotation	-0.13396 0.0992301 -0.65319 0.738614
	joint_orient	0 0 0 1
	bind_pose_matrix
		0.126992 -0.991497 0.0284176 0
		0.938325 0.110794 -0.327522 0
		0.321589 0.0682575 0.944416 0
		-16.5648 -27.2856 96.064 1
	rotation_order xyz
	inherits_transform 1
	shearing 0 0 0
	rotate_pivot_translate	0 0 0
	scale_pivot_translate	0 0 0
	translate_limit_x -INF +INF
	translate_limit_y -INF +INF
	translate_limit_z -INF +INF
	rotate_limit_x -INF +INF
	rotate_limit_y -INF +INF
	rotate_limit_z -INF +INF
	scale_limit_x -INF +INF
	scale_limit_y -INF +INF
	scale_limit_z -INF +INF
	parent 0
	child_joints 1
		9 
	INSTANCE_LIST
	{
	}
	segment_scale_compensate 1
	EXTRA_ATTRIBUTES
	{
		wire_colour colour 1 0 0
	}
}
JOINT Bip001_Head
{
	id 2
	visible	1
	scale_pivot	0 0 0
	rotate_pivot	0 0 0
	min_bound	0 0 0
	max_bound	0 0 0
	scale	1 1 1
	translate	11.5934 4.06809e-07 1.87928e-06
	rotation_orient	0 0 0 1
	rotation	0.541005 -0.30213 -0.261201 0.740139
	joint_orient	0 0 0 1
	bind_pose_matrix
		0.680984 -0.713557 0.164614 0
		0.0597419 0.278175 0.95867 0
		-0.729858 -0.643005 0.232062 0
		11.5934 4.06809e-07 1.87928e-06 1
	rotation_order xyz
	inherits_transform 1
	shearing 0 0 0
	rotate_pivot_translate	0 0 0
	scale_pivot_translate	0 0 0
	translate_limit_x -INF +INF
	translate_limit_y -INF +INF
	translate_limit_z -INF +INF
	rotate_limit_x -INF +INF
	rotate_limit_y -INF +INF
	rotate_limit_z -INF +INF
	scale_limit_x -INF +INF
	scale_limit_y -INF +INF
	scale_limit_z -INF +INF
	parent 4
	child_joints 1
		3 
	INSTANCE_LIST
	{
	}
	segment_scale_compensate 1
	EXTRA_ATTRIBUTES
	{
		original_name string "Bip001 Head"
		wire_colour colour 0.65098 0.792157 0.941176
	}
}
JOINT Bip001_Jaw
{
	id 3
	visible	1
	scale_pivot	0 0 0
	rotate_pivot	0 0 0
	min_bound	0 0 0
	max_bound	0 0 0
	scale	1 1 1
	translate	3.87301 2.50609 -3.74902e-05
	rotation_orient	0 0 0 1
	rotation	7.32989e-09 -2.19431e-06 0.793596 0.608445
	joint_orient	0 0 0 1
	bind_pose_matrix
		-0.25959 0.965719 2.68186e-06 0
		-0.965719 -0.25959 -3.47386e-06 0
		-2.65859e-06 -3.4917e-06 1 0
		3.87301 2.50609 -3.74902e-05 1
	rotation_order xyz
	inherits_transform 1
	shearing 0 0 0
	rotate_pivot_translate	0 0 0
	scale_pivot_translate	0 0 0
	translate_limit_x -INF +INF
	translate_limit_y -INF +INF
	translate_limit_z -INF +INF
	rotate_limit_x -INF +INF
	rotate_limit_y -INF +INF
	rotate_limit_z -INF +INF
	scale_limit_x -INF +INF
	scale_limit_y -INF +INF
	scale_limit_z -INF +INF
	parent 2
	child_joints 3
		28 29 30 
	INSTANCE_LIST
	{
	}
	segment_scale_compensate 1
	EXTRA_ATTRIBUTES
	{
		original_name string "Bip001 Jaw"
		wire_colour colour 0.988235 0 0
	}
}
JOINT Bip001_L_Calf
{
	id 17
	visible	1
	scale_pivot	0 0 0
	rotate_pivot	0 0 0
	min_bound	0 0 0
	max_bound	0 0 0
	scale	1 1 1
	translate	42.8806 6.24176e-07 -1.59257e-06
	rotation_orient	0 0 0 1
	rotation	-2.12331e-08 -1.20344e-08 -0.647517 0.762051
	joint_orient	0 0 0 1
	bind_pose_matrix
		0.161444 -0.986882 4.58392e-08 0
		0.986882 0.161444 -1.67766e-08 0
		9.15599e-09 4.79463e-08 1 0
		42.8806 6.24176e-07 -1.59257e-06 1
	rotation_order xyz
	inherits_transform 1
	shearing 0 0 0
	rotate_pivot_translate	0 0 0
	scale_pivot_translate	0 0 0
	translate_limit_x -INF +INF
	translate_limit_y -INF +INF
	translate_limit_z -INF +INF
	rotate_limit_x -INF +INF
	rotate_limit_y -INF +INF
	rotate_limit_z -INF +INF
	scale_limit_x -INF +INF
	scale_limit_y -INF +INF
	scale_limit_z -INF +INF
	parent 18
	child_joints 1
		21 
	INSTANCE_LIST
	{
	}
	segment_scale_compensate 1
	EXTRA_ATTRIBUTES
	{
		original_name string "Bip001 L Calf"
		wire_colour colour 0.109804 0.109804 0.694118
	}
}
JOINT Bip001_L_Clavicle
{
	id 26
	visible	1
	scale_pivot	0 0 0
	rotate_pivot	0 0 0
	min_bound	0 0 0
	max_bound	0 0 0
	scale	1 1 1
	translate	23.2608 -11.8075 5.60499
	rotation_orient	0 0 0 1
	rotation	0.688923 -0.220903 0.649556 -0.233805
	joint_orient	0 0 0 1
	bind_pose_matrix
		0.0585594 -0.608108 0.791692 0
		-0.000631481 -0.793075 -0.609124 0
		0.998284 0.03517 -0.0468261 0
		23.2608 -11.8075 5.60499 1
	rotation_order xyz
	inherits_transform 1
	shearing 0 0 0
	rotate_pivot_translate	0 0 0
	scale_pivot_translate	0 0 0
	translate_limit_x -INF +INF
	translate_limit_y -INF +INF
	translate_limit_z -INF +INF
	rotate_limit_x -INF +INF
	rotate_limit_y -INF +INF
	rotate_limit_z -INF +INF
	scale_limit_x -INF +INF
	scale_limit_y -INF +INF
	scale_limit_z -INF +INF
	parent 11
	child_joints 2
		23 32 
	INSTANCE_LIST
	{
	}
	segment_scale_compensate 1
	EXTRA_ATTRIBUTES
	{
		original_name string "Bip001 L Clavicle"
		wire_colour colour 0.109804 0.109804 0.694118
	}
}
JOINT Bip001_L_Foot
{
	id 21
	visible	1
	scale_pivot	0 0 0
	rotate_pivot	0 0 0
	min_bound	0 0 0
	max_bound	0 0 0
	scale	1 1 1
	translate	55.3239 -3.87722e-06 -6.50396e-06
	rotation_orient	0 0 0 1
	rotation	-0.0601439 -0.279203 0.404254 0.868911
	joint_orient	0 0 0 1
	bind_pose_matrix
		0.517248 0.736107 0.436579 0
		-0.668938 0.665922 -0.330258 0
		-0.533832 -0.121219 0.836857 0
		55.3239 -3.87722e-06 -6.50396e-06 1
	rotation_order xyz
	inherits_transform 1
	shearing 0 0 0
	rotate_pivot_translate	0 0 0
	scale_pivot_translate	0 0 0
	translate_limit_x -INF +INF
	translate_limit_y -INF +INF
	translate_limit_z -INF +INF
	rotate_limit_x -INF +INF
	rotate_limit_y -INF +INF
	rotate_limit_z -INF +INF
	scale_limit_x -INF +INF
	scale_limit_y -INF +INF
	scale_limit_z -INF +INF
	parent 17
	child_joints 1
		19 
	INSTANCE_LIST
	{
	}
	segment_scale_compensate 1
	EXTRA_ATTRIBUTES
	{
		original_name string "Bip001 L Foot"
		wire_colour colour 0.109804 0.109804 0.694118
	}
}
JOINT Bip001_L_Forearm
{
	id 27
	visible	1
	scale_pivot	0 0 0
	rotate_pivot	0 0 0
	min_bound	0 0 0
	max_bound	0 0 0
	scale	1 1 1
	translate	50.8825 1.56227e-06 8.96991e-06
	rotation_orient	0 0 0 1
	rotation	-2.70838e-09 -7.41055e-08 -0.0459878 0.998942
	joint_orient	0 0 0 1
	bind_pose_matrix
		0.99577 -0.0918783 1.48303e-07 0
		0.0918783 0.99577 1.40487e-09 0
		-1.47805e-07 1.22269e-08 1 0
		50.8825 1.56227e-06 8.96991e-06 1
	rotation_order xyz
	inherits_transform 1
	shearing 0 0 0
	rotate_pivot_translate	0 0 0
	scale_pivot_translate	0 0 0
	translate_limit_x -INF +INF
	translate_limit_y -INF +INF
	translate_limit_z -INF +INF
	rotate_limit_x -INF +INF
	rotate_limit_y -INF +INF
	rotate_limit_z -INF +INF
	scale_limit_x -INF +INF
	scale_limit_y -INF +INF
	scale_limit_z -INF +INF
	parent 23
	child_joints 1
		24 
	INSTANCE_LIST
	{
	}
	segment_scale_compensate 1
	EXTRA_ATTRIBUTES
	{
		original_name string "Bip001 L Forearm"
		wire_colour colour 0.109804 0.109804 0.694118
	}
}
JOINT Bip001_L_Hand
{
	id 24
	visible	1
	scale_pivot	0 0 0
	rotate_pivot	0 0 0
	min_bound	0 0 0
	max_bound	0 0 0
	scale	1 1 1
	translate	42.1284 8.03512e-07 3.71335e-06
	rotation_orient	0 0 0 1
	rotation	-0.730826 -0.186061 -0.209321 0.622463
	joint_orient	0 0 0 1
	bind_pose_matrix
		0.843132 0.0113672 0.537586 0
		0.532545 -0.155843 -0.831931 0
		0.0743222 0.987716 -0.13745 0
		42.1284 8.03512e-07 3.71335e-06 1
	rotation_order xyz
	inherits_transform 1
	shearing 0 0 0
	rotate_pivot_translate	0 0 0
	scale_pivot_translate	0 0 0
	translate_limit_x -INF +INF
	translate_limit_y -INF +INF
	translate_limit_z -INF +INF
	rotate_limit_x -INF +INF
	rotate_limit_y -INF +INF
	rotate_limit_z -INF +INF
	scale_limit_x -INF +INF
	scale_limit_y -INF +INF
	scale_limit_z -INF +INF
	parent 27
	child_joints 2
		33 37 
	INSTANCE_LIST
	{
	}
	segment_scale_compensate 1
	EXTRA_ATTRIBUTES
	{
		original_name string "Bip001 L Hand"
		wire_colour colour 0.109804 0.109804 0.694118
	}
}
JOINT Bip001_L_Thigh
{
	id 18
	visible	1
	scale_pivot	0 0 0
	rotate_pivot	0 0 0
	min_bound	0 0 0
	max_bound	0 0 0
	scale	1 1 1
	translate	-2.05425e-05 2.66221e-05 16.5157
	rotation_orient	0 0 0 1
	rotation	0.164732 0.861799 0.217802 -0.427467
	joint_orient	0 0 0 1
	bind_pose_matrix
		-0.58027 0.0977259 0.808539 0
		0.470138 0.850852 0.234567 0
		-0.665024 0.516238 -0.539669 0
		-2.05425e-05 2.66221e-05 16.5157 1
	rotation_order xyz
	inherits_transform 1
	shearing 0 0 0
	rotate_pivot_translate	0 0 0
	scale_pivot_translate	0 0 0
	translate_limit_x -INF +INF
	translate_limit_y -INF +INF
	translate_limit_z -INF +INF
	rotate_limit_x -INF +INF
	rotate_limit_y -INF +INF
	rotate_limit_z -INF +INF
	scale_limit_x -INF +INF
	scale_limit_y -INF +INF
	scale_limit_z -INF +INF
	parent 9
	child_joints 1
		17 
	INSTANCE_LIST
	{
	}
	segment_scale_compensate 1
	EXTRA_ATTRIBUTES
	{
		original_name string "Bip001 L Thigh"
		wire_colour colour 0.109804 0.109804 0.694118
	}
}
JOINT Bip001_L_Toe0
{
	id 19
	visible	1
	scale_pivot	0 0 0
	rotate_pivot	0 0 0
	min_bound	0 0 0
	max_bound	0 0 0
	scale	1 1 1
	translate	18.3219 21.8944 4.85169e-07
	rotation_orient	0 0 0 1
	rotation	1.23942e-05 -0.000127059 0.70719 0.707024
	joint_orient	0 0 0 1
	bind_pose_matrix
		-0.000234962 1 0.000197197 0
		-1 -0.000234962 -0.000162183 0
		-0.000162137 -0.000197235 1 0
		18.3219 21.8944 4.85169e-07 1
	rotation_order xyz
	inherits_transform 1
	shearing 0 0 0
	rotate_pivot_translate	0 0 0
	scale_pivot_translate	0 0 0
	translate_limit_x -INF +INF
	translate_limit_y -INF +INF
	translate_limit_z -INF +INF
	rotate_limit_x -INF +INF
	rotate_limit_y -INF +INF
	rotate_limit_z -INF +INF
	scale_limit_x -INF +INF
	scale_limit_y -INF +INF
	scale_limit_z -INF +INF
	parent 21
	child_joints 0
	INSTANCE_LIST
	{
	}
	segment_scale_compensate 1
	EXTRA_ATTRIBUTES
	{
		original_name string "Bip001 L Toe0"
		wire_colour colour 0.423529 0.0313726 0.533333
	}
}
JOINT Bip001_L_UpperArm
{
	id 23
	visible	1
	scale_pivot	0 0 0
	rotate_pivot	0 0 0
	min_bound	0 0 0
	max_bound	0 0 0
	scale	1 1 1
	translate	22.4233 1.22545e-06 1.53797e-06
	rotation_orient	0 0 0 1
	rotation	-0.0891329 0.329768 -0.109732 0.933417
	joint_orient	0 0 0 1
	bind_pose_matrix
		0.758424 -0.263638 -0.596061 0
		0.146065 0.960028 -0.238769 0
		0.635184 0.094024 0.766616 0
		22.4233 1.22545e-06 1.53797e-06 1
	rotation_order xyz
	inherits_transform 1
	shearing 0 0 0
	rotate_pivot_translate	0 0 0
	scale_pivot_translate	0 0 0
	translate_limit_x -INF +INF
	translate_limit_y -INF +INF
	translate_limit_z -INF +INF
	rotate_limit_x -INF +INF
	rotate_limit_y -INF +INF
	rotate_limit_z -INF +INF
	scale_limit_x -INF +INF
	scale_limit_y -INF +INF
	scale_limit_z -INF +INF
	parent 26
	child_joints 1
		27 
	INSTANCE_LIST
	{
	}
	segment_scale_compensate 1
	EXTRA_ATTRIBUTES
	{
		original_name string "Bip001 L UpperArm"
		wire_colour colour 0.109804 0.109804 0.694118
	}
}
JOINT Bip001_Neck
{
	id 4
	visible	1
	scale_pivot	0 0 0
	rotate_pivot	0 0 0
	min_bound	0 0 0
	max_bound	0 0 0
	scale	1 1 1
	translate	32.8698 -9.33883 -2.47937e-06
	rotation_orient	0 0 0 1
	rotation	-4.88703e-09 -8.71102e-07 0.314404 0.949289
	joint_orient	0 0 0 1
	bind_pose_matrix
		0.802301 0.59692 1.65078e-06 0
		-0.59692 0.802301 -5.57034e-07 0
		-1.65693e-06 -5.38477e-07 1 0
		32.8698 -9.33883 -2.47937e-06 1
	rotation_order xyz
	inherits_transform 1
	shearing 0 0 0
	rotate_pivot_translate	0 0 0
	scale_pivot_translate	0 0 0
	translate_limit_x -INF +INF
	translate_limit_y -INF +INF
	translate_limit_z -INF +INF
	rotate_limit_x -INF +INF
	rotate_limit_y -INF +INF
	rotate_limit_z -INF +INF
	scale_limit_x -INF +INF
	scale_limit_y -INF +INF
	scale_limit_z -INF +INF
	parent 11
	child_joints 1
		2 
	INSTANCE_LIST
	{
	}
	segment_scale_compensate 1
	EXTRA_ATTRIBUTES
	{
		original_name string "Bip001 Neck"
		wire_colour colour 0.0313726 0.431373 0.52549
	}
}
JOINT Bip001_Pelvis
{
	id 9
	visible	1
	scale_pivot	0 0 0
	rotate_pivot	0 0 0
	min_bound	0 0 0
	max_bound	0 0 0
	scale	1 1 1
	translate	-8.88529 26.8834 -2.96755e-06
	rotation_orient	0 0 0 1
	rotation	-0.499999 -0.5 -0.5 0.500001
	joint_orient	0 0 0 1
	bind_pose_matrix
		0 -1.40071e-06 1 0
		1 1.37091e-06 0 0
		-1.40071e-06 1 1.37091e-06 0
		-8.88529 26.8834 -2.96755e-06 1
	rotation_order xyz
	inherits_transform 1
	shearing 0 0 0
	rotate_pivot_translate	0 0 0
	scale_pivot_translate	0 0 0
	translate_limit_x -INF +INF
	translate_limit_y -INF +INF
	translate_limit_z -INF +INF
	rotate_limit_x -INF +INF
	rotate_limit_y -INF +INF
	rotate_limit_z -INF +INF
	scale_limit_x -INF +INF
	scale_limit_y -INF +INF
	scale_limit_z -INF +INF
	parent 1
	child_joints 4
		6 10 16 18 
	INSTANCE_LIST
	{
	}
	segment_scale_compensate 1
	EXTRA_ATTRIBUTES
	{
		original_name string "Bip001 Pelvis"
		wire_colour colour 0.878431 0.776471 0.341176
	}
}
JOINT Bip001_R_Calf
{
	id 20
	visible	1
	scale_pivot	0 0 0
	rotate_pivot	0 0 0
	min_bound	0 0 0
	max_bound	0 0 0
	scale	1 1 1
	translate	42.8806 2.94704e-06 -5.49753e-09
	rotation_orient	0 0 0 1
	rotation	3.85846e-09 1.14774e-08 -0.218298 0.975882
	joint_orient	0 0 0 1
	bind_pose_matrix
		0.904692 -0.426067 -2.40858e-08 0
		0.426067 0.904692 2.51979e-09 0
		2.07167e-08 -1.25418e-08 1 0
		42.8806 2.94704e-06 -5.49753e-09 1
	rotation_order xyz
	inherits_transform 1
	shearing 0 0 0
	rotate_pivot_translate	0 0 0
	scale_pivot_translate	0 0 0
	translate_limit_x -INF +INF
	translate_limit_y -INF +INF
	translate_limit_z -INF +INF
	rotate_limit_x -INF +INF
	rotate_limit_y -INF +INF
	rotate_limit_z -INF +INF
	scale_limit_x -INF +INF
	scale_limit_y -INF +INF
	scale_limit_z -INF +INF
	parent 16
	child_joints 1
		13 
	INSTANCE_LIST
	{
	}
	segment_scale_compensate 1
	EXTRA_ATTRIBUTES
	{
		original_name string "Bip001 R Calf"
		wire_colour colour 0.0235294 0.52549 0.0235294
	}
}
JOINT Bip001_R_Clavicle
{
	id 25
	visible	1
	scale_pivot	0 0 0
	rotate_pivot	0 0 0
	min_bound	0 0 0
	max_bound	0 0 0
	scale	1 1 1
	translate	23.2608 -11.8074 -5.60505
	rotation_orient	0 0 0 1
	rotation	0.792736 0.0146782 -0.609068 -0.0197574
	joint_orient	0 0 0 1
	bind_pose_matrix
		0.257642 0.047339 -0.96508 0
		-0.000795316 -0.998788 -0.0492048 0
		-0.96624 0.0134448 -0.257292 0
		23.2608 -11.8074 -5.60505 1
	rotation_order xyz
	inherits_transform 1
	shearing 0 0 0
	rotate_pivot_translate	0 0 0
	scale_pivot_translate	0 0 0
	translate_limit_x -INF +INF
	translate_limit_y -INF +INF
	translate_limit_z -INF +INF
	rotate_limit_x -INF +INF
	rotate_limit_y -INF +INF
	rotate_limit_z -INF +INF
	scale_limit_x -INF +INF
	scale_limit_y -INF +INF
	scale_limit_z -INF +INF
	parent 11
	child_joints 2
		15 31 
	INSTANCE_LIST
	{
	}
	segment_scale_compensate 1
	EXTRA_ATTRIBUTES
	{
		original_name string "Bip001 R Clavicle"
		wire_colour colour 0.0235294 0.52549 0.0235294
	}
}
JOINT Bip001_R_Foot
{
	id 13
	visible	1
	scale_pivot	0 0 0
	rotate_pivot	0 0 0
	min_bound	0 0 0
	max_bound	0 0 0
	scale	1 1 1
	translate	55.3239 -9.40045e-06 5.37679e-06
	rotation_orient	0 0 0 1
	rotation	-0.154964 0.172726 -0.18955 0.954056
	joint_orient	0 0 0 1
	bind_pose_matrix
		0.868473 -0.415216 -0.270834 0
		0.308151 0.880113 -0.36117 0
		0.388328 0.230208 0.892303 0
		55.3239 -9.40045e-06 5.37679e-06 1
	rotation_order xyz
	inherits_transform 1
	shearing 0 0 0
	rotate_pivot_translate	0 0 0
	scale_pivot_translate	0 0 0
	translate_limit_x -INF +INF
	translate_limit_y -INF +INF
	translate_limit_z -INF +INF
	rotate_limit_x -INF +INF
	rotate_limit_y -INF +INF
	rotate_limit_z -INF +INF
	scale_limit_x -INF +INF
	scale_limit_y -INF +INF
	scale_limit_z -INF +INF
	parent 20
	child_joints 1
		12 
	INSTANCE_LIST
	{
	}
	segment_scale_compensate 1
	EXTRA_ATTRIBUTES
	{
		original_name string "Bip001 R Foot"
		wire_colour colour 0.0235294 0.52549 0.0235294
	}
}
JOINT Bip001_R_Forearm
{
	id 22
	visible	1
	scale_pivot	0 0 0
	rotate_pivot	0 0 0
	min_bound	0 0 0
	max_bound	0 0 0
	scale	1 1 1
	translate	50.8825 -5.47475e-06 4.38476e-06
	rotation_orient	0 0 0 1
	rotation	-3.08558e-08 5.30954e-08 -0.590271 0.807205
	joint_orient	0 0 0 1
	bind_pose_matrix
		0.303161 -0.952939 -4.92912e-08 0
		0.952939 0.303161 -1.12495e-07 0
		1.22144e-07 -1.28673e-08 1 0
		50.8825 -5.47475e-06 4.38476e-06 1
	rotation_order xyz
	inherits_transform 1
	shearing 0 0 0
	rotate_pivot_translate	0 0 0
	scale_pivot_translate	0 0 0
	translate_limit_x -INF +INF
	translate_limit_y -INF +INF
	translate_limit_z -INF +INF
	rotate_limit_x -INF +INF
	rotate_limit_y -INF +INF
	rotate_limit_z -INF +INF
	scale_limit_x -INF +INF
	scale_limit_y -INF +INF
	scale_limit_z -INF +INF
	parent 15
	child_joints 1
		14 
	INSTANCE_LIST
	{
	}
	segment_scale_compensate 1
	EXTRA_ATTRIBUTES
	{
		original_name string "Bip001 R Forearm"
		wire_colour colour 0.0235294 0.52549 0.0235294
	}
}
JOINT Bip001_R_Hand
{
	id 14
	visible	1
	scale_pivot	0 0 0
	rotate_pivot	0 0 0
	min_bound	0 0 0
	max_bound	0 0 0
	scale	1 1 1
	translate	42.1284 4.25067e-06 -9.57666e-06
	rotation_orient	0 0 0 1
	rotation	0.909865 0.232476 0.305079 -0.158199
	joint_orient	0 0 0 1
	bind_pose_matrix
		0.705763 0.326518 0.628717 0
		0.51957 -0.841856 -0.146032 0
		0.481607 0.429727 -0.763799 0
		42.1284 4.25067e-06 -9.57666e-06 1
	rotation_order xyz
	inherits_transform 1
	shearing 0 0 0
	rotate_pivot_translate	0 0 0
	scale_pivot_translate	0 0 0
	translate_limit_x -INF +INF
	translate_limit_y -INF +INF
	translate_limit_z -INF +INF
	rotate_limit_x -INF +INF
	rotate_limit_y -INF +INF
	rotate_limit_z -INF +INF
	scale_limit_x -INF +INF
	scale_limit_y -INF +INF
	scale_limit_z -INF +INF
	parent 22
	child_joints 3
		34 35 36 
	INSTANCE_LIST
	{
	}
	segment_scale_compensate 1
	EXTRA_ATTRIBUTES
	{
		original_name string "Bip001 R Hand"
		wire_colour colour 0.0235294 0.52549 0.0235294
	}
}
JOINT Bip001_R_Thigh
{
	id 16
	visible	1
	scale_pivot	0 0 0
	rotate_pivot	0 0 0
	min_bound	0 0 0
	max_bound	0 0 0
	scale	1 1 1
	translate	2.00869e-05 -2.00032e-05 -16.5157
	rotation_orient	0 0 0 1
	rotation	0.362342 0.917302 -0.158665 0.0457138
	joint_orient	0 0 0 1
	bind_pose_matrix
		-0.733237 0.650248 -0.198849 0
		0.679261 0.687067 -0.25796 0
		-0.0311153 -0.324216 -0.945471 0
		2.00869e-05 -2.00032e-05 -16.5157 1
	rotation_order xyz
	inherits_transform 1
	shearing 0 0 0
	rotate_pivot_translate	0 0 0
	scale_pivot_translate	0 0 0
	translate_limit_x -INF +INF
	translate_limit_y -INF +INF
	translate_limit_z -INF +INF
	rotate_limit_x -INF +INF
	rotate_limit_y -INF +INF
	rotate_limit_z -INF +INF
	scale_limit_x -INF +INF
	scale_limit_y -INF +INF
	scale_limit_z -INF +INF
	parent 9
	child_joints 1
		20 
	INSTANCE_LIST
	{
	}
	segment_scale_compensate 1
	EXTRA_ATTRIBUTES
	{
		original_name string "Bip001 R Thigh"
		wire_colour colour 0.0235294 0.52549 0.0235294
	}
}
JOINT Bip001_R_Toe0
{
	id 12
	visible	1
	scale_pivot	0 0 0
	rotate_pivot	0 0 0
	min_bound	0 0 0
	max_bound	0 0 0
	scale	1 1 1
	translate	18.3219 21.8944 -1.1381e-06
	rotation_orient	0 0 0 1
	rotation	-1.20959e-05 0.000124454 0.707191 0.707022
	joint_orient	0 0 0 1
	bind_pose_matrix
		-0.000239372 1 -0.000193092 0
		-1 -0.000239372 0.000158922 0
		0.000158876 0.00019313 1 0
		18.3219 21.8944 -1.1381e-06 1
	rotation_order xyz
	inherits_transform 1
	shearing 0 0 0
	rotate_pivot_translate	0 0 0
	scale_pivot_translate	0 0 0
	translate_limit_x -INF +INF
	translate_limit_y -INF +INF
	translate_limit_z -INF +INF
	rotate_limit_x -INF +INF
	rotate_limit_y -INF +INF
	rotate_limit_z -INF +INF
	scale_limit_x -INF +INF
	scale_limit_y -INF +INF
	scale_limit_z -INF +INF
	parent 13
	child_joints 0
	INSTANCE_LIST
	{
	}
	segment_scale_compensate 1
	EXTRA_ATTRIBUTES
	{
		original_name string "Bip001 R Toe0"
		wire_colour colour 0.443137 0.52549 0.0235294
	}
}
JOINT Bip001_R_UpperArm
{
	id 15
	visible	1
	scale_pivot	0 0 0
	rotate_pivot	0 0 0
	min_bound	0 0 0
	max_bound	0 0 0
	scale	1 1 1
	translate	22.4233 -5.12861e-06 5.23386e-06
	rotation_orient	0 0 0 1
	rotation	0.0382314 -0.540992 0.423747 0.725468
	joint_orient	0 0 0 1
	bind_pose_matrix
		0.0555317 0.573464 0.817347 0
		-0.656195 0.637954 -0.403016 0
		-0.752545 -0.513959 0.411731 0
		22.4233 -5.12861e-06 5.23386e-06 1
	rotation_order xyz
	inherits_transform 1
	shearing 0 0 0
	rotate_pivot_translate	0 0 0
	scale_pivot_translate	0 0 0
	translate_limit_x -INF +INF
	translate_limit_y -INF +INF
	translate_limit_z -INF +INF
	rotate_limit_x -INF +INF
	rotate_limit_y -INF +INF
	rotate_limit_z -INF +INF
	scale_limit_x -INF +INF
	scale_limit_y -INF +INF
	scale_limit_z -INF +INF
	parent 25
	child_joints 1
		22 
	INSTANCE_LIST
	{
	}
	segment_scale_compensate 1
	EXTRA_ATTRIBUTES
	{
		original_name string "Bip001 R UpperArm"
		wire_colour colour 0.0235294 0.52549 0.0235294
	}
}
JOINT Bip001_Spine
{
	id 10
	visible	1
	scale_pivot	0 0 0
	rotate_pivot	0 0 0
	min_bound	0 0 0
	max_bound	0 0 0
	scale	1 1 1
	translate	21.7793 -0.00994709 0.00670663
	rotation_orient	0 0 0 1
	rotation	-0.297316 0.117258 0.161255 0.933729
	joint_orient	0 0 0 1
	bind_pose_matrix
		0.920495 0.231411 -0.314862 0
		-0.370862 0.7712 -0.517409 0
		0.123088 0.593043 0.795707 0
		21.7793 -0.00994709 0.00670663 1
	rotation_order xyz
	inherits_transform 1
	shearing 0 0 0
	rotate_pivot_translate	0 0 0
	scale_pivot_translate	0 0 0
	translate_limit_x -INF +INF
	translate_limit_y -INF +INF
	translate_limit_z -INF +INF
	rotate_limit_x -INF +INF
	rotate_limit_y -INF +INF
	rotate_limit_z -INF +INF
	scale_limit_x -INF +INF
	scale_limit_y -INF +INF
	scale_limit_z -INF +INF
	parent 9
	child_joints 1
		11 
	INSTANCE_LIST
	{
	}
	segment_scale_compensate 1
	EXTRA_ATTRIBUTES
	{
		original_name string "Bip001 Spine"
		wire_colour colour 0.0313726 0.431373 0.52549
	}
}
JOINT Bip001_Spine1
{
	id 11
	visible	1
	scale_pivot	0 0 0
	rotate_pivot	0 0 0
	min_bound	0 0 0
	max_bound	0 0 0
	scale	1 1 1
	translate	16.2198 -0.0141675 0.0103619
	rotation_orient	0 0 0 1
	rotation	-0.321118 0.205305 0.3359 0.861339
	joint_orient	0 0 0 1
	bind_pose_matrix
		0.690043 0.446793 -0.569401 0
		-0.710501 0.568109 -0.415259 0
		0.137947 0.691106 0.709466 0
		16.2198 -0.0141675 0.0103619 1
	rotation_order xyz
	inherits_transform 1
	shearing 0 0 0
	rotate_pivot_translate	0 0 0
	scale_pivot_translate	0 0 0
	translate_limit_x -INF +INF
	translate_limit_y -INF +INF
	translate_limit_z -INF +INF
	rotate_limit_x -INF +INF
	rotate_limit_y -INF +INF
	rotate_limit_z -INF +INF
	scale_limit_x -INF +INF
	scale_limit_y -INF +INF
	scale_limit_z -INF +INF
	parent 10
	child_joints 3
		4 25 26 
	INSTANCE_LIST
	{
	}
	segment_scale_compensate 1
	EXTRA_ATTRIBUTES
	{
		original_name string "Bip001 Spine1"
		wire_colour colour 0.0313726 0.431373 0.52549
	}
}
JOINT be_F_tabard_01
{
	id 7
	visible	1
	scale_pivot	0 0 0
	rotate_pivot	0 0 0
	min_bound	0 0 0
	max_bound	0 0 0
	scale	1 1 1
	translate	24.8568 -2.07672e-05 -3.73839e-08
	rotation_orient	0 0 0 1
	rotation	5.6286e-07 -0.0206186 1.2665e-08 0.999787
	joint_orient	0 0 0 1
	bind_pose_matrix
		0.99915 2.11372e-09 0.0412285 0
		-4.85353e-08 1 1.12496e-06 0
		-0.0412285 -1.126e-06 0.99915 0
		24.8568 -2.07672e-05 -3.73839e-08 1
	rotation_order xyz
	inherits_transform 1
	shearing 0 0 0
	rotate_pivot_translate	0 0 0
	scale_pivot_translate	0 0 0
	translate_limit_x -INF +INF
	translate_limit_y -INF +INF
	translate_limit_z -INF +INF
	rotate_limit_x -INF +INF
	rotate_limit_y -INF +INF
	rotate_limit_z -INF +INF
	scale_limit_x -INF +INF
	scale_limit_y -INF +INF
	scale_limit_z -INF +INF
	parent 5
	child_joints 0
	INSTANCE_LIST
	{
	}
	segment_scale_compensate 1
	EXTRA_ATTRIBUTES
	{
		wire_colour colour 0.682353 0.729412 0.796078
	}
}
JOINT bn_F_tabard_01
{
	id 6
	visible	1
	scale_pivot	0 0 0
	rotate_pivot	0 0 0
	min_bound	0 0 0
	max_bound	0 0 0
	scale	1 1 1
	translate	12.9496 19.7355 -2.57514e-05
	rotation_orient	0 0 0 1
	rotation	0.339427 0.60995 0.698253 0.158723
	joint_orient	0 0 0 1
	bind_pose_matrix
		-0.719193 0.635725 0.280386 0
		0.192409 -0.205536 0.959549 0
		0.667638 0.744049 0.0255003 0
		12.9496 19.7355 -2.57514e-05 1
	rotation_order xyz
	inherits_transform 1
	shearing 0 0 0
	rotate_pivot_translate	0 0 0
	scale_pivot_translate	0 0 0
	translate_limit_x -INF +INF
	translate_limit_y -INF +INF
	translate_limit_z -INF +INF
	rotate_limit_x -INF +INF
	rotate_limit_y -INF +INF
	rotate_limit_z -INF +INF
	scale_limit_x -INF +INF
	scale_limit_y -INF +INF
	scale_limit_z -INF +INF
	parent 9
	child_joints 1
		8 
	INSTANCE_LIST
	{
	}
	segment_scale_compensate 1
	EXTRA_ATTRIBUTES
	{
		wire_colour colour 0.682353 0.729412 0.796078
	}
}
JOINT bn_F_tabard_02
{
	id 8
	visible	1
	scale_pivot	0 0 0
	rotate_pivot	0 0 0
	min_bound	0 0 0
	max_bound	0 0 0
	scale	1 1 1
	translate	19.4102 3.67184e-06 -9.78881e-06
	rotation_orient	0 0 0 1
	rotation	0.0207615 0.168561 0.0402356 0.984651
	joint_orient	0 0 0 1
	bind_pose_matrix
		0.939936 0.0862351 -0.330277 0
		-0.0722368 0.9959 0.05445 0
		0.333619 -0.0273213 0.942312 0
		19.4102 3.67184e-06 -9.78881e-06 1
	rotation_order xyz
	inherits_transform 1
	shearing 0 0 0
	rotate_pivot_translate	0 0 0
	scale_pivot_translate	0 0 0
	translate_limit_x -INF +INF
	translate_limit_y -INF +INF
	translate_limit_z -INF +INF
	rotate_limit_x -INF +INF
	rotate_limit_y -INF +INF
	rotate_limit_z -INF +INF
	scale_limit_x -INF +INF
	scale_limit_y -INF +INF
	scale_limit_z -INF +INF
	parent 6
	child_joints 1
		5 
	INSTANCE_LIST
	{
	}
	segment_scale_compensate 1
	EXTRA_ATTRIBUTES
	{
		wire_colour colour 0.682353 0.729412 0.796078
	}
}
JOINT bn_F_tabard_03
{
	id 5
	visible	1
	scale_pivot	0 0 0
	rotate_pivot	0 0 0
	min_bound	0 0 0
	max_bound	0 0 0
	scale	1 1 1
	translate	22.1778 7.11204e-06 -2.40652e-05
	rotation_orient	0 0 0 1
	rotation	0.0444228 0.126636 0.0378516 0.990231
	joint_orient	0 0 0 1
	bind_pose_matrix
		0.965061 0.0862148 -0.247435 0
		-0.0637126 0.993188 0.0975644 0
		0.254161 -0.0783908 0.96398 0
		22.1778 7.11204e-06 -2.40652e-05 1
	rotation_order xyz
	inherits_transform 1
	shearing 0 0 0
	rotate_pivot_translate	0 0 0
	scale_pivot_translate	0 0 0
	translate_limit_x -INF +INF
	translate_limit_y -INF +INF
	translate_limit_z -INF +INF
	rotate_limit_x -INF +INF
	rotate_limit_y -INF +INF
	rotate_limit_z -INF +INF
	scale_limit_x -INF +INF
	scale_limit_y -INF +INF
	scale_limit_z -INF +INF
	parent 8
	child_joints 1
		7 
	INSTANCE_LIST
	{
	}
	segment_scale_compensate 1
	EXTRA_ATTRIBUTES
	{
		wire_colour colour 0.682353 0.729412 0.796078
	}
}
BONE bn_fingers_L_01
{
	id 37
	visible	1
	scale_pivot	0 0 0
	rotate_pivot	0 0 0
	min_bound	0 0 0
	max_bound	0 0 0
	scale	1 1 1
	translate	24.2948 4.53717 -2.43627
	rotation_orient	0 0 0 1
	rotation	-0.00910547 -0.06916 0.164646 0.983883
	joint_orient	0 0 0 1
	bind_pose_matrix
		0.936217 0.325243 0.133092 0
		-0.322724 0.945618 -0.0406912 0
		-0.139089 -0.00485635 0.990268 0
		24.2948 4.53717 -2.43627 1
	rotation_order xyz
	inherits_transform 1
	shearing 0 0 0
	rotate_pivot_translate	0 0 0
	scale_pivot_translate	0 0 0
	translate_limit_x -INF +INF
	translate_limit_y -INF +INF
	translate_limit_z -INF +INF
	rotate_limit_x -INF +INF
	rotate_limit_y -INF +INF
	rotate_limit_z -INF +INF
	scale_limit_x -INF +INF
	scale_limit_y -INF +INF
	scale_limit_z -INF +INF
	parent 24
	child_joints 0
	INSTANCE_LIST
	{
	}
	EXTRA_ATTRIBUTES
	{
		wire_colour colour 0.054902 1 0.00784314
	}
}
BONE bn_fingers_R_01
{
	id 35
	visible	1
	scale_pivot	0 0 0
	rotate_pivot	0 0 0
	min_bound	0 0 0
	max_bound	0 0 0
	scale	1 1 1
	translate	25.1662 4.50304 2.89667
	rotation_orient	0 0 0 1
	rotation	-0.0541641 -0.142021 0.701832 0.695937
	joint_orient	0 0 0 1
	bind_pose_matrix
		-0.0254761 0.992246 0.121648 0
		-0.961476 0.00899655 -0.27474 0
		-0.273704 -0.123961 0.953792 0
		25.1662 4.50304 2.89667 1
	rotation_order xyz
	inherits_transform 1
	shearing 0 0 0
	rotate_pivot_translate	0 0 0
	scale_pivot_translate	0 0 0
	translate_limit_x -INF +INF
	translate_limit_y -INF +INF
	translate_limit_z -INF +INF
	rotate_limit_x -INF +INF
	rotate_limit_y -INF +INF
	rotate_limit_z -INF +INF
	scale_limit_x -INF +INF
	scale_limit_y -INF +INF
	scale_limit_z -INF +INF
	parent 14
	child_joints 0
	INSTANCE_LIST
	{
	}
	EXTRA_ATTRIBUTES
	{
		wire_colour colour 0.054902 1 0.00784314
	}
}
BONE bn_mouth_01
{
	id 30
	visible	1
	scale_pivot	0 0 0
	rotate_pivot	0 0 0
	min_bound	0 0 0
	max_bound	0 0 0
	scale	1 1 1
	translate	9.78494 -3.94773 -2.97948e-05
	rotation_orient	0 0 0 1
	rotation	0.703376 -0.0725903 0.703366 0.072589
	joint_orient	0 0 0 1
	bind_pose_matrix
		1.32322e-05 -3.1963e-06 1 0
		-0.20423 -0.978923 -4.24683e-07 0
		0.978923 -0.20423 -1.35899e-05 0
		9.78494 -3.94773 -2.97948e-05 1
	rotation_order xyz
	inherits_transform 1
	shearing 0 0 0
	rotate_pivot_translate	0 0 0
	scale_pivot_translate	0 0 0
	translate_limit_x -INF +INF
	translate_limit_y -INF +INF
	translate_limit_z -INF +INF
	rotate_limit_x -INF +INF
	rotate_limit_y -INF +INF
	rotate_limit_z -INF +INF
	scale_limit_x -INF +INF
	scale_limit_y -INF +INF
	scale_limit_z -INF +INF
	parent 3
	child_joints 0
	INSTANCE_LIST
	{
	}
	EXTRA_ATTRIBUTES
	{
		wire_colour colour 0 0.988235 0
	}
}
BONE bn_mouth_L_01
{
	id 28
	visible	1
	scale_pivot	0 0 0
	rotate_pivot	0 0 0
	min_bound	0 0 0
	max_bound	0 0 0
	scale	1 1 1
	translate	8.01526 -3.79136 2.79227
	rotation_orient	0 0 0 1
	rotation	0.416017 0.0443937 0.849811 0.320592
	joint_orient	0 0 0 1
	bind_pose_matrix
		-0.4483 0.581823 0.678608 0
		-0.507949 -0.7905 0.342196 0
		0.735537 -0.191291 0.649917 0
		8.01526 -3.79136 2.79227 1
	rotation_order xyz
	inherits_transform 1
	shearing 0 0 0
	rotate_pivot_translate	0 0 0
	scale_pivot_translate	0 0 0
	translate_limit_x -INF +INF
	translate_limit_y -INF +INF
	translate_limit_z -INF +INF
	rotate_limit_x -INF +INF
	rotate_limit_y -INF +INF
	rotate_limit_z -INF +INF
	scale_limit_x -INF +INF
	scale_limit_y -INF +INF
	scale_limit_z -INF +INF
	parent 3
	child_joints 0
	INSTANCE_LIST
	{
	}
	EXTRA_ATTRIBUTES
	{
		wire_colour colour 0 0.988235 0
	}
}
BONE bn_mouth_R_01
{
	id 29
	visible	1
	scale_pivot	0 0 0
	rotate_pivot	0 0 0
	min_bound	0 0 0
	max_bound	0 0 0
	scale	1 1 1
	translate	8.00369 -3.77692 -2.80794
	rotation_orient	0 0 0 1
	rotation	-0.452459 -0.0274344 0.833561 0.31576
	joint_orient	0 0 0 1
	bind_pose_matrix
		-0.391154 0.551236 -0.736979 0
		-0.501585 -0.799086 -0.331473 0
		-0.771629 0.24 0.589057 0
		8.00369 -3.77692 -2.80794 1
	rotation_order xyz
	inherits_transform 1
	shearing 0 0 0
	rotate_pivot_translate	0 0 0
	scale_pivot_translate	0 0 0
	translate_limit_x -INF +INF
	translate_limit_y -INF +INF
	translate_limit_z -INF +INF
	rotate_limit_x -INF +INF
	rotate_limit_y -INF +INF
	rotate_limit_z -INF +INF
	scale_limit_x -INF +INF
	scale_limit_y -INF +INF
	scale_limit_z -INF +INF
	parent 3
	child_joints 0
	INSTANCE_LIST
	{
	}
	EXTRA_ATTRIBUTES
	{
		wire_colour colour 0 0.988235 0
	}
}
JOINT bn_shoulderpad_L
{
	id 32
	visible	1
	scale_pivot	0 0 0
	rotate_pivot	0 0 0
	min_bound	0 0 0
	max_bound	0 0 0
	scale	1 1 1
	translate	22.4233 3.86712e-06 7.86326e-07
	rotation_orient	0 0 0 1
	rotation	-0.0453272 0.167699 -0.0558028 0.983213
	joint_orient	0 0 0 1
	bind_pose_matrix
		0.937526 -0.124935 -0.32471 0
		0.0945294 0.989663 -0.107849 0
		0.334827 0.0704165 0.939645 0
		22.4233 3.86712e-06 7.86326e-07 1
	rotation_order xyz
	inherits_transform 1
	shearing 0 0 0
	rotate_pivot_translate	0 0 0
	scale_pivot_translate	0 0 0
	translate_limit_x -INF +INF
	translate_limit_y -INF +INF
	translate_limit_z -INF +INF
	rotate_limit_x -INF +INF
	rotate_limit_y -INF +INF
	rotate_limit_z -INF +INF
	scale_limit_x -INF +INF
	scale_limit_y -INF +INF
	scale_limit_z -INF +INF
	parent 26
	child_joints 0
	INSTANCE_LIST
	{
	}
	segment_scale_compensate 1
	EXTRA_ATTRIBUTES
	{
		wire_colour colour 0.643137 0.776471 0.807843
	}
}
JOINT bn_shoulderpad_R
{
	id 31
	visible	1
	scale_pivot	0 0 0
	rotate_pivot	0 0 0
	min_bound	0 0 0
	max_bound	0 0 0
	scale	1 1 1
	translate	15.5763 5.88936 6.40229
	rotation_orient	0 0 0 1
	rotation	-0.224214 -0.26315 0.263769 0.900503
	joint_orient	0 0 0 1
	bind_pose_matrix
		0.722356 0.593054 0.355654 0
		-0.357046 0.760308 -0.542633 0
		-0.592217 0.264989 0.76096 0
		15.5763 5.88936 6.40229 1
	rotation_order xyz
	inherits_transform 1
	shearing 0 0 0
	rotate_pivot_translate	0 0 0
	scale_pivot_translate	0 0 0
	translate_limit_x -INF +INF
	translate_limit_y -INF +INF
	translate_limit_z -INF +INF
	rotate_limit_x -INF +INF
	rotate_limit_y -INF +INF
	rotate_limit_z -INF +INF
	scale_limit_x -INF +INF
	scale_limit_y -INF +INF
	scale_limit_z -INF +INF
	parent 25
	child_joints 0
	INSTANCE_LIST
	{
	}
	segment_scale_compensate 1
	EXTRA_ATTRIBUTES
	{
		wire_colour colour 0.643137 0.776471 0.807843
	}
}
BONE bn_thumb_L_01
{
	id 33
	visible	1
	scale_pivot	0 0 0
	rotate_pivot	0 0 0
	min_bound	0 0 0
	max_bound	0 0 0
	scale	1 1 1
	translate	3.80866 8.92636 -10.8076
	rotation_orient	0 0 0 1
	rotation	0.454885 0.695544 0.147526 0.536222
	joint_orient	0 0 0 1
	bind_pose_matrix
		-0.0110908 0.790998 -0.611718 0
		0.474571 0.542632 0.693061 0
		0.880147 -0.282617 -0.381403 0
		3.80866 8.92636 -10.8076 1
	rotation_order xyz
	inherits_transform 1
	shearing 0 0 0
	rotate_pivot_translate	0 0 0
	scale_pivot_translate	0 0 0
	translate_limit_x -INF +INF
	translate_limit_y -INF +INF
	translate_limit_z -INF +INF
	rotate_limit_x -INF +INF
	rotate_limit_y -INF +INF
	rotate_limit_z -INF +INF
	scale_limit_x -INF +INF
	scale_limit_y -INF +INF
	scale_limit_z -INF +INF
	parent 24
	child_joints 0
	INSTANCE_LIST
	{
	}
	EXTRA_ATTRIBUTES
	{
		wire_colour colour 0.054902 1 0.00784314
	}
}
BONE bn_thumb_R_01
{
	id 34
	visible	1
	scale_pivot	0 0 0
	rotate_pivot	0 0 0
	min_bound	0 0 0
	max_bound	0 0 0
	scale	1 1 1
	translate	3.80857 8.92633 10.8074
	rotation_orient	0 0 0 1
	rotation	-0.640343 -0.256351 0.334891 0.641945
	joint_orient	0 0 0 1
	bind_pose_matrix
		0.644264 0.758269 -0.0997637 0
		-0.101658 -0.0443816 -0.993829 0
		-0.758017 0.65043 0.048491 0
		3.80857 8.92633 10.8074 1
	rotation_order xyz
	inherits_transform 1
	shearing 0 0 0
	rotate_pivot_translate	0 0 0
	scale_pivot_translate	0 0 0
	translate_limit_x -INF +INF
	translate_limit_y -INF +INF
	translate_limit_z -INF +INF
	rotate_limit_x -INF +INF
	rotate_limit_y -INF +INF
	rotate_limit_z -INF +INF
	scale_limit_x -INF +INF
	scale_limit_y -INF +INF
	scale_limit_z -INF +INF
	parent 14
	child_joints 0
	INSTANCE_LIST
	{
	}
	EXTRA_ATTRIBUTES
	{
		wire_colour colour 0.054902 1 0.00784314
	}
}
BONE bn_weapon_01
{
	id 36
	visible	1
	scale_pivot	0 0 0
	rotate_pivot	0 0 0
	min_bound	0 0 0
	max_bound	0 0 0
	scale	1 1 1
	translate	19.9492 8.98742 -11.104
	rotation_orient	0 0 0 1
	rotation	-0.0935285 -0.781703 -0.156995 0.596276
	joint_orient	0 0 0 1
	bind_pose_matrix
		-0.271416 -0.0410015 0.961589 0
		0.333448 0.93321 0.13391 0
		-0.902854 0.356985 -0.239616 0
		19.9492 8.98742 -11.104 1
	rotation_order xyz
	inherits_transform 1
	shearing 0 0 0
	rotate_pivot_translate	0 0 0
	scale_pivot_translate	0 0 0
	translate_limit_x -INF +INF
	translate_limit_y -INF +INF
	translate_limit_z -INF +INF
	rotate_limit_x -INF +INF
	rotate_limit_y -INF +INF
	rotate_limit_z -INF +INF
	scale_limit_x -INF +INF
	scale_limit_y -INF +INF
	scale_limit_z -INF +INF
	parent 14
	child_joints 0
	INSTANCE_LIST
	{
	}
	EXTRA_ATTRIBUTES
	{
		wire_colour colour 0.054902 1 0.00784314
	}
}
JOINT root_displacement
{
	id 38
	visible	0
	scale_pivot	0 0 0
	rotate_pivot	0 0 0
	min_bound	0 0 0
	max_bound	0 0 0
	scale	1 1 1
	translate	0 0 0
	rotation_orient	0 0 0 1
	rotation	0 0 0 1
	joint_orient	0 0 0 1
	bind_pose_matrix
		1 0 0 0
		0 1 0 0
		0 0 1 0
		0 0 0 1
	rotation_order xyz
	inherits_transform 1
	shearing 0 0 0
	rotate_pivot_translate	0 0 0
	scale_pivot_translate	0 0 0
	translate_limit_x -INF +INF
	translate_limit_y -INF +INF
	translate_limit_z -INF +INF
	rotate_limit_x -INF +INF
	rotate_limit_y -INF +INF
	rotate_limit_z -INF +INF
	scale_limit_x -INF +INF
	scale_limit_y -INF +INF
	scale_limit_z -INF +INF
	parent 0
	child_joints 0
	INSTANCE_LIST
	{
	}
	segment_scale_compensate 1
	EXTRA_ATTRIBUTES
	{
		wire_colour colour 0 0.87451 0.145098
	}
}
ANIMATION_TAKE atk_01
{
	id 39
	start_time 0
	end_time 65
	fps 30
	current_time 0
	num_animated_nodes 38
	num_event_tracks 0
	ANIM_NODE 8
	{
		num_animated_attrs 3
		num_animated_attrs_user 0
		ATTR rotation
		{
			num_streams 1
			elements_per_sample 4
			SAMPLED_KEYS
			{

				0.0207615 0.0402355 -0.168561 0.984651 
				0.00519148 0.0480717 0.130639 0.99025 
				0.00471177 -0.0205654 0.232759 0.972306 
				0.0328385 -0.0304115 -0.3205 0.946191 
				0.0347166 0.0575399 -0.512012 0.856346 
				0.0405833 0.077212 -0.703291 0.705531 
				0.0354076 0.13817 -0.684566 0.71486 
				0.0305032 0.122372 -0.528475 0.839529 
				0.0307209 -0.0782654 -0.217076 0.972527 
				0.0196009 -0.216134 0.185116 0.958454 
				0.0124771 -0.182396 0.271116 0.945025 
				0.0108316 -0.122834 0.224004 0.966756 
				0.0107774 -0.0556343 0.136617 0.989002 
				0.0102467 0.00723716 0.0626959 0.997954 
				0.00896466 0.0578287 0.019374 0.998098 
				0.0072111 0.0964449 0.00184728 0.99531 
				0.00523737 0.126239 0.00125245 0.991985 
				0.00321757 0.149863 0.0105358 0.988645 
				0.00222278 0.161009 0.0155548 0.986828 
				0.00279366 0.155059 0.0100121 0.987851 
				0.00413429 0.137816 0.00161227 0.990448 
				0.00565741 0.114539 -0.00487427 0.993391 
				0.00708044 0.0890886 -0.00860463 0.995961 
				0.00833311 0.0641552 -0.0112717 0.997841 
				0.00944768 0.0416378 -0.0154715 0.998968 
				0.0104806 0.0228957 -0.023504 0.999407 
				0.0114691 0.00883299 -0.0366585 0.999223 
				0.0111695 0.0078341 -0.0363775 0.999245 
				0.0108511 0.00693732 -0.0359527 0.99927 
				0.0105159 0.00613355 -0.035399 0.999299 
				0.0101669 0.0054138 -0.0347337 0.99933 
				0.00980541 0.00476995 -0.0339701 0.999363 
				0.00943455 0.00419341 -0.0331254 0.999398 
				0.00905509 0.00367532 -0.0322102 0.999433 
				0.00866938 0.00320869 -0.0312401 0.999469 
				0.00827996 0.00278482 -0.0302316 0.999505 
				0.00788814 0.00239653 -0.0291972 0.99954 
				0.0074952 0.00203547 -0.0281482 0.999574 
				0.00710394 0.00169458 -0.0271035 0.999606 
				0.00671484 0.00136576 -0.0260717 0.999637 
				0.00633061 0.00104185 -0.0250712 0.999665 
				0.00595178 0.000715239 -0.0241113 0.999691 
				0.00558018 0.000378444 -0.0232073 0.999715 
				0.00521756 2.41509e-05 -0.0223733 0.999736 
				0.00486513 -0.000354927 -0.0216223 0.999754 
				0.00452378 -0.000765873 -0.0209647 0.99977 
				0.0041954 -0.00121512 -0.0204162 0.999782 
				0.00388109 -0.00170967 -0.019989 0.999791 
				0.00358177 -0.00225631 -0.0196933 0.999797 
				0.00329837 -0.00286076 -0.0195396 0.9998 
				0.00303242 -0.00352904 -0.0195405 0.999798 
				0.00327978 -0.00932911 -0.0299062 0.999504 
				0.00385139 -0.00952233 -0.0484928 0.998771 
				0.00525837 -0.00241303 -0.0867048 0.996217 
				0.0070494 0.00934362 -0.133677 0.990956 
				0.00905195 0.0257411 -0.185258 0.982311 
				0.0110957 0.045033 -0.237196 0.970354 
				0.0126467 0.0628663 -0.276937 0.958746 
				0.0133333 0.077993 -0.295998 0.951906 
				0.0128587 0.0853148 -0.287593 0.953859 
				0.0116405 0.0842291 -0.261577 0.96143 
				0.0100267 0.0769559 -0.226184 0.970988 
				0.00814469 0.0651365 -0.184449 0.980648 
				0.00626179 0.0514884 -0.142469 0.988439 
				0.0047898 0.0399693 -0.109561 0.993165 
				0.0042016 0.0351501 -0.0963902 0.994714 
			}
		}
		ATTR scale
		{
			num_streams 1
			elements_per_sample 3
			POSE_KEY
			{
				1 1 1 
			}
		}
		ATTR translate
		{
			num_streams 1
			elements_per_sample 3
			POSE_KEY
			{
				19.4102 -9.78881e-06 -3.67184e-06 
			}
		}
	}
	ANIM_NODE 5
	{
		num_animated_attrs 3
		num_animated_attrs_user 0
		ATTR rotation
		{
			num_streams 1
			elements_per_sample 4
			SAMPLED_KEYS
			{

				0.0444227 0.0378516 -0.126636 0.990231 
				0.0523049 -0.00435045 -0.287681 0.956287 
				0.0324953 0.0149318 0.120128 0.992114 
				-0.01362 -0.0099323 0.768869 0.639184 
				-0.000928541 -0.197052 0.669857 0.715864 
				0.0360635 0.0624807 0.0188894 0.997216 
				0.0436905 0.2271 -0.266876 0.935571 
				0.0487428 0.321593 -0.539334 0.776737 
				0.0541775 0.260335 -0.749286 0.606516 
				0.0631979 -0.0303815 -0.82013 0.567864 
				0.0622289 -0.312874 -0.494823 0.808324 
				0.0427203 -0.311629 -0.0151789 0.949122 
				0.0275718 -0.246303 0.237324 0.939283 
				0.0218388 -0.20833 0.313197 0.926299 
				0.0216081 -0.17665 0.298988 0.937515 
				0.0235467 -0.137106 0.244692 0.959569 
				0.0253867 -0.0876959 0.185233 0.978444 
				0.0260135 -0.0314066 0.141462 0.989103 
				0.0251369 0.0299066 0.120964 0.991888 
