|XMD_005A#0MAX#0005.0.2|
JOINT Bip001
{
	id 1
	visible	1
	scale_pivot	0 0 0
	rotate_pivot	0 0 0
	min_bound	0 0 0
	max_bound	0 0 0
	scale	1 1 1
	translate	-0.454559 90.057 -17.0609
	rotation_orient	0 0 0 1
	rotation	-0.0875712 -0.459924 0.0303545 0.883108
	joint_orient	0 0 0 1
	bind_pose_matrix
		0.575098 0.134165 0.807008 0
		0.0269396 0.98282 -0.182591 0
		-0.817641 0.126748 0.561603 0
		-0.454559 90.057 -17.0609 1
	rotation_order xyz
	inherits_transform 1
	shearing 0 0 0
	rotate_pivot_translate	0 0 0
	scale_pivot_translate	0 0 0
	translate_limit_x -INF +INF
	translate_limit_y -INF +INF
	translate_limit_z -INF +INF
	rotate_limit_x -INF +INF
	rotate_limit_y -INF +INF
	rotate_limit_z -INF +INF
	scale_limit_x -INF +INF
	scale_limit_y -INF +INF
	scale_limit_z -INF +INF
	parent 0
	child_joints 1
		9 
	INSTANCE_LIST
	{
	}
	segment_scale_compensate 1
	EXTRA_ATTRIBUTES
	{
		wire_colour colour 1 0 0
	}
}
JOINT Bip001_Head
{
	id 2
	visible	1
	scale_pivot	0 0 0
	rotate_pivot	0 0 0
	min_bound	0 0 0
	max_bound	0 0 0
	scale	1 1 1
	translate	11.5934 -4.93774e-007 -2.40251e-006
	rotation_orient	0 0 0 1
	rotation	-0.426718 -0.131994 -0.146972 0.882547
	joint_orient	0 0 0 1
	bind_pose_matrix
		0.921954 -0.146771 0.358412 0
		0.372068 0.592623 -0.714398 0
		-0.10755 0.791995 0.60098 0
		11.5934 -4.93774e-007 -2.40251e-006 1
	rotation_order xyz
	inherits_transform 1
	shearing 0 0 0
	rotate_pivot_translate	0 0 0
	scale_pivot_translate	0 0 0
	translate_limit_x -INF +INF
	translate_limit_y -INF +INF
	translate_limit_z -INF +INF
	rotate_limit_x -INF +INF
	rotate_limit_y -INF +INF
	rotate_limit_z -INF +INF
	scale_limit_x -INF +INF
	scale_limit_y -INF +INF
	scale_limit_z -INF +INF
	parent 4
	child_joints 1
		3 
	INSTANCE_LIST
	{
	}
	segment_scale_compensate 1
	EXTRA_ATTRIBUTES
	{
		original_name string "Bip001 Head"
		wire_colour colour 0.65098 0.792157 0.941176
	}
}
JOINT Bip001_Jaw
{
	id 3
	visible	1
	scale_pivot	0 0 0
	rotate_pivot	0 0 0
	min_bound	0 0 0
	max_bound	0 0 0
	scale	1 1 1
	translate	3.87302 -3.54258e-005 -2.50609
	rotation_orient	0 0 0 1
	rotation	-1.9838e-008 0.793596 2.23717e-006 0.608445
	joint_orient	0 0 0 1
	bind_pose_matrix
		-0.259589 2.6909e-006 -0.965719 0
		-2.75388e-006 1 3.52668e-006 0
		0.965719 3.57496e-006 -0.259589 0
		3.87302 -3.54258e-005 -2.50609 1
	rotation_order xyz
	inherits_transform 1
	shearing 0 0 0
	rotate_pivot_translate	0 0 0
	scale_pivot_translate	0 0 0
	translate_limit_x -INF +INF
	translate_limit_y -INF +INF
	translate_limit_z -INF +INF
	rotate_limit_x -INF +INF
	rotate_limit_y -INF +INF
	rotate_limit_z -INF +INF
	scale_limit_x -INF +INF
	scale_limit_y -INF +INF
	scale_limit_z -INF +INF
	parent 2
	child_joints 3
		28 29 30 
	INSTANCE_LIST
	{
	}
	segment_scale_compensate 1
	EXTRA_ATTRIBUTES
	{
		original_name string "Bip001 Jaw"
		wire_colour colour 0.988235 0 0
	}
}
JOINT Bip001_L_Calf
{
	id 17
	visible	1
	scale_pivot	0 0 0
	rotate_pivot	0 0 0
	min_bound	0 0 0
	max_bound	0 0 0
	scale	1 1 1
	translate	42.8806 -1.9715e-006 -2.82723e-006
	rotation_orient	0 0 0 1
	rotation	-2.47218e-008 -0.531065 -1.51623e-008 0.847331
	joint_orient	0 0 0 1
	bind_pose_matrix
		0.435939 5.62778e-010 0.899976 0
		5.19528e-008 1 -2.57907e-008 0
		-0.899976 5.79995e-008 0.435939 0
		42.8806 -1.9715e-006 -2.82723e-006 1
	rotation_order xyz
	inherits_transform 1
	shearing 0 0 0
	rotate_pivot_translate	0 0 0
	scale_pivot_translate	0 0 0
	translate_limit_x -INF +INF
	translate_limit_y -INF +INF
	translate_limit_z -INF +INF
	rotate_limit_x -INF +INF
	rotate_limit_y -INF +INF
	rotate_limit_z -INF +INF
	scale_limit_x -INF +INF
	scale_limit_y -INF +INF
	scale_limit_z -INF +INF
	parent 18
	child_joints 1
		21 
	INSTANCE_LIST
	{
	}
	segment_scale_compensate 1
	EXTRA_ATTRIBUTES
	{
		original_name string "Bip001 L Calf"
		wire_colour colour 0.109804 0.109804 0.694118
	}
}
JOINT Bip001_L_Clavicle
{
	id 26
	visible	1
	scale_pivot	0 0 0
	rotate_pivot	0 0 0
	min_bound	0 0 0
	max_bound	0 0 0
	scale	1 1 1
	translate	23.2608 5.60499 11.8075
	rotation_orient	0 0 0 1
	rotation	0.597104 0.78787 0.12038 -0.0907502
	joint_orient	0 0 0 1
	bind_pose_matrix
		-0.270462 0.919032 0.286757 0
		0.96273 0.257951 0.0813129 0
		0.000759989 0.298062 -0.954546 0
		23.2608 5.60499 11.8075 1
	rotation_order xyz
	inherits_transform 1
	shearing 0 0 0
	rotate_pivot_translate	0 0 0
	scale_pivot_translate	0 0 0
	translate_limit_x -INF +INF
	translate_limit_y -INF +INF
	translate_limit_z -INF +INF
	rotate_limit_x -INF +INF
	rotate_limit_y -INF +INF
	rotate_limit_z -INF +INF
	scale_limit_x -INF +INF
	scale_limit_y -INF +INF
	scale_limit_z -INF +INF
	parent 11
	child_joints 2
		23 32 
	INSTANCE_LIST
	{
	}
	segment_scale_compensate 1
	EXTRA_ATTRIBUTES
	{
		original_name string "Bip001 L Clavicle"
		wire_colour colour 0.109804 0.109804 0.694118
	}
}
JOINT Bip001_L_Foot
{
	id 21
	visible	1
	scale_pivot	0 0 0
	rotate_pivot	0 0 0
	min_bound	0 0 0
	max_bound	0 0 0
	scale	1 1 1
	translate	55.3239 -5.17794e-006 4.94053e-006
	rotation_orient	0 0 0 1
	rotation	0.044068 0.225429 0.286267 0.93021
	joint_orient	0 0 0 1
	bind_pose_matrix
		0.734466 0.552445 -0.394162 0
		-0.512708 0.832219 0.211051 0
		0.444623 0.0470807 0.89448 0
		55.3239 -5.17794e-006 4.94053e-006 1
	rotation_order xyz
	inherits_transform 1
	shearing 0 0 0
	rotate_pivot_translate	0 0 0
	scale_pivot_translate	0 0 0
	translate_limit_x -INF +INF
	translate_limit_y -INF +INF
	translate_limit_z -INF +INF
	rotate_limit_x -INF +INF
	rotate_limit_y -INF +INF
	rotate_limit_z -INF +INF
	scale_limit_x -INF +INF
	scale_limit_y -INF +INF
	scale_limit_z -INF +INF
	parent 17
	child_joints 1
		19 
	INSTANCE_LIST
	{
	}
	segment_scale_compensate 1
	EXTRA_ATTRIBUTES
	{
		original_name string "Bip001 L Foot"
		wire_colour colour 0.109804 0.109804 0.694118
	}
}
JOINT Bip001_L_Forearm
{
	id 27
	visible	1
	scale_pivot	0 0 0
	rotate_pivot	0 0 0
	min_bound	0 0 0
	max_bound	0 0 0
	scale	1 1 1
	translate	50.8825 -5.24991e-006 -1.14197e-006
	rotation_orient	0 0 0 1
	rotation	3.63834e-009 -0.66332 5.63669e-008 0.748336
	joint_orient	0 0 0 1
	bind_pose_matrix
		0.120012 7.9536e-008 0.992772 0
		-8.91895e-008 1 -6.93333e-008 0
		-0.992772 -8.02241e-008 0.120012 0
		50.8825 -5.24991e-006 -1.14197e-006 1
	rotation_order xyz
	inherits_transform 1
	shearing 0 0 0
	rotate_pivot_translate	0 0 0
	scale_pivot_translate	0 0 0
	translate_limit_x -INF +INF
	translate_limit_y -INF +INF
	translate_limit_z -INF +INF
	rotate_limit_x -INF +INF
	rotate_limit_y -INF +INF
	rotate_limit_z -INF +INF
	scale_limit_x -INF +INF
	scale_limit_y -INF +INF
	scale_limit_z -INF +INF
	parent 23
	child_joints 1
		24 
	INSTANCE_LIST
	{
	}
	segment_scale_compensate 1
	EXTRA_ATTRIBUTES
	{
		original_name string "Bip001 L Forearm"
		wire_colour colour 0.109804 0.109804 0.694118
	}
}
JOINT Bip001_L_Hand
{
	id 24
	visible	1
	scale_pivot	0 0 0
	rotate_pivot	0 0 0
	min_bound	0 0 0
	max_bound	0 0 0
	scale	1 1 1
	translate	42.1284 6.68057e-006 -2.08169e-006
	rotation_orient	0 0 0 1
	rotation	0.918111 0.241096 -0.000769439 -0.314553
	joint_orient	0 0 0 1
	bind_pose_matrix
		0.883744 0.44319 0.150262 0
		0.442222 -0.685858 -0.57796 0
		-0.153088 0.577218 -0.802112 0
		42.1284 6.68057e-006 -2.08169e-006 1
	rotation_order xyz
	inherits_transform 1
	shearing 0 0 0
	rotate_pivot_translate	0 0 0
	scale_pivot_translate	0 0 0
	translate_limit_x -INF +INF
	translate_limit_y -INF +INF
	translate_limit_z -INF +INF
	rotate_limit_x -INF +INF
	rotate_limit_y -INF +INF
	rotate_limit_z -INF +INF
	scale_limit_x -INF +INF
	scale_limit_y -INF +INF
	scale_limit_z -INF +INF
	parent 27
	child_joints 2
		33 37 
	INSTANCE_LIST
	{
	}
	segment_scale_compensate 1
	EXTRA_ATTRIBUTES
	{
		original_name string "Bip001 L Hand"
		wire_colour colour 0.109804 0.109804 0.694118
	}
}
JOINT Bip001_L_Thigh
{
	id 18
	visible	1
	scale_pivot	0 0 0
	rotate_pivot	0 0 0
	min_bound	0 0 0
	max_bound	0 0 0
	scale	1 1 1
	translate	-2.69967e-005 16.5157 -2.49697e-005
	rotation_orient	0 0 0 1
	rotation	0.170019 0.0857047 -0.896694 -0.39961
	joint_orient	0 0 0 1
	bind_pose_matrix
		-0.622811 0.745799 -0.236413 0
		-0.687513 -0.665933 -0.289584 0
		-0.373406 -0.0178194 0.927497 0
		-2.69967e-005 16.5157 -2.49697e-005 1
	rotation_order xyz
	inherits_transform 1
	shearing 0 0 0
	rotate_pivot_translate	0 0 0
	scale_pivot_translate	0 0 0
	translate_limit_x -INF +INF
	translate_limit_y -INF +INF
	translate_limit_z -INF +INF
	rotate_limit_x -INF +INF
	rotate_limit_y -INF +INF
	rotate_limit_z -INF +INF
	scale_limit_x -INF +INF
	scale_limit_y -INF +INF
	scale_limit_z -INF +INF
	parent 9
	child_joints 1
		17 
	INSTANCE_LIST
	{
	}
	segment_scale_compensate 1
	EXTRA_ATTRIBUTES
	{
		original_name string "Bip001 L Thigh"
		wire_colour colour 0.109804 0.109804 0.694118
	}
}
JOINT Bip001_L_Toe0
{
	id 19
	visible	1
	scale_pivot	0 0 0
	rotate_pivot	0 0 0
	min_bound	0 0 0
	max_bound	0 0 0
	scale	1 1 1
	translate	18.3219 2.58722e-006 -21.8944
	rotation_orient	0 0 0 1
	rotation	-5.8029e-008 0.707107 -2.24616e-007 0.707106
	joint_orient	0 0 0 1
	bind_pose_matrix
		-2.02656e-006 -3.9972e-007 -1 0
		2.35589e-007 1 -3.99721e-007 0
		1 -2.3559e-007 -2.02656e-006 0
		18.3219 2.58722e-006 -21.8944 1
	rotation_order xyz
	inherits_transform 1
	shearing 0 0 0
	rotate_pivot_translate	0 0 0
	scale_pivot_translate	0 0 0
	translate_limit_x -INF +INF
	translate_limit_y -INF +INF
	translate_limit_z -INF +INF
	rotate_limit_x -INF +INF
	rotate_limit_y -INF +INF
	rotate_limit_z -INF +INF
	scale_limit_x -INF +INF
	scale_limit_y -INF +INF
	scale_limit_z -INF +INF
	parent 21
	child_joints 0
	INSTANCE_LIST
	{
	}
	segment_scale_compensate 1
	EXTRA_ATTRIBUTES
	{
		original_name string "Bip001 L Toe0"
		wire_colour colour 0.423529 0.0313726 0.533333
	}
}
JOINT Bip001_L_UpperArm
{
	id 23
	visible	1
	scale_pivot	0 0 0
	rotate_pivot	0 0 0
	min_bound	0 0 0
	max_bound	0 0 0
	scale	1 1 1
	translate	22.4233 9.05981e-006 -3.18101e-006
	rotation_orient	0 0 0 1
	rotation	-0.0498774 0.301217 -0.201984 0.930582
	joint_orient	0 0 0 1
	bind_pose_matrix
		0.736942 -0.405973 -0.540465 0
		0.345878 0.913429 -0.214512 0
		0.580763 -0.0288519 0.813562 0
		22.4233 9.05981e-006 -3.18101e-006 1
	rotation_order xyz
	inherits_transform 1
	shearing 0 0 0
	rotate_pivot_translate	0 0 0
	scale_pivot_translate	0 0 0
	translate_limit_x -INF +INF
	translate_limit_y -INF +INF
	translate_limit_z -INF +INF
	rotate_limit_x -INF +INF
	rotate_limit_y -INF +INF
	rotate_limit_z -INF +INF
	scale_limit_x -INF +INF
	scale_limit_y -INF +INF
	scale_limit_z -INF +INF
	parent 26
	child_joints 1
		27 
	INSTANCE_LIST
	{
	}
	segment_scale_compensate 1
	EXTRA_ATTRIBUTES
	{
		original_name string "Bip001 L UpperArm"
		wire_colour colour 0.109804 0.109804 0.694118
	}
}
JOINT Bip001_Neck
{
	id 4
	visible	1
	scale_pivot	0 0 0
	rotate_pivot	0 0 0
	min_bound	0 0 0
	max_bound	0 0 0
	scale	1 1 1
	translate	32.8698 -2.95165e-006 9.33883
	rotation_orient	0 0 0 1
	rotation	7.7602e-009 0.314404 8.74926e-007 0.949289
	joint_orient	0 0 0 1
	bind_pose_matrix
		0.802301 1.666e-006 -0.59692 0
		-1.65624e-006 1 5.64893e-007 0
		0.59692 5.35427e-007 0.802301 0
		32.8698 -2.95165e-006 9.33883 1
	rotation_order xyz
	inherits_transform 1
	shearing 0 0 0
	rotate_pivot_translate	0 0 0
	scale_pivot_translate	0 0 0
	translate_limit_x -INF +INF
	translate_limit_y -INF +INF
	translate_limit_z -INF +INF
	rotate_limit_x -INF +INF
	rotate_limit_y -INF +INF
	rotate_limit_z -INF +INF
	scale_limit_x -INF +INF
	scale_limit_y -INF +INF
	scale_limit_z -INF +INF
	parent 11
	child_joints 1
		2 
	INSTANCE_LIST
	{
	}
	segment_scale_compensate 1
	EXTRA_ATTRIBUTES
	{
		original_name string "Bip001 Neck"
		wire_colour colour 0.0313726 0.431373 0.52549
	}
}
JOINT Bip001_Pelvis
{
	id 9
	visible	1
	scale_pivot	0 0 0
	rotate_pivot	0 0 0
	min_bound	0 0 0
	max_bound	0 0 0
	scale	1 1 1
	translate	-5.41742 -2.31928e-006 4.70675
	rotation_orient	0 0 0 1
	rotation	-0.499999 -0.5 0.5 0.500001
	joint_orient	0 0 0 1
	bind_pose_matrix
		-2.38419e-007 1 1.3411e-006 0
		-1.3411e-006 1.13249e-006 -1 0
		-1 -5.96046e-008 1.13249e-006 0
		-5.41742 -2.31928e-006 4.70675 1
	rotation_order xyz
	inherits_transform 1
	shearing 0 0 0
	rotate_pivot_translate	0 0 0
	scale_pivot_translate	0 0 0
	translate_limit_x -INF +INF
	translate_limit_y -INF +INF
	translate_limit_z -INF +INF
	rotate_limit_x -INF +INF
	rotate_limit_y -INF +INF
	rotate_limit_z -INF +INF
	scale_limit_x -INF +INF
	scale_limit_y -INF +INF
	scale_limit_z -INF +INF
	parent 1
	child_joints 4
		6 10 16 18 
	INSTANCE_LIST
	{
	}
	segment_scale_compensate 1
	EXTRA_ATTRIBUTES
	{
		original_name string "Bip001 Pelvis"
		wire_colour colour 0.878431 0.776471 0.341176
	}
}
JOINT Bip001_R_Calf
{
	id 20
	visible	1
	scale_pivot	0 0 0
	rotate_pivot	0 0 0
	min_bound	0 0 0
	max_bound	0 0 0
	scale	1 1 1
	translate	42.8806 1.12987e-006 2.35425e-007
	rotation_orient	0 0 0 1
	rotation	1.29998e-008 -0.498486 1.33311e-008 0.866898
	joint_orient	0 0 0 1
	bind_pose_matrix
		0.503024 1.01529e-008 0.864272 0
		-3.60738e-008 1 9.24836e-009 0
		-0.864272 -3.58297e-008 0.503024 0
		42.8806 1.12987e-006 2.35425e-007 1
	rotation_order xyz
	inherits_transform 1
	shearing 0 0 0
	rotate_pivot_translate	0 0 0
	scale_pivot_translate	0 0 0
	translate_limit_x -INF +INF
	translate_limit_y -INF +INF
	translate_limit_z -INF +INF
	rotate_limit_x -INF +INF
	rotate_limit_y -INF +INF
	rotate_limit_z -INF +INF
	scale_limit_x -INF +INF
	scale_limit_y -INF +INF
	scale_limit_z -INF +INF
	parent 16
	child_joints 1
		13 
	INSTANCE_LIST
	{
	}
	segment_scale_compensate 1
	EXTRA_ATTRIBUTES
	{
		original_name string "Bip001 R Calf"
		wire_colour colour 0.0235294 0.52549 0.0235294
	}
}
JOINT Bip001_R_Clavicle
{
	id 25
	visible	1
	scale_pivot	0 0 0
	rotate_pivot	0 0 0
	min_bound	0 0 0
	max_bound	0 0 0
	scale	1 1 1
	translate	23.2609 -5.60506 11.8074
	rotation_orient	0 0 0 1
	rotation	0.774092 -0.630459 -0.0359847 -0.0448101
	joint_orient	0 0 0 1
	bind_pose_matrix
		0.202452 -0.972842 -0.112213 0
		-0.979292 -0.201027 -0.0240006 0
		0.000791043 0.114748 -0.993395 0
		23.2609 -5.60506 11.8074 1
	rotation_order xyz
	inherits_transform 1
	shearing 0 0 0
	rotate_pivot_translate	0 0 0
	scale_pivot_translate	0 0 0
	translate_limit_x -INF +INF
	translate_limit_y -INF +INF
	translate_limit_z -INF +INF
	rotate_limit_x -INF +INF
	rotate_limit_y -INF +INF
	rotate_limit_z -INF +INF
	scale_limit_x -INF +INF
	scale_limit_y -INF +INF
	scale_limit_z -INF +INF
	parent 11
	child_joints 2
		15 31 
	INSTANCE_LIST
	{
	}
	segment_scale_compensate 1
	EXTRA_ATTRIBUTES
	{
		original_name string "Bip001 R Clavicle"
		wire_colour colour 0.0235294 0.52549 0.0235294
	}
}
JOINT Bip001_R_Foot
{
	id 13
	visible	1
	scale_pivot	0 0 0
	rotate_pivot	0 0 0
	min_bound	0 0 0
	max_bound	0 0 0
	scale	1 1 1
	translate	55.3239 -3.51266e-007 1.117e-006
	rotation_orient	0 0 0 1
	rotation	0.00982316 0.0199572 -0.173967 0.9845
	joint_orient	0 0 0 1
	bind_pose_matrix
		0.938674 -0.342149 -0.0427135 0
		0.342933 0.939278 0.012398 0
		0.0358779 -0.0262856 0.999011 0
		55.3239 -3.51266e-007 1.117e-006 1
	rotation_order xyz
	inherits_transform 1
	shearing 0 0 0
	rotate_pivot_translate	0 0 0
	scale_pivot_translate	0 0 0
	translate_limit_x -INF +INF
	translate_limit_y -INF +INF
	translate_limit_z -INF +INF
	rotate_limit_x -INF +INF
	rotate_limit_y -INF +INF
	rotate_limit_z -INF +INF
	scale_limit_x -INF +INF
	scale_limit_y -INF +INF
	scale_limit_z -INF +INF
	parent 20
	child_joints 1
		12 
	INSTANCE_LIST
	{
	}
	segment_scale_compensate 1
	EXTRA_ATTRIBUTES
	{
		original_name string "Bip001 R Foot"
		wire_colour colour 0.0235294 0.52549 0.0235294
	}
}
JOINT Bip001_R_Forearm
{
	id 22
	visible	1
	scale_pivot	0 0 0
	rotate_pivot	0 0 0
	min_bound	0 0 0
	max_bound	0 0 0
	scale	1 1 1
	translate	50.8825 7.86482e-007 3.63128e-007
	rotation_orient	0 0 0 1
	rotation	-3.02226e-009 -0.682368 5.27727e-008 0.731009
	joint_orient	0 0 0 1
	bind_pose_matrix
		0.068747 8.12792e-008 0.997634 0
		-7.303e-008 1 -7.64394e-008 0
		-0.997634 -6.76022e-008 0.068747 0
		50.8825 7.86482e-007 3.63128e-007 1
	rotation_order xyz
	inherits_transform 1
	shearing 0 0 0
	rotate_pivot_translate	0 0 0
	scale_pivot_translate	0 0 0
	translate_limit_x -INF +INF
	translate_limit_y -INF +INF
	translate_limit_z -INF +INF
	rotate_limit_x -INF +INF
	rotate_limit_y -INF +INF
	rotate_limit_z -INF +INF
	scale_limit_x -INF +INF
	scale_limit_y -INF +INF
	scale_limit_z -INF +INF
	parent 15
	child_joints 1
		14 
	INSTANCE_LIST
	{
	}
	segment_scale_compensate 1
	EXTRA_ATTRIBUTES
	{
		original_name string "Bip001 R Forearm"
		wire_colour colour 0.0235294 0.52549 0.0235294
	}
}
JOINT Bip001_R_Hand
{
	id 14
	visible	1
	scale_pivot	0 0 0
	rotate_pivot	0 0 0
	min_bound	0 0 0
	max_bound	0 0 0
	scale	1 1 1
	translate	42.1285 -3.81354e-006 1.36499e-006
	rotation_orient	0 0 0 1
	rotation	0.831533 0.00901422 0.089705 0.54811
	joint_orient	0 0 0 1
	bind_pose_matrix
		0.983744 0.113328 0.139304 0
		-0.0833451 -0.398989 0.91316 0
		0.159067 -0.909926 -0.383058 0
		42.1285 -3.81354e-006 1.36499e-006 1
	rotation_order xyz
	inherits_transform 1
	shearing 0 0 0
	rotate_pivot_translate	0 0 0
	scale_pivot_translate	0 0 0
	translate_limit_x -INF +INF
	translate_limit_y -INF +INF
	translate_limit_z -INF +INF
	rotate_limit_x -INF +INF
	rotate_limit_y -INF +INF
	rotate_limit_z -INF +INF
	scale_limit_x -INF +INF
	scale_limit_y -INF +INF
	scale_limit_z -INF +INF
	parent 22
	child_joints 3
		34 35 36 
	INSTANCE_LIST
	{
	}
	segment_scale_compensate 1
	EXTRA_ATTRIBUTES
	{
		original_name string "Bip001 R Hand"
		wire_colour colour 0.0235294 0.52549 0.0235294
	}
}
JOINT Bip001_R_Thigh
{
	id 16
	visible	1
	scale_pivot	0 0 0
	rotate_pivot	0 0 0
	min_bound	0 0 0
	max_bound	0 0 0
	scale	1 1 1
	translate	2.55908e-005 -16.5157 1.9087e-005
	rotation_orient	0 0 0 1
	rotation	0.362553 -0.110201 -0.903832 0.198743
	joint_orient	0 0 0 1
	bind_pose_matrix
		-0.658113 -0.439168 -0.611571 0
		0.279353 -0.896714 0.343317 0
		-0.699178 0.0550969 0.712822 0
		2.55908e-005 -16.5157 1.9087e-005 1
	rotation_order xyz
	inherits_transform 1
	shearing 0 0 0
	rotate_pivot_translate	0 0 0
	scale_pivot_translate	0 0 0
	translate_limit_x -INF +INF
	translate_limit_y -INF +INF
	translate_limit_z -INF +INF
	rotate_limit_x -INF +INF
	rotate_limit_y -INF +INF
	rotate_limit_z -INF +INF
	scale_limit_x -INF +INF
	scale_limit_y -INF +INF
	scale_limit_z -INF +INF
	parent 9
	child_joints 1
		20 
	INSTANCE_LIST
	{
	}
	segment_scale_compensate 1
	EXTRA_ATTRIBUTES
	{
		original_name string "Bip001 R Thigh"
		wire_colour colour 0.0235294 0.52549 0.0235294
	}
}
JOINT Bip001_R_Toe0
{
	id 12
	visible	1
	scale_pivot	0 0 0
	rotate_pivot	0 0 0
	min_bound	0 0 0
	max_bound	0 0 0
	scale	1 1 1
	translate	18.3219 2.08048e-006 -21.8944
	rotation_orient	0 0 0 1
	rotation	-7.59409e-007 0.707107 -3.3887e-007 0.707107
	joint_orient	0 0 0 1
	bind_pose_matrix
		1.78814e-007 -1.5532e-006 -1 0
		-5.94732e-007 1 -1.5532e-006 0
		1 5.94732e-007 1.78814e-007 0
		18.3219 2.08048e-006 -21.8944 1
	rotation_order xyz
	inherits_transform 1
	shearing 0 0 0
	rotate_pivot_translate	0 0 0
	scale_pivot_translate	0 0 0
	translate_limit_x -INF +INF
	translate_limit_y -INF +INF
	translate_limit_z -INF +INF
	rotate_limit_x -INF +INF
	rotate_limit_y -INF +INF
	rotate_limit_z -INF +INF
	scale_limit_x -INF +INF
	scale_limit_y -INF +INF
	scale_limit_z -INF +INF
	parent 13
	child_joints 0
	INSTANCE_LIST
	{
	}
	segment_scale_compensate 1
	EXTRA_ATTRIBUTES
	{
		original_name string "Bip001 R Toe0"
		wire_colour colour 0.443137 0.52549 0.0235294
	}
}
JOINT Bip001_R_UpperArm
{
	id 15
	visible	1
	scale_pivot	0 0 0
	rotate_pivot	0 0 0
	min_bound	0 0 0
	max_bound	0 0 0
	scale	1 1 1
	translate	22.4233 1.10542e-005 4.9994e-006
	rotation_orient	0 0 0 1
	rotation	0.521907 0.273641 0.235074 0.772964
	joint_orient	0 0 0 1
	bind_pose_matrix
		0.739721 0.649039 -0.177656 0
		-0.0777773 0.344707 0.935483 0
		0.668404 -0.678179 0.305467 0
		22.4233 1.10542e-005 4.9994e-006 1
	rotation_order xyz
	inherits_transform 1
	shearing 0 0 0
	rotate_pivot_translate	0 0 0
	scale_pivot_translate	0 0 0
	translate_limit_x -INF +INF
	translate_limit_y -INF +INF
	translate_limit_z -INF +INF
	rotate_limit_x -INF +INF
	rotate_limit_y -INF +INF
	rotate_limit_z -INF +INF
	scale_limit_x -INF +INF
	scale_limit_y -INF +INF
	scale_limit_z -INF +INF
	parent 25
	child_joints 1
		22 
	INSTANCE_LIST
	{
	}
	segment_scale_compensate 1
	EXTRA_ATTRIBUTES
	{
		original_name string "Bip001 R UpperArm"
		wire_colour colour 0.0235294 0.52549 0.0235294
	}
}
JOINT Bip001_Spine
{
	id 10
	visible	1
	scale_pivot	0 0 0
	rotate_pivot	0 0 0
	min_bound	0 0 0
	max_bound	0 0 0
	scale	1 1 1
	translate	21.7733 -0.00685227 0.0108482
	rotation_orient	0 0 0 1
	rotation	0.275617 -0.0584068 0.0413303 0.958601
	joint_orient	0 0 0 1
	bind_pose_matrix
		0.989761 0.0470427 0.13476 0
		-0.111434 0.844654 0.523585 0
		-0.089195 -0.533241 0.841248 0
		21.7733 -0.00685227 0.0108482 1
	rotation_order xyz
	inherits_transform 1
	shearing 0 0 0
	rotate_pivot_translate	0 0 0
	scale_pivot_translate	0 0 0
	translate_limit_x -INF +INF
	translate_limit_y -INF +INF
	translate_limit_z -INF +INF
	rotate_limit_x -INF +INF
	rotate_limit_y -INF +INF
	rotate_limit_z -INF +INF
	scale_limit_x -INF +INF
	scale_limit_y -INF +INF
	scale_limit_z -INF +INF
	parent 9
	child_joints 1
		11 
	INSTANCE_LIST
	{
	}
	segment_scale_compensate 1
	EXTRA_ATTRIBUTES
	{
		original_name string "Bip001 Spine"
		wire_colour colour 0.0313726 0.431373 0.52549
	}
}
JOINT Bip001_Spine1
{
	id 11
	visible	1
	scale_pivot	0 0 0
	rotate_pivot	0 0 0
	min_bound	0 0 0
	max_bound	0 0 0
	scale	1 1 1
	translate	16.2139 -0.00376063 0.0216114
	rotation_orient	0 0 0 1
	rotation	0.0525477 0.252775 -0.0986727 0.961045
	joint_orient	0 0 0 1
	bind_pose_matrix
		0.852737 -0.163092 -0.496227 0
		0.216223 0.975005 0.0511174 0
		0.475487 -0.150885 0.866687 0
		16.2139 -0.00376063 0.0216114 1
	rotation_order xyz
	inherits_transform 1
	shearing 0 0 0
	rotate_pivot_translate	0 0 0
	scale_pivot_translate	0 0 0
	translate_limit_x -INF +INF
	translate_limit_y -INF +INF
	translate_limit_z -INF +INF
	rotate_limit_x -INF +INF
	rotate_limit_y -INF +INF
	rotate_limit_z -INF +INF
	scale_limit_x -INF +INF
	scale_limit_y -INF +INF
	scale_limit_z -INF +INF
	parent 10
	child_joints 3
		4 25 26 
	INSTANCE_LIST
	{
	}
	segment_scale_compensate 1
	EXTRA_ATTRIBUTES
	{
		original_name string "Bip001 Spine1"
		wire_colour colour 0.0313726 0.431373 0.52549
	}
}
JOINT be_F_tabard_01
{
	id 7
	visible	0
	scale_pivot	0 0 0
	rotate_pivot	0 0 0
	min_bound	0 0 0
	max_bound	0 0 0
	scale	1 1 1
	translate	24.8568 -2.54657e-007 2.02794e-005
	rotation_orient	0 0 0 1
	rotation	5.49081e-007 9.06996e-009 0.0206198 0.999787
	joint_orient	0 0 0 1
	bind_pose_matrix
		0.99915 0.0412307 4.50777e-009 0
		-0.0412307 0.99915 1.0983e-006 0
		4.07799e-008 -1.09756e-006 1 0
		24.8568 -2.54657e-007 2.02794e-005 1
	rotation_order xyz
	inherits_transform 1
	shearing 0 0 0
	rotate_pivot_translate	0 0 0
	scale_pivot_translate	0 0 0
	translate_limit_x -INF +INF
	translate_limit_y -INF +INF
	translate_limit_z -INF +INF
	rotate_limit_x -INF +INF
	rotate_limit_y -INF +INF
	rotate_limit_z -INF +INF
	scale_limit_x -INF +INF
	scale_limit_y -INF +INF
	scale_limit_z -INF +INF
	parent 5
	child_joints 0
	INSTANCE_LIST
	{
	}
	segment_scale_compensate 1
	EXTRA_ATTRIBUTES
	{
		wire_colour colour 0.682353 0.729412 0.796078
	}
}
JOINT bn_F_tabard_01
{
	id 6
	visible	0
	scale_pivot	0 0 0
	rotate_pivot	0 0 0
	min_bound	0 0 0
	max_bound	0 0 0
	scale	1 1 1
	translate	12.9496 -2.19388e-005 -19.7355
	rotation_orient	0 0 0 1
	rotation	0.223009 0.607192 -0.729487 0.222338
	joint_orient	0 0 0 1
	bind_pose_matrix
		-0.801666 -0.0535669 -0.595368 0
		0.595204 -0.163767 -0.78671 0
		-0.05536 -0.985043 0.163169 0
		12.9496 -2.19388e-005 -19.7355 1
	rotation_order xyz
	inherits_transform 1
	shearing 0 0 0
	rotate_pivot_translate	0 0 0
	scale_pivot_translate	0 0 0
	translate_limit_x -INF +INF
	translate_limit_y -INF +INF
	translate_limit_z -INF +INF
	rotate_limit_x -INF +INF
	rotate_limit_y -INF +INF
	rotate_limit_z -INF +INF
	scale_limit_x -INF +INF
	scale_limit_y -INF +INF
	scale_limit_z -INF +INF
	parent 9
	child_joints 1
		8 
	INSTANCE_LIST
	{
	}
	segment_scale_compensate 1
	EXTRA_ATTRIBUTES
	{
		wire_colour colour 0.682353 0.729412 0.796078
	}
}
JOINT bn_F_tabard_02
{
	id 8
	visible	0
	scale_pivot	0 0 0
	rotate_pivot	0 0 0
	min_bound	0 0 0
	max_bound	0 0 0
	scale	1 1 1
	translate	19.4102 2.82101e-005 7.22759e-006
	rotation_orient	0 0 0 1
	rotation	0.00420145 0.0351502 -0.0963914 0.994714
	joint_orient	0 0 0 1
	bind_pose_matrix
		0.978946 -0.191468 -0.0707387 0
		0.192059 0.981382 0.00158213 0
		0.0691188 -0.0151348 0.997494 0
		19.4102 2.82101e-005 7.22759e-006 1
	rotation_order xyz
	inherits_transform 1
	shearing 0 0 0
	rotate_pivot_translate	0 0 0
	scale_pivot_translate	0 0 0
	translate_limit_x -INF +INF
	translate_limit_y -INF +INF
	translate_limit_z -INF +INF
	rotate_limit_x -INF +INF
	rotate_limit_y -INF +INF
	rotate_limit_z -INF +INF
	scale_limit_x -INF +INF
	scale_limit_y -INF +INF
	scale_limit_z -INF +INF
	parent 6
	child_joints 1
		5 
	INSTANCE_LIST
	{
	}
	segment_scale_compensate 1
	EXTRA_ATTRIBUTES
	{
		wire_colour colour 0.682353 0.729412 0.796078
	}
}
JOINT bn_F_tabard_03
{
	id 5
	visible	0
	scale_pivot	0 0 0
	rotate_pivot	0 0 0
	min_bound	0 0 0
	max_bound	0 0 0
	scale	1 1 1
	translate	22.1779 -4.1464e-005 -1.45058e-005
	rotation_orient	0 0 0 1
	rotation	0.00432872 0.034973 -0.100036 0.99436
	joint_orient	0 0 0 1
	bind_pose_matrix
		0.97754 -0.19864 -0.0704175 0
		0.199245 0.979948 0.00161153 0
		0.0686854 -0.0156057 0.997516 0
		22.1779 -4.1464e-005 -1.45058e-005 1
	rotation_order xyz
	inherits_transform 1
	shearing 0 0 0
	rotate_pivot_translate	0 0 0
	scale_pivot_translate	0 0 0
	translate_limit_x -INF +INF
	translate_limit_y -INF +INF
	translate_limit_z -INF +INF
	rotate_limit_x -INF +INF
	rotate_limit_y -INF +INF
	rotate_limit_z -INF +INF
	scale_limit_x -INF +INF
	scale_limit_y -INF +INF
	scale_limit_z -INF +INF
	parent 8
	child_joints 1
		7 
	INSTANCE_LIST
	{
	}
	segment_scale_compensate 1
	EXTRA_ATTRIBUTES
	{
		wire_colour colour 0.682353 0.729412 0.796078
	}
}
BONE bn_fingers_L_01
{
	id 37
	visible	0
	scale_pivot	0 0 0
	rotate_pivot	0 0 0
	min_bound	0 0 0
	max_bound	0 0 0
	scale	1 1 1
	translate	24.2948 -2.43628 -4.53718
	rotation_orient	0 0 0 1
	rotation	-0.00137132 0.838762 0.00203348 0.544493
	joint_orient	0 0 0 1
	bind_pose_matrix
		-0.40705 -8.59809e-005 -0.913406 0
		-0.00451485 0.999988 0.00191786 0
		0.913395 0.00490455 -0.407046 0
		24.2948 -2.43628 -4.53718 1
	rotation_order xyz
	inherits_transform 1
	shearing 0 0 0
	rotate_pivot_translate	0 0 0
	scale_pivot_translate	0 0 0
	translate_limit_x -INF +INF
	translate_limit_y -INF +INF
	translate_limit_z -INF +INF
	rotate_limit_x -INF +INF
	rotate_limit_y -INF +INF
	rotate_limit_z -INF +INF
	scale_limit_x -INF +INF
	scale_limit_y -INF +INF
	scale_limit_z -INF +INF
	parent 24
	child_joints 0
	INSTANCE_LIST
	{
	}
	EXTRA_ATTRIBUTES
	{
		wire_colour colour 0.054902 1 0.00784314
	}
}
BONE bn_fingers_R_01
{
	id 35
	visible	0
	scale_pivot	0 0 0
	rotate_pivot	0 0 0
	min_bound	0 0 0
	max_bound	0 0 0
	scale	1 1 1
	translate	25.166 2.89659 -4.50302
	rotation_orient	0 0 0 1
	rotation	-0.0541642 0.701832 0.142022 0.695937
	joint_orient	0 0 0 1
	bind_pose_matrix
		-0.0254769 0.121648 -0.992247 0
		-0.273705 0.953792 0.123961 0
		0.961477 0.27474 0.00899583 0
		25.166 2.89659 -4.50302 1
	rotation_order xyz
	inherits_transform 1
	shearing 0 0 0
	rotate_pivot_translate	0 0 0
	scale_pivot_translate	0 0 0
	translate_limit_x -INF +INF
	translate_limit_y -INF +INF
	translate_limit_z -INF +INF
	rotate_limit_x -INF +INF
	rotate_limit_y -INF +INF
	rotate_limit_z -INF +INF
	scale_limit_x -INF +INF
	scale_limit_y -INF +INF
	scale_limit_z -INF +INF
	parent 14
	child_joints 0
	INSTANCE_LIST
	{
	}
	EXTRA_ATTRIBUTES
	{
		wire_colour colour 0.054902 1 0.00784314
	}
}
BONE bn_mouth_01
{
	id 30
	visible	0
	scale_pivot	0 0 0
	rotate_pivot	0 0 0
	min_bound	0 0 0
	max_bound	0 0 0
	scale	1 1 1
	translate	9.78495 -3.69678e-005 3.94774
	rotation_orient	0 0 0 1
	rotation	0.703376 0.703366 0.0725905 0.0725886
	joint_orient	0 0 0 1
	bind_pose_matrix
		1.2815e-005 1 3.97116e-006 0
		0.978923 -1.33514e-005 0.20423 0
		0.20423 1.27405e-006 -0.978923 0
		9.78495 -3.69678e-005 3.94774 1
	rotation_order xyz
	inherits_transform 1
	shearing 0 0 0
	rotate_pivot_translate	0 0 0
	scale_pivot_translate	0 0 0
	translate_limit_x -INF +INF
	translate_limit_y -INF +INF
	translate_limit_z -INF +INF
	rotate_limit_x -INF +INF
	rotate_limit_y -INF +INF
	rotate_limit_z -INF +INF
	scale_limit_x -INF +INF
	scale_limit_y -INF +INF
	scale_limit_z -INF +INF
	parent 3
	child_joints 0
	INSTANCE_LIST
	{
	}
	EXTRA_ATTRIBUTES
	{
		wire_colour colour 0 0.988235 0
	}
}
BONE bn_mouth_L_01
{
	id 28
	visible	0
	scale_pivot	0 0 0
	rotate_pivot	0 0 0
	min_bound	0 0 0
	max_bound	0 0 0
	scale	1 1 1
	translate	8.0153 2.79227 3.79135
	rotation_orient	0 0 0 1
	rotation	0.416017 0.849812 -0.0443938 0.320592
	joint_orient	0 0 0 1
	bind_pose_matrix
		-0.448302 0.678609 -0.581823 0
		0.735538 0.649918 0.191291 0
		0.507949 -0.342197 -0.790501 0
		8.0153 2.79227 3.79135 1
	rotation_order xyz
	inherits_transform 1
	shearing 0 0 0
	rotate_pivot_translate	0 0 0
	scale_pivot_translate	0 0 0
	translate_limit_x -INF +INF
	translate_limit_y -INF +INF
	translate_limit_z -INF +INF
	rotate_limit_x -INF +INF
	rotate_limit_y -INF +INF
	rotate_limit_z -INF +INF
	scale_limit_x -INF +INF
	scale_limit_y -INF +INF
	scale_limit_z -INF +INF
	parent 3
	child_joints 0
	INSTANCE_LIST
	{
	}
	EXTRA_ATTRIBUTES
	{
		wire_colour colour 0 0.988235 0
	}
}
BONE bn_mouth_R_01
{
	id 29
	visible	0
	scale_pivot	0 0 0
	rotate_pivot	0 0 0
	min_bound	0 0 0
	max_bound	0 0 0
	scale	1 1 1
	translate	8.00329 -2.80816 3.77776
	rotation_orient	0 0 0 1
	rotation	-0.452459 0.833561 0.0274344 0.31576
	joint_orient	0 0 0 1
	bind_pose_matrix
		-0.391154 -0.736979 -0.551236 0
		-0.77163 0.589057 -0.24 0
		0.501584 0.331473 -0.799087 0
		8.00329 -2.80816 3.77776 1
	rotation_order xyz
	inherits_transform 1
	shearing 0 0 0
	rotate_pivot_translate	0 0 0
	scale_pivot_translate	0 0 0
	translate_limit_x -INF +INF
	translate_limit_y -INF +INF
	translate_limit_z -INF +INF
	rotate_limit_x -INF +INF
	rotate_limit_y -INF +INF
	rotate_limit_z -INF +INF
	scale_limit_x -INF +INF
	scale_limit_y -INF +INF
	scale_limit_z -INF +INF
	parent 3
	child_joints 0
	INSTANCE_LIST
	{
	}
	EXTRA_ATTRIBUTES
	{
		wire_colour colour 0 0.988235 0
	}
}
JOINT bn_shoulderpad_L
{
	id 32
	visible	0
	scale_pivot	0 0 0
	rotate_pivot	0 0 0
	min_bound	0 0 0
	max_bound	0 0 0
	scale	1 1 1
	translate	22.4233 8.59377e-006 -2.16074e-006
	rotation_orient	0 0 0 1
	rotation	-0.025383 0.153292 -0.102792 0.982492
	joint_orient	0 0 0 1
	bind_pose_matrix
		0.931871 -0.209766 -0.295999 0
		0.194202 0.977579 -0.0813916 0
		0.306435 0.0183629 0.951715 0
		22.4233 8.59377e-006 -2.16074e-006 1
	rotation_order xyz
	inherits_transform 1
	shearing 0 0 0
	rotate_pivot_translate	0 0 0
	scale_pivot_translate	0 0 0
	translate_limit_x -INF +INF
	translate_limit_y -INF +INF
	translate_limit_z -INF +INF
	rotate_limit_x -INF +INF
	rotate_limit_y -INF +INF
	rotate_limit_z -INF +INF
	scale_limit_x -INF +INF
	scale_limit_y -INF +INF
	scale_limit_z -INF +INF
	parent 26
	child_joints 0
	INSTANCE_LIST
	{
	}
	segment_scale_compensate 1
	EXTRA_ATTRIBUTES
	{
		wire_colour colour 0.643137 0.776471 0.807843
	}
}
JOINT bn_shoulderpad_R
{
	id 31
	visible	0
	scale_pivot	0 0 0
	rotate_pivot	0 0 0
	min_bound	0 0 0
	max_bound	0 0 0
	scale	1 1 1
	translate	19.4775 10.498 -1.91664
	rotation_orient	0 0 0 1
	rotation	0.0461539 0.239009 0.111958 0.963437
	joint_orient	0 0 0 1
	bind_pose_matrix
		0.86068 0.237792 -0.450205 0
		-0.193667 0.97067 0.142451 0
		0.470874 -0.0354147 0.881489 0
		19.4775 10.498 -1.91664 1
	rotation_order xyz
	inherits_transform 1
	shearing 0 0 0
	rotate_pivot_translate	0 0 0
	scale_pivot_translate	0 0 0
	translate_limit_x -INF +INF
	translate_limit_y -INF +INF
	translate_limit_z -INF +INF
	rotate_limit_x -INF +INF
	rotate_limit_y -INF +INF
	rotate_limit_z -INF +INF
	scale_limit_x -INF +INF
	scale_limit_y -INF +INF
	scale_limit_z -INF +INF
	parent 25
	child_joints 0
	INSTANCE_LIST
	{
	}
	segment_scale_compensate 1
	EXTRA_ATTRIBUTES
	{
		wire_colour colour 0.643137 0.776471 0.807843
	}
}
BONE bn_thumb_L_01
{
	id 33
	visible	0
	scale_pivot	0 0 0
	rotate_pivot	0 0 0
	min_bound	0 0 0
	max_bound	0 0 0
	scale	1 1 1
	translate	3.80863 -10.8076 -8.92631
	rotation_orient	0 0 0 1
	rotation	0.28729 0.220827 -0.145232 0.920656
	joint_orient	0 0 0 1
	bind_pose_matrix
		0.860287 -0.140535 -0.490058 0
		0.3943 0.792745 0.464848 0
		0.323164 -0.593132 0.737401 0
		3.80863 -10.8076 -8.92631 1
	rotation_order xyz
	inherits_transform 1
	shearing 0 0 0
	rotate_pivot_translate	0 0 0
	scale_pivot_translate	0 0 0
	translate_limit_x -INF +INF
	translate_limit_y -INF +INF
	translate_limit_z -INF +INF
	rotate_limit_x -INF +INF
	rotate_limit_y -INF +INF
	rotate_limit_z -INF +INF
	scale_limit_x -INF +INF
	scale_limit_y -INF +INF
	scale_limit_z -INF +INF
	parent 24
	child_joints 0
	INSTANCE_LIST
	{
	}
	EXTRA_ATTRIBUTES
	{
		wire_colour colour 0.054902 1 0.00784314
	}
}
BONE bn_thumb_R_01
{
	id 34
	visible	0
	scale_pivot	0 0 0
	rotate_pivot	0 0 0
	min_bound	0 0 0
	max_bound	0 0 0
	scale	1 1 1
	translate	3.80825 10.8073 -8.92638
	rotation_orient	0 0 0 1
	rotation	-0.640342 0.334891 0.256351 0.641945
	joint_orient	0 0 0 1
	bind_pose_matrix
		0.644264 -0.0997634 -0.758269 0
		-0.758017 0.0484912 -0.65043 0
		0.101658 0.993829 -0.0443813 0
		3.80825 10.8073 -8.92638 1
	rotation_order xyz
	inherits_transform 1
	shearing 0 0 0
	rotate_pivot_translate	0 0 0
	scale_pivot_translate	0 0 0
	translate_limit_x -INF +INF
	translate_limit_y -INF +INF
	translate_limit_z -INF +INF
	rotate_limit_x -INF +INF
	rotate_limit_y -INF +INF
	rotate_limit_z -INF +INF
	scale_limit_x -INF +INF
	scale_limit_y -INF +INF
	scale_limit_z -INF +INF
	parent 14
	child_joints 0
	INSTANCE_LIST
	{
	}
	EXTRA_ATTRIBUTES
	{
		wire_colour colour 0.054902 1 0.00784314
	}
}
BONE bn_weapon_01
{
	id 36
	visible	0
	scale_pivot	0 0 0
	rotate_pivot	0 0 0
	min_bound	0 0 0
	max_bound	0 0 0
	scale	1 1 1
	translate	12.7801 -20.3481 -4.95643
	rotation_orient	0 0 0 1
	rotation	-0.0962242 -0.176661 0.788666 0.58098
	joint_orient	0 0 0 1
	bind_pose_matrix
		-0.306407 0.950396 0.0534952 0
		-0.8824 -0.262507 -0.390461 0
		-0.35705 -0.166844 0.919064 0
		12.7801 -20.3481 -4.95643 1
	rotation_order xyz
	inherits_transform 1
	shearing 0 0 0
	rotate_pivot_translate	0 0 0
	scale_pivot_translate	0 0 0
	translate_limit_x -INF +INF
	translate_limit_y -INF +INF
	translate_limit_z -INF +INF
	rotate_limit_x -INF +INF
	rotate_limit_y -INF +INF
	rotate_limit_z -INF +INF
	scale_limit_x -INF +INF
	scale_limit_y -INF +INF
	scale_limit_z -INF +INF
	parent 14
	child_joints 0
	INSTANCE_LIST
	{
	}
	EXTRA_ATTRIBUTES
	{
		wire_colour colour 0.054902 1 0.00784314
	}
}
JOINT root_displacement
{
	id 38
	visible	0
	scale_pivot	0 0 0
	rotate_pivot	0 0 0
	min_bound	0 0 0
	max_bound	0 0 0
	scale	1 1 1
	translate	0 0 -0
	rotation_orient	0 0 0 1
	rotation	0 0 0 1
	joint_orient	0 0 0 1
	bind_pose_matrix
		1 0 0 0
		0 1 0 0
		0 0 1 0
		0 0 -0 1
	rotation_order xyz
	inherits_transform 1
	shearing 0 0 0
	rotate_pivot_translate	0 0 0
	scale_pivot_translate	0 0 0
	translate_limit_x -INF +INF
	translate_limit_y -INF +INF
	translate_limit_z -INF +INF
	rotate_limit_x -INF +INF
	rotate_limit_y -INF +INF
	rotate_limit_z -INF +INF
	scale_limit_x -INF +INF
	scale_limit_y -INF +INF
	scale_limit_z -INF +INF
	parent 0
	child_joints 0
	INSTANCE_LIST
	{
	}
	segment_scale_compensate 1
	EXTRA_ATTRIBUTES
	{
		wire_colour colour 0 0.87451 0.145098
	}
}
ANIMATION_TAKE skill_shot
{
	id 39
	start_time 0
	end_time 23
	fps 30
	current_time 0
	num_animated_nodes 38
	num_event_tracks 0
	ANIM_NODE 30
	{
		num_animated_attrs 3
		num_animated_attrs_user 0
		ATTR rotation
		{
			num_streams 1
			elements_per_sample 4
			POSE_KEY
			{
				0.703376 0.703366 0.0725905 0.0725886 
			}
		}
		ATTR scale
		{
			num_streams 1
			elements_per_sample 3
			POSE_KEY
			{
				1 1 1 
			}
		}
		ATTR translate
		{
			num_streams 1
			elements_per_sample 3
			POSE_KEY
			{
				9.78495 -3.69678e-005 3.94774 
			}
		}
	}
	ANIM_NODE 38
	{
		num_animated_attrs 3
		num_animated_attrs_user 0
		ATTR rotation
		{
			num_streams 1
			elements_per_sample 4
			POSE_KEY
			{
				0 0 0 1 
			}
		}
		ATTR scale
		{
			num_streams 1
			elements_per_sample 3
			POSE_KEY
			{
				1 1 1 
			}
		}
		ATTR translate
		{
			num_streams 1
			elements_per_sample 3
			POSE_KEY
			{
				0 0 -0 
			}
		}
	}
	ANIM_NODE 10
	{
		num_animated_attrs 3
		num_animated_attrs_user 0
		ATTR rotation
		{
			num_streams 1
			elements_per_sample 4
			SAMPLED_KEYS
			{

				0.275617 -0.0584068 0.0413303 0.958601 
				0.21629 -0.0124072 0.05578 0.974656 
				0.158883 0.0376947 0.0699023 0.984098 
				0.0939965 0.0795773 0.0835829 0.988861 
				0.012454 0.101117 0.0966348 0.990092 
				-0.181919 -0.0209076 0.105606 0.977403 
				-0.185239 -0.0626214 0.0694125 0.978237 
				-0.154081 -0.077618 0.0416539 0.984124 
				-0.139992 -0.0803632 0.0459561 0.985815 
				-0.125833 -0.0768968 0.0596199 0.987268 
				-0.11188 -0.0695493 0.076841 0.988302 
				-0.0984437 -0.0606853 0.0918266 0.989037 
				-0.0782581 -0.0501933 0.106416 0.989966 
				-0.0535796 -0.0370308 0.122502 0.990329 
				-0.0391226 -0.0222734 0.134528 0.989887 
				-0.0496191 -0.00706416 0.137048 0.989296 
				-0.107503 0.0140645 0.125908 0.9861 
				-0.197882 0.039571 0.103975 0.973892 
				-0.27993 0.0580229 0.0776048 0.955118 
				-0.315669 0.0588951 0.0548869 0.945448 
				-0.288187 0.0356731 0.0382384 0.956145 
				-0.219319 -0.00477831 0.0235253 0.975358 
				-0.132144 -0.0519816 0.00949495 0.989821 
				-0.0520948 -0.0953185 -0.00503631 0.99407 
			}
		}
		ATTR scale
		{
			num_streams 1
			elements_per_sample 3
			POSE_KEY
			{
				1 1 1 
			}
		}
		ATTR translate
		{
			num_streams 1
			elements_per_sample 3
			SAMPLED_KEYS
			{

				21.7733 -0.00685227 0.0108482 
				21.7745 -0.00542893 0.0116855 
				21.7758 -0.00393703 0.0122087 
				21.7767 -0.00219702 0.0125072 
				21.7771 -3.50728e-005 0.0126314 
				21.7735 0.00456994 0.012032 
				21.7726 0.00460539 0.0119115 
				21.7724 0.00386194 0.0121314 
				21.7723 0.00350195 0.0122276 
				21.7723 0.00312558 0.0123395 
				21.7725 0.00275533 0.0124527 
				21.7727 0.00241288 0.0125557 
				21.773 0.00190134 0.012678 
				21.7734 0.00129236 0.0127906 
				21.7738 0.000959193 0.012847 
				21.7741 0.00127565 0.0128344 
				21.7745 0.00281146 0.012597 
				21.775 0.00511084 0.0118485 
				21.7754 0.00704665 0.0107883 
				21.7755 0.00781452 0.0102344 
				21.7751 0.0071742 0.0107217 
				21.7743 0.00554499 0.0116552 
				21.7731 0.00339022 0.0123774 
				21.7721 0.00137558 0.0125927 
			}
		}
	}
	ANIM_NODE 2
	{
		num_animated_attrs 3
		num_animated_attrs_user 0
		ATTR rotation
		{
			num_streams 1
			elements_per_sample 4
			SAMPLED_KEYS
			{

				-0.426718 -0.131994 -0.146972 0.882547 
				-0.352623 -0.214215 -0.167808 0.895326 
				-0.308645 -0.304175 -0.190573 0.88085 
				-0.249064 -0.406829 -0.191368 0.857809 
				-0.105129 -0.521902 -0.155758 0.832049 
				0.537364 -0.295953 0.230235 0.755409 
				0.574274 -0.193565 0.299349 0.736975 
				0.575049 -0.189976 0.283093 0.743698 
				0.59494 -0.184074 0.280997 0.730208 
				0.614614 -0.191945 0.269718 0.716002 
				0.625181 -0.205979 0.253927 0.70869 
				0.620852 -0.216801 0.238837 0.714491 
				0.595085 -0.221788 0.222504 0.739714 
				0.552592 -0.224449 0.202241 0.776765 
				0.507027 -0.225136 0.182817 0.811675 
				0.473748 -0.226017 0.171773 0.83365 
				0.474308 -0.233401 0.183293 0.82883 
				0.501697 -0.249009 0.203599 0.803021 
				0.5233 -0.266965 0.206537 0.782451 
				0.495602 -0.283221 0.182309 0.80058 
				0.380337 -0.294356 0.1342 0.866423 
				0.188734 -0.291775 0.0753465 0.93465 
				-0.0418018 -0.267435 0.0174099 0.962511 
				-0.259911 -0.229792 -0.0274522 0.93749 
			}
		}
