|XMD_005A#0MAX#0005.0.4|
JOINT Bip001
{
	id 1
	visible	1
	scale_pivot	0 0 0
	rotate_pivot	0 0 0
	min_bound	0 0 0
	max_bound	0 0 0
	scale	1 1 1
	translate	-0.45456 107.132 26.8729
	rotation_orient	0 0 0 1
	rotation	-0.134649 -0.35248 0.0460067 0.924938
	joint_orient	0 0 0 1
	bind_pose_matrix
		0.747283 0.180029 0.639655 0
		0.00981579 0.959506 -0.281518 0
		-0.664434 0.216652 0.715255 0
		-0.45456 107.132 26.8729 1
	rotation_order xyz
	inherits_transform 1
	shearing 0 0 0
	rotate_pivot_translate	0 0 0
	scale_pivot_translate	0 0 0
	translate_limit_x -INF +INF
	translate_limit_y -INF +INF
	translate_limit_z -INF +INF
	rotate_limit_x -INF +INF
	rotate_limit_y -INF +INF
	rotate_limit_z -INF +INF
	scale_limit_x -INF +INF
	scale_limit_y -INF +INF
	scale_limit_z -INF +INF
	parent 0
	child_joints 1
		9 
	INSTANCE_LIST
	{
	}
	segment_scale_compensate 1
	EXTRA_ATTRIBUTES
	{
		wire_colour colour 1 0 0
	}
}
JOINT Bip001_Head
{
	id 2
	visible	1
	scale_pivot	0 0 0
	rotate_pivot	0 0 0
	min_bound	0 0 0
	max_bound	0 0 0
	scale	1 1 1
	translate	11.5934 4.97407e-07 9.83593e-07
	rotation_orient	0 0 0 1
	rotation	-0.247721 -0.221846 -0.0225163 0.942821
	joint_orient	0 0 0 1
	bind_pose_matrix
		0.900555 0.0674541 0.429477 0
		0.15237 0.876254 -0.457124 0
		-0.407166 0.477104 0.778837 0
		11.5934 4.97407e-07 9.83593e-07 1
	rotation_order xyz
	inherits_transform 1
	shearing 0 0 0
	rotate_pivot_translate	0 0 0
	scale_pivot_translate	0 0 0
	translate_limit_x -INF +INF
	translate_limit_y -INF +INF
	translate_limit_z -INF +INF
	rotate_limit_x -INF +INF
	rotate_limit_y -INF +INF
	rotate_limit_z -INF +INF
	scale_limit_x -INF +INF
	scale_limit_y -INF +INF
	scale_limit_z -INF +INF
	parent 4
	child_joints 1
		3 
	INSTANCE_LIST
	{
	}
	segment_scale_compensate 1
	EXTRA_ATTRIBUTES
	{
		original_name string "Bip001 Head"
		wire_colour colour 0.65098 0.792157 0.941176
	}
}
JOINT Bip001_Jaw
{
	id 3
	visible	1
	scale_pivot	0 0 0
	rotate_pivot	0 0 0
	min_bound	0 0 0
	max_bound	0 0 0
	scale	1 1 1
	translate	3.87303 -3.67684e-05 -2.50608
	rotation_orient	0 0 0 1
	rotation	2.82712e-10 0.793596 2.20832e-06 0.608445
	joint_orient	0 0 0 1
	bind_pose_matrix
		-0.259589 2.68773e-06 -0.965719 0
		-2.68683e-06 1 3.50537e-06 0
		0.965719 3.50468e-06 -0.259589 0
		3.87303 -3.67684e-05 -2.50608 1
	rotation_order xyz
	inherits_transform 1
	shearing 0 0 0
	rotate_pivot_translate	0 0 0
	scale_pivot_translate	0 0 0
	translate_limit_x -INF +INF
	translate_limit_y -INF +INF
	translate_limit_z -INF +INF
	rotate_limit_x -INF +INF
	rotate_limit_y -INF +INF
	rotate_limit_z -INF +INF
	scale_limit_x -INF +INF
	scale_limit_y -INF +INF
	scale_limit_z -INF +INF
	parent 2
	child_joints 3
		28 29 30 
	INSTANCE_LIST
	{
	}
	segment_scale_compensate 1
	EXTRA_ATTRIBUTES
	{
		original_name string "Bip001 Jaw"
		wire_colour colour 0.988235 0 0
	}
}
JOINT Bip001_L_Calf
{
	id 17
	visible	1
	scale_pivot	0 0 0
	rotate_pivot	0 0 0
	min_bound	0 0 0
	max_bound	0 0 0
	scale	1 1 1
	translate	42.8806 -1.48854e-06 1.49859e-06
	rotation_orient	0 0 0 1
	rotation	2.42756e-09 -0.346937 -4.38703e-09 0.937888
	joint_orient	0 0 0 1
	bind_pose_matrix
		0.759269 -9.91351e-09 0.650777 0
		6.54467e-09 1 7.5976e-09 0
		-0.650777 -1.5095e-09 0.759269 0
		42.8806 -1.48854e-06 1.49859e-06 1
	rotation_order xyz
	inherits_transform 1
	shearing 0 0 0
	rotate_pivot_translate	0 0 0
	scale_pivot_translate	0 0 0
	translate_limit_x -INF +INF
	translate_limit_y -INF +INF
	translate_limit_z -INF +INF
	rotate_limit_x -INF +INF
	rotate_limit_y -INF +INF
	rotate_limit_z -INF +INF
	scale_limit_x -INF +INF
	scale_limit_y -INF +INF
	scale_limit_z -INF +INF
	parent 18
	child_joints 1
		21 
	INSTANCE_LIST
	{
	}
	segment_scale_compensate 1
	EXTRA_ATTRIBUTES
	{
		original_name string "Bip001 L Calf"
		wire_colour colour 0.109804 0.109804 0.694118
	}
}
JOINT Bip001_L_Clavicle
{
	id 26
	visible	1
	scale_pivot	0 0 0
	rotate_pivot	0 0 0
	min_bound	0 0 0
	max_bound	0 0 0
	scale	1 1 1
	translate	23.2608 5.60499 11.8075
	rotation_orient	0 0 0 1
	rotation	0.608673 0.793229 -0.0136031 0.0109397
	joint_orient	0 0 0 1
	bind_pose_matrix
		-0.258795 0.965337 -0.033915 0
		0.965932 0.258663 -0.00826328 0
		0.000795726 -0.0348981 -0.999391 0
		23.2608 5.60499 11.8075 1
	rotation_order xyz
	inherits_transform 1
	shearing 0 0 0
	rotate_pivot_translate	0 0 0
	scale_pivot_translate	0 0 0
	translate_limit_x -INF +INF
	translate_limit_y -INF +INF
	translate_limit_z -INF +INF
	rotate_limit_x -INF +INF
	rotate_limit_y -INF +INF
	rotate_limit_z -INF +INF
	scale_limit_x -INF +INF
	scale_limit_y -INF +INF
	scale_limit_z -INF +INF
	parent 11
	child_joints 2
		23 32 
	INSTANCE_LIST
	{
	}
	segment_scale_compensate 1
	EXTRA_ATTRIBUTES
	{
		original_name string "Bip001 L Clavicle"
		wire_colour colour 0.109804 0.109804 0.694118
	}
}
JOINT Bip001_L_Foot
{
	id 21
	visible	1
	scale_pivot	0 0 0
	rotate_pivot	0 0 0
	min_bound	0 0 0
	max_bound	0 0 0
	scale	1 1 1
	translate	55.3239 -1.45462e-06 -9.02257e-07
	rotation_orient	0 0 0 1
	rotation	0.109318 0.124481 0.20359 0.964938
	joint_orient	0 0 0 1
	bind_pose_matrix
		0.886111 0.420119 -0.19572 0
		-0.365687 0.893201 0.261656 0
		0.284744 -0.160284 0.945108 0
		55.3239 -1.45462e-06 -9.02257e-07 1
	rotation_order xyz
	inherits_transform 1
	shearing 0 0 0
	rotate_pivot_translate	0 0 0
	scale_pivot_translate	0 0 0
	translate_limit_x -INF +INF
	translate_limit_y -INF +INF
	translate_limit_z -INF +INF
	rotate_limit_x -INF +INF
	rotate_limit_y -INF +INF
	rotate_limit_z -INF +INF
	scale_limit_x -INF +INF
	scale_limit_y -INF +INF
	scale_limit_z -INF +INF
	parent 17
	child_joints 1
		19 
	INSTANCE_LIST
	{
	}
	segment_scale_compensate 1
	EXTRA_ATTRIBUTES
	{
		original_name string "Bip001 L Foot"
		wire_colour colour 0.109804 0.109804 0.694118
	}
}
JOINT Bip001_L_Forearm
{
	id 27
	visible	1
	scale_pivot	0 0 0
	rotate_pivot	0 0 0
	min_bound	0 0 0
	max_bound	0 0 0
	scale	1 1 1
	translate	50.8825 -2.39576e-06 4.09292e-07
	rotation_orient	0 0 0 1
	rotation	-1.06518e-08 -0.221083 -5.60297e-08 0.975255
	joint_orient	0 0 0 1
	bind_pose_matrix
		0.902245 -1.04577e-07 0.431224 0
		1.13996e-07 1 3.99799e-09 0
		-0.431224 4.55508e-08 0.902245 0
		50.8825 -2.39576e-06 4.09292e-07 1
	rotation_order xyz
	inherits_transform 1
	shearing 0 0 0
	rotate_pivot_translate	0 0 0
	scale_pivot_translate	0 0 0
	translate_limit_x -INF +INF
	translate_limit_y -INF +INF
	translate_limit_z -INF +INF
	rotate_limit_x -INF +INF
	rotate_limit_y -INF +INF
	rotate_limit_z -INF +INF
	scale_limit_x -INF +INF
	scale_limit_y -INF +INF
	scale_limit_z -INF +INF
	parent 23
	child_joints 1
		24 
	INSTANCE_LIST
	{
	}
	segment_scale_compensate 1
	EXTRA_ATTRIBUTES
	{
		original_name string "Bip001 L Forearm"
		wire_colour colour 0.109804 0.109804 0.694118
	}
}
JOINT Bip001_L_Hand
{
	id 24
	visible	1
	scale_pivot	0 0 0
	rotate_pivot	0 0 0
	min_bound	0 0 0
	max_bound	0 0 0
	scale	1 1 1
	translate	42.1284 2.54455e-06 -1.70165e-06
	rotation_orient	0 0 0 1
	rotation	0.873878 -0.153523 0.116872 -0.446216
	joint_orient	0 0 0 1
	bind_pose_matrix
		0.925543 -0.372621 0.0672549 0
		-0.16402 -0.554644 -0.815762 0
		0.341272 0.743992 -0.574465 0
		42.1284 2.54455e-06 -1.70165e-06 1
	rotation_order xyz
	inherits_transform 1
	shearing 0 0 0
	rotate_pivot_translate	0 0 0
	scale_pivot_translate	0 0 0
	translate_limit_x -INF +INF
	translate_limit_y -INF +INF
	translate_limit_z -INF +INF
	rotate_limit_x -INF +INF
	rotate_limit_y -INF +INF
	rotate_limit_z -INF +INF
	scale_limit_x -INF +INF
	scale_limit_y -INF +INF
	scale_limit_z -INF +INF
	parent 27
	child_joints 2
		33 37 
	INSTANCE_LIST
	{
	}
	segment_scale_compensate 1
	EXTRA_ATTRIBUTES
	{
		original_name string "Bip001 L Hand"
		wire_colour colour 0.109804 0.109804 0.694118
	}
}
JOINT Bip001_L_Thigh
{
	id 18
	visible	1
	scale_pivot	0 0 0
	rotate_pivot	0 0 0
	min_bound	0 0 0
	max_bound	0 0 0
	scale	1 1 1
	translate	-2.39883e-05 16.5157 -2.58878e-05
	rotation_orient	0 0 0 1
	rotation	0.114419 0.122935 -0.912616 -0.372729
	joint_orient	0 0 0 1
	bind_pose_matrix
		-0.695963 0.708449 -0.117199 0
		-0.652185 -0.691921 -0.309679 0
		-0.300484 -0.13909 0.943591 0
		-2.39883e-05 16.5157 -2.58878e-05 1
	rotation_order xyz
	inherits_transform 1
	shearing 0 0 0
	rotate_pivot_translate	0 0 0
	scale_pivot_translate	0 0 0
	translate_limit_x -INF +INF
	translate_limit_y -INF +INF
	translate_limit_z -INF +INF
	rotate_limit_x -INF +INF
	rotate_limit_y -INF +INF
	rotate_limit_z -INF +INF
	scale_limit_x -INF +INF
	scale_limit_y -INF +INF
	scale_limit_z -INF +INF
	parent 9
	child_joints 1
		17 
	INSTANCE_LIST
	{
	}
	segment_scale_compensate 1
	EXTRA_ATTRIBUTES
	{
		original_name string "Bip001 L Thigh"
		wire_colour colour 0.109804 0.109804 0.694118
	}
}
JOINT Bip001_L_Toe0
{
	id 19
	visible	1
	scale_pivot	0 0 0
	rotate_pivot	0 0 0
	min_bound	0 0 0
	max_bound	0 0 0
	scale	1 1 1
	translate	18.3219 -1.09162e-06 -21.8944
	rotation_orient	0 0 0 1
	rotation	-7.99083e-10 0.707107 -1.12489e-07 0.707106
	joint_orient	0 0 0 1
	bind_pose_matrix
		-1.3113e-06 -1.60214e-07 -1 0
		1.57954e-07 1 -1.60214e-07 0
		1 -1.57954e-07 -1.3113e-06 0
		18.3219 -1.09162e-06 -21.8944 1
	rotation_order xyz
	inherits_transform 1
	shearing 0 0 0
	rotate_pivot_translate	0 0 0
	scale_pivot_translate	0 0 0
	translate_limit_x -INF +INF
	translate_limit_y -INF +INF
	translate_limit_z -INF +INF
	rotate_limit_x -INF +INF
	rotate_limit_y -INF +INF
	rotate_limit_z -INF +INF
	scale_limit_x -INF +INF
	scale_limit_y -INF +INF
	scale_limit_z -INF +INF
	parent 21
	child_joints 0
	INSTANCE_LIST
	{
	}
	segment_scale_compensate 1
	EXTRA_ATTRIBUTES
	{
		original_name string "Bip001 L Toe0"
		wire_colour colour 0.423529 0.0313726 0.533333
	}
}
JOINT Bip001_L_UpperArm
{
	id 23
	visible	1
	scale_pivot	0 0 0
	rotate_pivot	0 0 0
	min_bound	0 0 0
	max_bound	0 0 0
	scale	1 1 1
	translate	22.4233 -6.49631e-06 1.26993e-06
	rotation_orient	0 0 0 1
	rotation	0.349904 -0.095157 -0.248434 0.898216
	joint_orient	0 0 0 1
	bind_pose_matrix
		0.858451 -0.512887 -0.00291301 0
		0.379704 0.631695 0.67586 0
		-0.344799 -0.581298 0.737025 0
		22.4233 -6.49631e-06 1.26993e-06 1
	rotation_order xyz
	inherits_transform 1
	shearing 0 0 0
	rotate_pivot_translate	0 0 0
	scale_pivot_translate	0 0 0
	translate_limit_x -INF +INF
	translate_limit_y -INF +INF
	translate_limit_z -INF +INF
	rotate_limit_x -INF +INF
	rotate_limit_y -INF +INF
	rotate_limit_z -INF +INF
	scale_limit_x -INF +INF
	scale_limit_y -INF +INF
	scale_limit_z -INF +INF
	parent 26
	child_joints 1
		27 
	INSTANCE_LIST
	{
	}
	segment_scale_compensate 1
	EXTRA_ATTRIBUTES
	{
		original_name string "Bip001 L UpperArm"
		wire_colour colour 0.109804 0.109804 0.694118
	}
}
JOINT Bip001_Neck
{
	id 4
	visible	1
	scale_pivot	0 0 0
	rotate_pivot	0 0 0
	min_bound	0 0 0
	max_bound	0 0 0
	scale	1 1 1
	translate	32.8698 -2.02122e-06 9.33883
	rotation_orient	0 0 0 1
	rotation	1.57314e-08 0.314404 8.63089e-07 0.949289
	joint_orient	0 0 0 1
	bind_pose_matrix
		0.8023 1.64853e-06 -0.59692 0
		-1.62875e-06 1 5.72584e-07 0
		0.59692 5.1285e-07 0.8023 0
		32.8698 -2.02122e-06 9.33883 1
	rotation_order xyz
	inherits_transform 1
	shearing 0 0 0
	rotate_pivot_translate	0 0 0
	scale_pivot_translate	0 0 0
	translate_limit_x -INF +INF
	translate_limit_y -INF +INF
	translate_limit_z -INF +INF
	rotate_limit_x -INF +INF
	rotate_limit_y -INF +INF
	rotate_limit_z -INF +INF
	scale_limit_x -INF +INF
	scale_limit_y -INF +INF
	scale_limit_z -INF +INF
	parent 11
	child_joints 1
		2 
	INSTANCE_LIST
	{
	}
	segment_scale_compensate 1
	EXTRA_ATTRIBUTES
	{
		original_name string "Bip001 Neck"
		wire_colour colour 0.0313726 0.431373 0.52549
	}
}
JOINT Bip001_Pelvis
{
	id 9
	visible	1
	scale_pivot	0 0 0
	rotate_pivot	0 0 0
	min_bound	0 0 0
	max_bound	0 0 0
	scale	1 1 1
	translate	-5.67983 3.47444e-07 -4.32737
	rotation_orient	0 0 0 1
	rotation	-0.499999 -0.5 0.5 0.500001
	joint_orient	0 0 0 1
	bind_pose_matrix
		-2.38419e-07 1 1.3411e-06 0
		-1.3411e-06 1.13249e-06 -1 0
		-1 -5.96046e-08 1.13249e-06 0
		-5.67983 3.47444e-07 -4.32737 1
	rotation_order xyz
	inherits_transform 1
	shearing 0 0 0
	rotate_pivot_translate	0 0 0
	scale_pivot_translate	0 0 0
	translate_limit_x -INF +INF
	translate_limit_y -INF +INF
	translate_limit_z -INF +INF
	rotate_limit_x -INF +INF
	rotate_limit_y -INF +INF
	rotate_limit_z -INF +INF
	scale_limit_x -INF +INF
	scale_limit_y -INF +INF
	scale_limit_z -INF +INF
	parent 1
	child_joints 4
		6 10 16 18 
	INSTANCE_LIST
	{
	}
	segment_scale_compensate 1
	EXTRA_ATTRIBUTES
	{
		original_name string "Bip001 Pelvis"
		wire_colour colour 0.878431 0.776471 0.341176
	}
}
JOINT Bip001_R_Calf
{
	id 20
	visible	1
	scale_pivot	0 0 0
	rotate_pivot	0 0 0
	min_bound	0 0 0
	max_bound	0 0 0
	scale	1 1 1
	translate	42.8806 -3.56004e-06 9.49371e-07
	rotation_orient	0 0 0 1
	rotation	-1.84805e-08 -0.260749 -1.16015e-08 0.965407
	joint_orient	0 0 0 1
	bind_pose_matrix
		0.86402 -1.27629e-08 0.503457 0
		3.2038e-08 1 -2.96323e-08 0
		-0.503457 4.17326e-08 0.86402 0
		42.8806 -3.56004e-06 9.49371e-07 1
	rotation_order xyz
	inherits_transform 1
	shearing 0 0 0
	rotate_pivot_translate	0 0 0
	scale_pivot_translate	0 0 0
	translate_limit_x -INF +INF
	translate_limit_y -INF +INF
	translate_limit_z -INF +INF
	rotate_limit_x -INF +INF
	rotate_limit_y -INF +INF
	rotate_limit_z -INF +INF
	scale_limit_x -INF +INF
	scale_limit_y -INF +INF
	scale_limit_z -INF +INF
	parent 16
	child_joints 1
		13 
	INSTANCE_LIST
	{
	}
	segment_scale_compensate 1
	EXTRA_ATTRIBUTES
	{
		original_name string "Bip001 R Calf"
		wire_colour colour 0.0235294 0.52549 0.0235294
	}
}
JOINT Bip001_R_Clavicle
{
	id 25
	visible	1
	scale_pivot	0 0 0
	rotate_pivot	0 0 0
	min_bound	0 0 0
	max_bound	0 0 0
	scale	1 1 1
	translate	23.2608 -5.60505 11.8074
	rotation_orient	0 0 0 1
	rotation	0.774092 -0.630459 -0.0359847 -0.0448101
	joint_orient	0 0 0 1
	bind_pose_matrix
		0.202452 -0.972842 -0.112213 0
		-0.979292 -0.201027 -0.0240006 0
		0.000791054 0.114748 -0.993395 0
		23.2608 -5.60505 11.8074 1
	rotation_order xyz
	inherits_transform 1
	shearing 0 0 0
	rotate_pivot_translate	0 0 0
	scale_pivot_translate	0 0 0
	translate_limit_x -INF +INF
	translate_limit_y -INF +INF
	translate_limit_z -INF +INF
	rotate_limit_x -INF +INF
	rotate_limit_y -INF +INF
	rotate_limit_z -INF +INF
	scale_limit_x -INF +INF
	scale_limit_y -INF +INF
	scale_limit_z -INF +INF
	parent 11
	child_joints 2
		15 31 
	INSTANCE_LIST
	{
	}
	segment_scale_compensate 1
	EXTRA_ATTRIBUTES
	{
		original_name string "Bip001 R Clavicle"
		wire_colour colour 0.0235294 0.52549 0.0235294
	}
}
JOINT Bip001_R_Foot
{
	id 13
	visible	1
	scale_pivot	0 0 0
	rotate_pivot	0 0 0
	min_bound	0 0 0
	max_bound	0 0 0
	scale	1 1 1
	translate	55.3239 -9.4226e-07 3.68199e-08
	rotation_orient	0 0 0 1
	rotation	-0.0667194 0.1479 -0.140977 0.976627
	joint_orient	0 0 0 1
	bind_pose_matrix
		0.916502 -0.295099 -0.270074 0
		0.255628 0.951348 -0.172021 0
		0.307698 0.088619 0.947348 0
		55.3239 -9.4226e-07 3.68199e-08 1
	rotation_order xyz
	inherits_transform 1
	shearing 0 0 0
	rotate_pivot_translate	0 0 0
	scale_pivot_translate	0 0 0
	translate_limit_x -INF +INF
	translate_limit_y -INF +INF
	translate_limit_z -INF +INF
	rotate_limit_x -INF +INF
	rotate_limit_y -INF +INF
	rotate_limit_z -INF +INF
	scale_limit_x -INF +INF
	scale_limit_y -INF +INF
	scale_limit_z -INF +INF
	parent 20
	child_joints 1
		12 
	INSTANCE_LIST
	{
	}
	segment_scale_compensate 1
	EXTRA_ATTRIBUTES
	{
		original_name string "Bip001 R Foot"
		wire_colour colour 0.0235294 0.52549 0.0235294
	}
}
JOINT Bip001_R_Forearm
{
	id 22
	visible	1
	scale_pivot	0 0 0
	rotate_pivot	0 0 0
	min_bound	0 0 0
	max_bound	0 0 0
	scale	1 1 1
	translate	50.8825 2.20452e-06 3.46511e-07
	rotation_orient	0 0 0 1
	rotation	2.80782e-08 -0.610279 1.53934e-08 0.792187
	joint_orient	0 0 0 1
	bind_pose_matrix
		0.25512 -9.88212e-09 0.966909 0
		-5.866e-08 1 2.56978e-08 0
		-0.966909 -6.3275e-08 0.25512 0
		50.8825 2.20452e-06 3.46511e-07 1
	rotation_order xyz
	inherits_transform 1
	shearing 0 0 0
	rotate_pivot_translate	0 0 0
	scale_pivot_translate	0 0 0
	translate_limit_x -INF +INF
	translate_limit_y -INF +INF
	translate_limit_z -INF +INF
	rotate_limit_x -INF +INF
	rotate_limit_y -INF +INF
	rotate_limit_z -INF +INF
	scale_limit_x -INF +INF
	scale_limit_y -INF +INF
	scale_limit_z -INF +INF
	parent 15
	child_joints 1
		14 
	INSTANCE_LIST
	{
	}
	segment_scale_compensate 1
	EXTRA_ATTRIBUTES
	{
		original_name string "Bip001 R Forearm"
		wire_colour colour 0.0235294 0.52549 0.0235294
	}
}
JOINT Bip001_R_Hand
{
	id 14
	visible	1
	scale_pivot	0 0 0
	rotate_pivot	0 0 0
	min_bound	0 0 0
	max_bound	0 0 0
	scale	1 1 1
	translate	42.1284 -7.90108e-06 2.70294e-06
	rotation_orient	0 0 0 1
	rotation	0.820546 -0.0904086 0.20105 0.52736
	joint_orient	0 0 0 1
	bind_pose_matrix
		0.902811 0.0636824 0.425297 0
		-0.36042 -0.427435 0.829094 0
		0.234586 -0.9018 -0.36294 0
		42.1284 -7.90108e-06 2.70294e-06 1
	rotation_order xyz
	inherits_transform 1
	shearing 0 0 0
	rotate_pivot_translate	0 0 0
	scale_pivot_translate	0 0 0
	translate_limit_x -INF +INF
	translate_limit_y -INF +INF
	translate_limit_z -INF +INF
	rotate_limit_x -INF +INF
	rotate_limit_y -INF +INF
	rotate_limit_z -INF +INF
	scale_limit_x -INF +INF
	scale_limit_y -INF +INF
	scale_limit_z -INF +INF
	parent 22
	child_joints 3
		34 35 36 
	INSTANCE_LIST
	{
	}
	segment_scale_compensate 1
	EXTRA_ATTRIBUTES
	{
		original_name string "Bip001 R Hand"
		wire_colour colour 0.0235294 0.52549 0.0235294
	}
}
JOINT Bip001_R_Thigh
{
	id 16
	visible	1
	scale_pivot	0 0 0
	rotate_pivot	0 0 0
	min_bound	0 0 0
	max_bound	0 0 0
	scale	1 1 1
	translate	2.15721e-05 -16.5157 2.03976e-05
	rotation_orient	0 0 0 1
	rotation	-0.0685792 -0.340327 -0.931056 0.112288
	joint_orient	0 0 0 1
	bind_pose_matrix
		-0.965377 -0.162413 0.204131 0
		0.255771 -0.743139 0.618326 0
		0.0512733 0.649128 0.758949 0
		2.15721e-05 -16.5157 2.03976e-05 1
	rotation_order xyz
	inherits_transform 1
	shearing 0 0 0
	rotate_pivot_translate	0 0 0
	scale_pivot_translate	0 0 0
	translate_limit_x -INF +INF
	translate_limit_y -INF +INF
	translate_limit_z -INF +INF
	rotate_limit_x -INF +INF
	rotate_limit_y -INF +INF
	rotate_limit_z -INF +INF
	scale_limit_x -INF +INF
	scale_limit_y -INF +INF
	scale_limit_z -INF +INF
	parent 9
	child_joints 1
		20 
	INSTANCE_LIST
	{
	}
	segment_scale_compensate 1
	EXTRA_ATTRIBUTES
	{
		original_name string "Bip001 R Thigh"
		wire_colour colour 0.0235294 0.52549 0.0235294
	}
}
JOINT Bip001_R_Toe0
{
	id 12
	visible	1
	scale_pivot	0 0 0
	rotate_pivot	0 0 0
	min_bound	0 0 0
	max_bound	0 0 0
	scale	1 1 1
	translate	18.3219 1.19763e-06 -21.8944
	rotation_orient	0 0 0 1
	rotation	-8.94352e-07 0.707107 -4.08281e-07 0.707107
	joint_orient	0 0 0 1
	bind_pose_matrix
		3.57628e-07 -1.8422e-06 -1 0
		-6.87408e-07 1 -1.8422e-06 0
		1 6.87409e-07 3.57628e-07 0
		18.3219 1.19763e-06 -21.8944 1
	rotation_order xyz
	inherits_transform 1
	shearing 0 0 0
	rotate_pivot_translate	0 0 0
	scale_pivot_translate	0 0 0
	translate_limit_x -INF +INF
	translate_limit_y -INF +INF
	translate_limit_z -INF +INF
	rotate_limit_x -INF +INF
	rotate_limit_y -INF +INF
	rotate_limit_z -INF +INF
	scale_limit_x -INF +INF
	scale_limit_y -INF +INF
	scale_limit_z -INF +INF
	parent 13
	child_joints 0
	INSTANCE_LIST
	{
	}
	segment_scale_compensate 1
	EXTRA_ATTRIBUTES
	{
		original_name string "Bip001 R Toe0"
		wire_colour colour 0.443137 0.52549 0.0235294
	}
}
JOINT Bip001_R_UpperArm
{
	id 15
	visible	1
	scale_pivot	0 0 0
	rotate_pivot	0 0 0
	min_bound	0 0 0
	max_bound	0 0 0
	scale	1 1 1
	translate	22.4233 -6.78406e-06 -1.15853e-06
	rotation_orient	0 0 0 1
	rotation	0.507451 0.309319 0.257072 0.762056
	joint_orient	0 0 0 1
	bind_pose_matrix
		0.676471 0.705735 -0.210534 0
		-0.077877 0.352814 0.932447 0
		0.73234 -0.614378 0.293629 0
		22.4233 -6.78406e-06 -1.15853e-06 1
	rotation_order xyz
	inherits_transform 1
	shearing 0 0 0
	rotate_pivot_translate	0 0 0
	scale_pivot_translate	0 0 0
	translate_limit_x -INF +INF
	translate_limit_y -INF +INF
	translate_limit_z -INF +INF
	rotate_limit_x -INF +INF
	rotate_limit_y -INF +INF
	rotate_limit_z -INF +INF
	scale_limit_x -INF +INF
	scale_limit_y -INF +INF
	scale_limit_z -INF +INF
	parent 25
	child_joints 1
		22 
	INSTANCE_LIST
	{
	}
	segment_scale_compensate 1
	EXTRA_ATTRIBUTES
	{
		original_name string "Bip001 R UpperArm"
		wire_colour colour 0.0235294 0.52549 0.0235294
	}
}
JOINT Bip001_Spine
{
	id 10
	visible	1
	scale_pivot	0 0 0
	rotate_pivot	0 0 0
	min_bound	0 0 0
	max_bound	0 0 0
	scale	1 1 1
	translate	21.7745 0.00135026 0.0128298
	rotation_orient	0 0 0 1
	rotation	-0.0513729 0.000397573 -0.010006 0.998629
	joint_orient	0 0 0 1
	bind_pose_matrix
		0.999799 -0.0200255 0.000234023 0
		0.0199438 0.994521 -0.102613 0
		0.00182214 0.102597 0.994721 0
		21.7745 0.00135026 0.0128298 1
	rotation_order xyz
	inherits_transform 1
	shearing 0 0 0
	rotate_pivot_translate	0 0 0
	scale_pivot_translate	0 0 0
	translate_limit_x -INF +INF
	translate_limit_y -INF +INF
	translate_limit_z -INF +INF
	rotate_limit_x -INF +INF
	rotate_limit_y -INF +INF
	rotate_limit_z -INF +INF
	scale_limit_x -INF +INF
	scale_limit_y -INF +INF
	scale_limit_z -INF +INF
	parent 9
	child_joints 1
		11 
	INSTANCE_LIST
	{
	}
	segment_scale_compensate 1
	EXTRA_ATTRIBUTES
	{
		original_name string "Bip001 Spine"
		wire_colour colour 0.0313726 0.431373 0.52549
	}
}
JOINT Bip001_Spine1
{
	id 11
	visible	1
	scale_pivot	0 0 0
	rotate_pivot	0 0 0
	min_bound	0 0 0
	max_bound	0 0 0
	scale	1 1 1
	translate	16.2091 0.00104229 0.0238871
	rotation_orient	0 0 0 1
	rotation	-0.0300127 0.141626 -0.0616369 0.987544
	joint_orient	0 0 0 1
	bind_pose_matrix
		0.952286 -0.130239 -0.276024 0
		0.113237 0.9906 -0.0767365 0
		0.283423 0.0418189 0.958083 0
		16.2091 0.00104229 0.0238871 1
	rotation_order xyz
	inherits_transform 1
	shearing 0 0 0
	rotate_pivot_translate	0 0 0
	scale_pivot_translate	0 0 0
	translate_limit_x -INF +INF
	translate_limit_y -INF +INF
	translate_limit_z -INF +INF
	rotate_limit_x -INF +INF
	rotate_limit_y -INF +INF
	rotate_limit_z -INF +INF
	scale_limit_x -INF +INF
	scale_limit_y -INF +INF
	scale_limit_z -INF +INF
	parent 10
	child_joints 3
		4 25 26 
	INSTANCE_LIST
	{
	}
	segment_scale_compensate 1
	EXTRA_ATTRIBUTES
	{
		original_name string "Bip001 Spine1"
		wire_colour colour 0.0313726 0.431373 0.52549
	}
}
JOINT be_F_tabard_01
{
	id 7
	visible	0
	scale_pivot	0 0 0
	rotate_pivot	0 0 0
	min_bound	0 0 0
	max_bound	0 0 0
	scale	1 1 1
	translate	24.8568 -2.69806e-08 2.07167e-05
	rotation_orient	0 0 0 1
	rotation	5.58146e-07 9.63511e-09 0.0206198 0.999787
	joint_orient	0 0 0 1
	bind_pose_matrix
		0.99915 0.0412307 3.75154e-09 0
		-0.0412307 0.99915 1.11645e-06 0
		4.22838e-08 -1.11566e-06 1 0
		24.8568 -2.69806e-08 2.07167e-05 1
	rotation_order xyz
	inherits_transform 1
	shearing 0 0 0
	rotate_pivot_translate	0 0 0
	scale_pivot_translate	0 0 0
	translate_limit_x -INF +INF
	translate_limit_y -INF +INF
	translate_limit_z -INF +INF
	rotate_limit_x -INF +INF
	rotate_limit_y -INF +INF
	rotate_limit_z -INF +INF
	scale_limit_x -INF +INF
	scale_limit_y -INF +INF
	scale_limit_z -INF +INF
	parent 5
	child_joints 0
	INSTANCE_LIST
	{
	}
	segment_scale_compensate 1
	EXTRA_ATTRIBUTES
	{
		wire_colour colour 0.682353 0.729412 0.796078
	}
}
JOINT bn_F_tabard_01
{
	id 6
	visible	0
	scale_pivot	0 0 0
	rotate_pivot	0 0 0
	min_bound	0 0 0
	max_bound	0 0 0
	scale	1 1 1
	translate	12.9496 -2.60489e-05 -19.7355
	rotation_orient	0 0 0 1
	rotation	0.0940884 0.706212 -0.700801 0.0359213
	joint_orient	0 0 0 1
	bind_pose_matrix
		-0.979714 0.0825452 -0.182611 0
		0.18324 5.01275e-05 -0.983068 0
		-0.0811384 -0.996587 -0.0151747 0
		12.9496 -2.60489e-05 -19.7355 1
	rotation_order xyz
	inherits_transform 1
	shearing 0 0 0
	rotate_pivot_translate	0 0 0
	scale_pivot_translate	0 0 0
	translate_limit_x -INF +INF
	translate_limit_y -INF +INF
	translate_limit_z -INF +INF
	rotate_limit_x -INF +INF
	rotate_limit_y -INF +INF
	rotate_limit_z -INF +INF
	scale_limit_x -INF +INF
	scale_limit_y -INF +INF
	scale_limit_z -INF +INF
	parent 9
	child_joints 1
		8 
	INSTANCE_LIST
	{
	}
	segment_scale_compensate 1
	EXTRA_ATTRIBUTES
	{
		wire_colour colour 0.682353 0.729412 0.796078
	}
}
JOINT bn_F_tabard_02
{
	id 8
	visible	0
	scale_pivot	0 0 0
	rotate_pivot	0 0 0
	min_bound	0 0 0
	max_bound	0 0 0
	scale	1 1 1
	translate	19.4102 -4.67941e-06 -4.89709e-06
	rotation_orient	0 0 0 1
	rotation	0.00344065 0.0365399 -0.0789376 0.996204
	joint_orient	0 0 0 1
	bind_pose_matrix
		0.984867 -0.157024 -0.0733455 0
		0.157527 0.987514 0.00108644 0
		0.0722591 -0.0126239 0.997306 0
		19.4102 -4.67941e-06 -4.89709e-06 1
	rotation_order xyz
	inherits_transform 1
	shearing 0 0 0
	rotate_pivot_translate	0 0 0
	scale_pivot_translate	0 0 0
	translate_limit_x -INF +INF
	translate_limit_y -INF +INF
	translate_limit_z -INF +INF
	rotate_limit_x -INF +INF
	rotate_limit_y -INF +INF
	rotate_limit_z -INF +INF
	scale_limit_x -INF +INF
	scale_limit_y -INF +INF
	scale_limit_z -INF +INF
	parent 6
	child_joints 1
		5 
	INSTANCE_LIST
	{
	}
	segment_scale_compensate 1
	EXTRA_ATTRIBUTES
	{
		wire_colour colour 0.682353 0.729412 0.796078
	}
}
JOINT bn_F_tabard_03
{
	id 5
	visible	0
	scale_pivot	0 0 0
	rotate_pivot	0 0 0
	min_bound	0 0 0
	max_bound	0 0 0
	scale	1 1 1
	translate	22.1778 -1.71067e-05 -7.63563e-06
	rotation_orient	0 0 0 1
	rotation	0.00149451 0.0329786 -0.0351623 0.998836
	joint_orient	0 0 0 1
	bind_pose_matrix
		0.995352 -0.0701441 -0.0659856 0
		0.0703412 0.997523 0.000666327 0
		0.0657754 -0.00530474 0.99782 0
		22.1778 -1.71067e-05 -7.63563e-06 1
	rotation_order xyz
	inherits_transform 1
	shearing 0 0 0
	rotate_pivot_translate	0 0 0
	scale_pivot_translate	0 0 0
	translate_limit_x -INF +INF
	translate_limit_y -INF +INF
	translate_limit_z -INF +INF
	rotate_limit_x -INF +INF
	rotate_limit_y -INF +INF
	rotate_limit_z -INF +INF
	scale_limit_x -INF +INF
	scale_limit_y -INF +INF
	scale_limit_z -INF +INF
	parent 8
	child_joints 1
		7 
	INSTANCE_LIST
	{
	}
	segment_scale_compensate 1
	EXTRA_ATTRIBUTES
	{
		wire_colour colour 0.682353 0.729412 0.796078
	}
}
BONE bn_fingers_L_01
{
	id 37
	visible	0
	scale_pivot	0 0 0
	rotate_pivot	0 0 0
	min_bound	0 0 0
	max_bound	0 0 0
	scale	1 1 1
	translate	24.2948 -2.43627 -4.53717
	rotation_orient	0 0 0 1
	rotation	-0.0338191 0.513784 0.0610105 0.855079
	joint_orient	0 0 0 1
	bind_pose_matrix
		0.464608 0.0695863 -0.882778 0
		-0.139089 0.990268 0.00485646 0
		0.874525 0.120528 0.469765 0
		24.2948 -2.43627 -4.53717 1
	rotation_order xyz
	inherits_transform 1
	shearing 0 0 0
	rotate_pivot_translate	0 0 0
	scale_pivot_translate	0 0 0
	translate_limit_x -INF +INF
	translate_limit_y -INF +INF
	translate_limit_z -INF +INF
	rotate_limit_x -INF +INF
	rotate_limit_y -INF +INF
	rotate_limit_z -INF +INF
	scale_limit_x -INF +INF
	scale_limit_y -INF +INF
	scale_limit_z -INF +INF
	parent 24
	child_joints 0
	INSTANCE_LIST
	{
	}
	EXTRA_ATTRIBUTES
	{
		wire_colour colour 0.054902 1 0.00784314
	}
}
BONE bn_fingers_R_01
{
	id 35
	visible	0
	scale_pivot	0 0 0
	rotate_pivot	0 0 0
	min_bound	0 0 0
	max_bound	0 0 0
	scale	1 1 1
	translate	25.1662 2.89668 -4.50303
	rotation_orient	0 0 0 1
	rotation	-0.0541641 0.701832 0.142021 0.695937
	joint_orient	0 0 0 1
	bind_pose_matrix
		-0.0254763 0.121648 -0.992246 0
		-0.273704 0.953792 0.123961 0
		0.961477 0.27474 0.00899637 0
		25.1662 2.89668 -4.50303 1
	rotation_order xyz
	inherits_transform 1
	shearing 0 0 0
	rotate_pivot_translate	0 0 0
	scale_pivot_translate	0 0 0
	translate_limit_x -INF +INF
	translate_limit_y -INF +INF
	translate_limit_z -INF +INF
	rotate_limit_x -INF +INF
	rotate_limit_y -INF +INF
	rotate_limit_z -INF +INF
	scale_limit_x -INF +INF
	scale_limit_y -INF +INF
	scale_limit_z -INF +INF
	parent 14
	child_joints 0
	INSTANCE_LIST
	{
	}
	EXTRA_ATTRIBUTES
	{
		wire_colour colour 0.054902 1 0.00784314
	}
}
BONE bn_mouth_01
{
	id 30
	visible	0
	scale_pivot	0 0 0
	rotate_pivot	0 0 0
	min_bound	0 0 0
	max_bound	0 0 0
	scale	1 1 1
	translate	9.78495 -3.25283e-05 3.94772
	rotation_orient	0 0 0 1
	rotation	0.703376 0.703366 0.0725903 0.072589
	joint_orient	0 0 0 1
	bind_pose_matrix
		1.28746e-05 1 3.26336e-06 0
		0.978924 -1.35899e-05 0.20423 0
		0.20423 5.28991e-07 -0.978923 0
		9.78495 -3.25283e-05 3.94772 1
	rotation_order xyz
	inherits_transform 1
	shearing 0 0 0
	rotate_pivot_translate	0 0 0
	scale_pivot_translate	0 0 0
	translate_limit_x -INF +INF
	translate_limit_y -INF +INF
	translate_limit_z -INF +INF
	rotate_limit_x -INF +INF
	rotate_limit_y -INF +INF
	rotate_limit_z -INF +INF
	scale_limit_x -INF +INF
	scale_limit_y -INF +INF
	scale_limit_z -INF +INF
	parent 3
	child_joints 0
	INSTANCE_LIST
	{
	}
	EXTRA_ATTRIBUTES
	{
		wire_colour colour 0 0.988235 0
	}
}
BONE bn_mouth_L_01
{
	id 28
	visible	0
	scale_pivot	0 0 0
	rotate_pivot	0 0 0
	min_bound	0 0 0
	max_bound	0 0 0
	scale	1 1 1
	translate	8.01527 2.79227 3.79134
	rotation_orient	0 0 0 1
	rotation	0.416017 0.849811 -0.0443937 0.320592
	joint_orient	0 0 0 1
	bind_pose_matrix
		-0.448301 0.678609 -0.581824 0
		0.735538 0.649918 0.191292 0
		0.507949 -0.342197 -0.7905 0
		8.01527 2.79227 3.79134 1
	rotation_order xyz
	inherits_transform 1
	shearing 0 0 0
	rotate_pivot_translate	0 0 0
	scale_pivot_translate	0 0 0
	translate_limit_x -INF +INF
	translate_limit_y -INF +INF
	translate_limit_z -INF +INF
	rotate_limit_x -INF +INF
	rotate_limit_y -INF +INF
	rotate_limit_z -INF +INF
	scale_limit_x -INF +INF
	scale_limit_y -INF +INF
	scale_limit_z -INF +INF
	parent 3
	child_joints 0
	INSTANCE_LIST
	{
	}
	EXTRA_ATTRIBUTES
	{
		wire_colour colour 0 0.988235 0
	}
}
BONE bn_mouth_R_01
{
	id 29
	visible	0
	scale_pivot	0 0 0
	rotate_pivot	0 0 0
	min_bound	0 0 0
	max_bound	0 0 0
	scale	1 1 1
	translate	8.00369 -2.80794 3.7769
	rotation_orient	0 0 0 1
	rotation	-0.452459 0.833561 0.0274344 0.31576
	joint_orient	0 0 0 1
	bind_pose_matrix
		-0.391154 -0.736979 -0.551236 0
		-0.771629 0.589057 -0.24 0
		0.501585 0.331473 -0.799086 0
		8.00369 -2.80794 3.7769 1
	rotation_order xyz
	inherits_transform 1
	shearing 0 0 0
	rotate_pivot_translate	0 0 0
	scale_pivot_translate	0 0 0
	translate_limit_x -INF +INF
	translate_limit_y -INF +INF
	translate_limit_z -INF +INF
	rotate_limit_x -INF +INF
	rotate_limit_y -INF +INF
	rotate_limit_z -INF +INF
	scale_limit_x -INF +INF
	scale_limit_y -INF +INF
	scale_limit_z -INF +INF
	parent 3
	child_joints 0
	INSTANCE_LIST
	{
	}
	EXTRA_ATTRIBUTES
	{
		wire_colour colour 0 0.988235 0
	}
}
JOINT bn_shoulderpad_L
{
	id 32
	visible	0
	scale_pivot	0 0 0
	rotate_pivot	0 0 0
	min_bound	0 0 0
	max_bound	0 0 0
	scale	1 1 1
	translate	22.4233 -6.77406e-06 7.078e-07
	rotation_orient	0 0 0 1
	rotation	0.179581 -0.0488375 -0.127504 0.974222
	joint_orient	0 0 0 1
	bind_pose_matrix
		0.962715 -0.265975 0.0493625 0
		0.230893 0.902987 0.362358 0
		-0.140952 -0.33745 0.930731 0
		22.4233 -6.77406e-06 7.078e-07 1
	rotation_order xyz
	inherits_transform 1
	shearing 0 0 0
	rotate_pivot_translate	0 0 0
	scale_pivot_translate	0 0 0
	translate_limit_x -INF +INF
	translate_limit_y -INF +INF
	translate_limit_z -INF +INF
	rotate_limit_x -INF +INF
	rotate_limit_y -INF +INF
	rotate_limit_z -INF +INF
	scale_limit_x -INF +INF
	scale_limit_y -INF +INF
	scale_limit_z -INF +INF
	parent 26
	child_joints 0
	INSTANCE_LIST
	{
	}
	segment_scale_compensate 1
	EXTRA_ATTRIBUTES
	{
		wire_colour colour 0.643137 0.776471 0.807843
	}
}
JOINT bn_shoulderpad_R
{
	id 31
	visible	0
	scale_pivot	0 0 0
	rotate_pivot	0 0 0
	min_bound	0 0 0
	max_bound	0 0 0
	scale	1 1 1
	translate	19.0426 10.3585 -1.95627
	rotation_orient	0 0 0 1
	rotation	0.0373518 0.254481 0.127228 0.957944
	joint_orient	0 0 0 1
	bind_pose_matrix
		0.838104 0.262766 -0.478053 0
		-0.224745 0.964835 0.136316 0
		0.497062 -0.0068074 0.867688 0
		19.0426 10.3585 -1.95627 1
	rotation_order xyz
	inherits_transform 1
	shearing 0 0 0
	rotate_pivot_translate	0 0 0
	scale_pivot_translate	0 0 0
	translate_limit_x -INF +INF
	translate_limit_y -INF +INF
	translate_limit_z -INF +INF
	rotate_limit_x -INF +INF
	rotate_limit_y -INF +INF
	rotate_limit_z -INF +INF
	scale_limit_x -INF +INF
	scale_limit_y -INF +INF
	scale_limit_z -INF +INF
	parent 25
	child_joints 0
	INSTANCE_LIST
	{
	}
	segment_scale_compensate 1
	EXTRA_ATTRIBUTES
	{
		wire_colour colour 0.643137 0.776471 0.807843
	}
}
BONE bn_thumb_L_01
{
	id 33
	visible	0
	scale_pivot	0 0 0
	rotate_pivot	0 0 0
	min_bound	0 0 0
	max_bound	0 0 0
	scale	1 1 1
	translate	3.80866 -10.8076 -8.92636
	rotation_orient	0 0 0 1
	rotation	0.631191 0.269992 -0.297762 0.663355
	joint_orient	0 0 0 1
	bind_pose_matrix
		0.676884 -0.0542121 -0.734091 0
		0.735877 0.0258713 0.676621 0
		-0.0176891 -0.998194 0.0574052 0
		3.80866 -10.8076 -8.92636 1
	rotation_order xyz
	inherits_transform 1
	shearing 0 0 0
	rotate_pivot_translate	0 0 0
	scale_pivot_translate	0 0 0
	translate_limit_x -INF +INF
	translate_limit_y -INF +INF
	translate_limit_z -INF +INF
	rotate_limit_x -INF +INF
	rotate_limit_y -INF +INF
	rotate_limit_z -INF +INF
	scale_limit_x -INF +INF
	scale_limit_y -INF +INF
	scale_limit_z -INF +INF
	parent 24
	child_joints 0
	INSTANCE_LIST
	{
	}
	EXTRA_ATTRIBUTES
	{
		wire_colour colour 0.054902 1 0.00784314
	}
}
BONE bn_thumb_R_01
{
	id 34
	visible	0
	scale_pivot	0 0 0
	rotate_pivot	0 0 0
	min_bound	0 0 0
	max_bound	0 0 0
	scale	1 1 1
	translate	3.80857 10.8074 -8.92632
	rotation_orient	0 0 0 1
	rotation	-0.640343 0.334891 0.256351 0.641945
	joint_orient	0 0 0 1
	bind_pose_matrix
		0.644264 -0.0997638 -0.758269 0
		-0.758017 0.048491 -0.65043 0
		0.101659 0.993829 -0.0443817 0
		3.80857 10.8074 -8.92632 1
	rotation_order xyz
	inherits_transform 1
	shearing 0 0 0
	rotate_pivot_translate	0 0 0
	scale_pivot_translate	0 0 0
	translate_limit_x -INF +INF
	translate_limit_y -INF +INF
	translate_limit_z -INF +INF
	rotate_limit_x -INF +INF
	rotate_limit_y -INF +INF
	rotate_limit_z -INF +INF
	scale_limit_x -INF +INF
	scale_limit_y -INF +INF
	scale_limit_z -INF +INF
	parent 14
	child_joints 0
	INSTANCE_LIST
	{
	}
	EXTRA_ATTRIBUTES
	{
		wire_colour colour 0.054902 1 0.00784314
	}
}
BONE bn_weapon_01
{
	id 36
	visible	0
	scale_pivot	0 0 0
	rotate_pivot	0 0 0
	min_bound	0 0 0
	max_bound	0 0 0
	scale	1 1 1
	translate	19.9492 -11.104 -8.98743
	rotation_orient	0 0 0 1
	rotation	-0.0935285 -0.156995 0.781704 0.596276
	joint_orient	0 0 0 1
	bind_pose_matrix
		-0.271416 0.961588 0.0410017 0
		-0.902854 -0.239616 -0.356985 0
		-0.333448 -0.13391 0.93321 0
		19.9492 -11.104 -8.98743 1
	rotation_order xyz
	inherits_transform 1
	shearing 0 0 0
	rotate_pivot_translate	0 0 0
	scale_pivot_translate	0 0 0
	translate_limit_x -INF +INF
	translate_limit_y -INF +INF
	translate_limit_z -INF +INF
	rotate_limit_x -INF +INF
	rotate_limit_y -INF +INF
	rotate_limit_z -INF +INF
	scale_limit_x -INF +INF
	scale_limit_y -INF +INF
	scale_limit_z -INF +INF
	parent 14
	child_joints 0
	INSTANCE_LIST
	{
	}
	EXTRA_ATTRIBUTES
	{
		wire_colour colour 0.054902 1 0.00784314
	}
}
JOINT root_displacement
{
	id 38
	visible	0
	scale_pivot	0 0 0
	rotate_pivot	0 0 0
	min_bound	0 0 0
	max_bound	0 0 0
	scale	1 1 1
	translate	0 0 -0
	rotation_orient	0 0 0 1
	rotation	0 0 0 1
	joint_orient	0 0 0 1
	bind_pose_matrix
		1 0 0 0
		0 1 0 0
		0 0 1 0
		0 0 -0 1
	rotation_order xyz
	inherits_transform 1
	shearing 0 0 0
	rotate_pivot_translate	0 0 0
	scale_pivot_translate	0 0 0
	translate_limit_x -INF +INF
	translate_limit_y -INF +INF
	translate_limit_z -INF +INF
	rotate_limit_x -INF +INF
	rotate_limit_y -INF +INF
	rotate_limit_z -INF +INF
	scale_limit_x -INF +INF
	scale_limit_y -INF +INF
	scale_limit_z -INF +INF
	parent 0
	child_joints 0
	INSTANCE_LIST
	{
	}
	segment_scale_compensate 1
	EXTRA_ATTRIBUTES
	{
		wire_colour colour 0 0.87451 0.145098
	}
}
ANIMATION_TAKE idle_01
{
	id 39
	start_time 0
	end_time 64
	fps 30
	current_time 0
	num_animated_nodes 38
	num_event_tracks 0
	ANIM_NODE 3
	{
		num_animated_attrs 3
		num_animated_attrs_user 0
		ATTR rotation
		{
			num_streams 1
			elements_per_sample 4
			POSE_KEY
			{
				2.82712e-10 0.793596 2.20832e-06 0.608445 
			}
		}
		ATTR scale
		{
			num_streams 1
			elements_per_sample 3
			POSE_KEY
			{
				1 1 1 
			}
		}
		ATTR translate
		{
			num_streams 1
			elements_per_sample 3
			POSE_KEY
			{
				3.87303 -3.67684e-05 -2.50608 
			}
		}
	}
	ANIM_NODE 29
	{
		num_animated_attrs 3
		num_animated_attrs_user 0
		ATTR rotation
		{
			num_streams 1
			elements_per_sample 4
			POSE_KEY
			{
				-0.452459 0.833561 0.0274344 0.31576 
			}
		}
		ATTR scale
		{
			num_streams 1
			elements_per_sample 3
			POSE_KEY
			{
				1 1 1 
			}
		}
		ATTR translate
		{
			num_streams 1
			elements_per_sample 3
			POSE_KEY
			{
				8.00369 -2.80794 3.7769 
			}
		}
	}
	ANIM_NODE 9
	{
		num_animated_attrs 3
		num_animated_attrs_user 0
		ATTR rotation
		{
			num_streams 1
			elements_per_sample 4
			SAMPLED_KEYS
			{

				-0.499999 -0.5 0.5 0.500001 
				-0.500288 -0.499711 0.499711 0.500289 
				-0.500604 -0.499395 0.499395 0.500605 
				-0.500941 -0.499056 0.499056 0.500943 
				-0.501293 -0.498703 0.498703 0.501294 
				-0.501653 -0.498341 0.498341 0.501654 
				-0.502015 -0.497976 0.497976 0.502016 
				-0.502372 -0.497616 0.497616 0.502374 
				-0.502719 -0.497266 0.497266 0.50272 
				-0.503048 -0.496932 0.496932 0.50305 
				-0.503354 -0.496622 0.496622 0.503356 
				-0.50363 -0.496342 0.496342 0.503632 
				-0.50387 -0.496099 0.496099 0.503872 
				-0.504068 -0.495898 0.495898 0.504069 
				-0.504217 -0.495747 0.495747 0.504218 
				-0.504311 -0.495651 0.495651 0.504312 
				-0.504344 -0.495618 0.495618 0.504345 
				-0.504311 -0.495651 0.495651 0.504312 
				-0.504217 -0.495747 0.495747 0.504218 
				-0.504068 -0.495898 0.495898 0.504069 
				-0.50387 -0.496099 0.496099 0.503872 
				-0.50363 -0.496342 0.496342 0.503632 
				-0.503354 -0.496622 0.496622 0.503356 
				-0.503048 -0.496932 0.496932 0.50305 
				-0.502719 -0.497266 0.497266 0.50272 
				-0.502372 -0.497616 0.497616 0.502374 
				-0.502015 -0.497976 0.497976 0.502016 
				-0.501653 -0.498341 0.498341 0.501654 
				-0.501293 -0.498703 0.498703 0.501294 
				-0.500941 -0.499056 0.499056 0.500943 
				-0.500604 -0.499395 0.499395 0.500605 
				-0.500288 -0.499711 0.499711 0.500289 
				-0.499999 -0.5 0.5 0.500001 
				0.499711 0.500289 -0.500289 -0.499712 
				0.499394 0.500605 -0.500605 -0.499395 
				0.499056 0.500942 -0.500942 -0.499057 
				0.498702 0.501294 -0.501294 -0.498704 
				0.49834 0.501654 -0.501654 -0.498342 
				0.497976 0.502016 -0.502016 -0.497977 
				0.497615 0.502373 -0.502373 -0.497616 
				0.497265 0.50272 -0.50272 -0.497266 
				0.496932 0.503049 -0.503049 -0.496933 
				0.496622 0.503355 -0.503355 -0.496623 
				0.496342 0.503631 -0.503631 -0.496343 
				0.496098 0.503871 -0.503871 -0.4961 
				0.495897 0.504069 -0.504069 -0.495899 
				0.495746 0.504218 -0.504218 -0.495747 
				0.49565 0.504312 -0.504312 -0.495652 
				0.495617 0.504344 -0.504344 -0.495618 
				0.49565 0.504312 -0.504312 -0.495652 
				0.495746 0.504218 -0.504218 -0.495747 
				0.495897 0.504069 -0.504069 -0.495899 
				0.496098 0.503871 -0.503871 -0.4961 
				0.496342 0.503631 -0.503631 -0.496343 
				0.496622 0.503355 -0.503355 -0.496623 
				0.496932 0.503049 -0.503049 -0.496933 
				0.497265 0.50272 -0.50272 -0.497266 
				0.497615 0.502373 -0.502373 -0.497616 
				0.497976 0.502016 -0.502016 -0.497977 
				0.49834 0.501654 -0.501654 -0.498342 
				0.498702 0.501294 -0.501294 -0.498704 
				0.499056 0.500942 -0.500942 -0.499057 
				0.499394 0.500605 -0.500605 -0.499395 
				0.499711 0.500289 -0.500289 -0.499712 
				-0.499999 -0.5 0.5 0.500001 
			}
		}
		ATTR scale
		{
			num_streams 1
			elements_per_sample 3
			POSE_KEY
			{
				1 1 1 
			}
		}
		ATTR translate
		{
			num_streams 1
			elements_per_sample 3
			SAMPLED_KEYS
			{

				-5.67983 3.47444e-07 -4.32737 
				-5.82833 6.6764e-07 -4.34407 
				-5.96789 -2.0256e-06 -4.35896 
				-6.09714 -3.26151e-06 -4.37195 
				-6.21468 2.33843e-06 -4.38298 
				-6.31915 -2.70619e-06 -4.39197 
				-6.40913 -3.32365e-06 -4.39884 
				-6.48322 -2.21059e-06 -4.40349 
				-6.54 1.97029e-06 -4.40583 
				-6.57803 8.44623e-07 -4.40577 
				-6.59589 2.88836e-06 -4.40321 
