|XMD_005A#0MAX#0005.0.4|
JOINT Bip001
{
	id 1
	visible	1
	scale_pivot	0 0 0
	rotate_pivot	0 0 0
	min_bound	0 0 0
	max_bound	0 0 0
	scale	1 1 1
	translate	3.2865 -313.161 24.8743
	rotation_orient	0 0 0 1
	rotation	-0.142142 -0.666945 -0.00654377 0.731395
	joint_orient	0 0 0 1
	bind_pose_matrix
		0.110284 0.180029 0.977459 0
		0.199173 0.959506 -0.199195 0
		-0.973739 0.216652 0.0699615 0
		3.2865 -313.161 24.8743 1
	rotation_order xyz
	inherits_transform 1
	shearing 0 0 0
	rotate_pivot_translate	0 0 0
	scale_pivot_translate	0 0 0
	translate_limit_x -INF +INF
	translate_limit_y -INF +INF
	translate_limit_z -INF +INF
	rotate_limit_x -INF +INF
	rotate_limit_y -INF +INF
	rotate_limit_z -INF +INF
	scale_limit_x -INF +INF
	scale_limit_y -INF +INF
	scale_limit_z -INF +INF
	parent 0
	child_joints 1
		9 
	INSTANCE_LIST
	{
	}
	segment_scale_compensate 1
	EXTRA_ATTRIBUTES
	{
		wire_colour colour 1 0 0
	}
}
JOINT Bip001_Head
{
	id 2
	visible	1
	scale_pivot	0 0 0
	rotate_pivot	0 0 0
	min_bound	0 0 0
	max_bound	0 0 0
	scale	1 1 1
	translate	11.5934 8.02964e-07 -4.61556e-06
	rotation_orient	0 0 0 1
	rotation	0.0239733 -0.352825 -0.0475476 0.934173
	joint_orient	0 0 0 1
	bind_pose_matrix
		0.746507 -0.105752 0.65692 0
		0.0719185 0.994329 0.0783424 0
		-0.661479 -0.0112385 0.749879 0
		11.5934 8.02964e-07 -4.61556e-06 1
	rotation_order xyz
	inherits_transform 1
	shearing 0 0 0
	rotate_pivot_translate	0 0 0
	scale_pivot_translate	0 0 0
	translate_limit_x -INF +INF
	translate_limit_y -INF +INF
	translate_limit_z -INF +INF
	rotate_limit_x -INF +INF
	rotate_limit_y -INF +INF
	rotate_limit_z -INF +INF
	scale_limit_x -INF +INF
	scale_limit_y -INF +INF
	scale_limit_z -INF +INF
	parent 4
	child_joints 1
		3 
	INSTANCE_LIST
	{
	}
	segment_scale_compensate 1
	EXTRA_ATTRIBUTES
	{
		original_name string "Bip001 Head"
		wire_colour colour 0.65098 0.792157 0.941176
	}
}
JOINT Bip001_Jaw
{
	id 3
	visible	1
	scale_pivot	0 0 0
	rotate_pivot	0 0 0
	min_bound	0 0 0
	max_bound	0 0 0
	scale	1 1 1
	translate	3.87301 -3.21444e-05 -2.50609
	rotation_orient	0 0 0 1
	rotation	5.73185e-09 0.793596 2.19854e-06 0.608445
	joint_orient	0 0 0 1
	bind_pose_matrix
		-0.259589 2.68448e-06 -0.965719 0
		-2.66629e-06 1 3.49648e-06 0
		0.965719 3.48253e-06 -0.259589 0
		3.87301 -3.21444e-05 -2.50609 1
	rotation_order xyz
	inherits_transform 1
	shearing 0 0 0
	rotate_pivot_translate	0 0 0
	scale_pivot_translate	0 0 0
	translate_limit_x -INF +INF
	translate_limit_y -INF +INF
	translate_limit_z -INF +INF
	rotate_limit_x -INF +INF
	rotate_limit_y -INF +INF
	rotate_limit_z -INF +INF
	scale_limit_x -INF +INF
	scale_limit_y -INF +INF
	scale_limit_z -INF +INF
	parent 2
	child_joints 3
		28 29 30 
	INSTANCE_LIST
	{
	}
	segment_scale_compensate 1
	EXTRA_ATTRIBUTES
	{
		original_name string "Bip001 Jaw"
		wire_colour colour 0.988235 0 0
	}
}
JOINT Bip001_L_Calf
{
	id 17
	visible	1
	scale_pivot	0 0 0
	rotate_pivot	0 0 0
	min_bound	0 0 0
	max_bound	0 0 0
	scale	1 1 1
	translate	42.8806 -3.3055e-07 -1.45734e-06
	rotation_orient	0 0 0 1
	rotation	1.56845e-08 -0.00059802 2.07676e-08 1
	joint_orient	0 0 0 1
	bind_pose_matrix
		0.999999 4.15164e-08 0.00119604 0
		-4.1554e-08 1 3.13442e-08 0
		-0.00119604 -3.13939e-08 0.999999 0
		42.8806 -3.3055e-07 -1.45734e-06 1
	rotation_order xyz
	inherits_transform 1
	shearing 0 0 0
	rotate_pivot_translate	0 0 0
	scale_pivot_translate	0 0 0
	translate_limit_x -INF +INF
	translate_limit_y -INF +INF
	translate_limit_z -INF +INF
	rotate_limit_x -INF +INF
	rotate_limit_y -INF +INF
	rotate_limit_z -INF +INF
	scale_limit_x -INF +INF
	scale_limit_y -INF +INF
	scale_limit_z -INF +INF
	parent 18
	child_joints 1
		21 
	INSTANCE_LIST
	{
	}
	segment_scale_compensate 1
	EXTRA_ATTRIBUTES
	{
		original_name string "Bip001 L Calf"
		wire_colour colour 0.109804 0.109804 0.694118
	}
}
JOINT Bip001_L_Clavicle
{
	id 26
	visible	1
	scale_pivot	0 0 0
	rotate_pivot	0 0 0
	min_bound	0 0 0
	max_bound	0 0 0
	scale	1 1 1
	translate	23.2608 5.60499 11.8075
	rotation_orient	0 0 0 1
	rotation	0.608673 0.793229 -0.013603 0.0109397
	joint_orient	0 0 0 1
	bind_pose_matrix
		-0.258794 0.965337 -0.033915 0
		0.965932 0.258663 -0.00826325 0
		0.000795744 -0.0348981 -0.999391 0
		23.2608 5.60499 11.8075 1
	rotation_order xyz
	inherits_transform 1
	shearing 0 0 0
	rotate_pivot_translate	0 0 0
	scale_pivot_translate	0 0 0
	translate_limit_x -INF +INF
	translate_limit_y -INF +INF
	translate_limit_z -INF +INF
	rotate_limit_x -INF +INF
	rotate_limit_y -INF +INF
	rotate_limit_z -INF +INF
	scale_limit_x -INF +INF
	scale_limit_y -INF +INF
	scale_limit_z -INF +INF
	parent 11
	child_joints 2
		23 32 
	INSTANCE_LIST
	{
	}
	segment_scale_compensate 1
	EXTRA_ATTRIBUTES
	{
		original_name string "Bip001 L Clavicle"
		wire_colour colour 0.109804 0.109804 0.694118
	}
}
JOINT Bip001_L_Foot
{
	id 21
	visible	1
	scale_pivot	0 0 0
	rotate_pivot	0 0 0
	min_bound	0 0 0
	max_bound	0 0 0
	scale	1 1 1
	translate	55.3239 -7.12784e-07 1.22285e-06
	rotation_orient	0 0 0 1
	rotation	0.0892882 -0.000427568 0.0198218 0.995808
	joint_orient	0 0 0 1
	bind_pose_matrix
		0.999214 0.039401 0.00439125 0
		-0.0395537 0.983269 0.177811 0
		0.00268815 -0.177845 0.984055 0
		55.3239 -7.12784e-07 1.22285e-06 1
	rotation_order xyz
	inherits_transform 1
	shearing 0 0 0
	rotate_pivot_translate	0 0 0
	scale_pivot_translate	0 0 0
	translate_limit_x -INF +INF
	translate_limit_y -INF +INF
	translate_limit_z -INF +INF
	rotate_limit_x -INF +INF
	rotate_limit_y -INF +INF
	rotate_limit_z -INF +INF
	scale_limit_x -INF +INF
	scale_limit_y -INF +INF
	scale_limit_z -INF +INF
	parent 17
	child_joints 1
		19 
	INSTANCE_LIST
	{
	}
	segment_scale_compensate 1
	EXTRA_ATTRIBUTES
	{
		original_name string "Bip001 L Foot"
		wire_colour colour 0.109804 0.109804 0.694118
	}
}
JOINT Bip001_L_Forearm
{
	id 27
	visible	1
	scale_pivot	0 0 0
	rotate_pivot	0 0 0
	min_bound	0 0 0
	max_bound	0 0 0
	scale	1 1 1
	translate	50.8825 1.68369e-06 -4.40008e-07
	rotation_orient	0 0 0 1
	rotation	4.17674e-09 -0.425868 2.79586e-09 0.904785
	joint_orient	0 0 0 1
	bind_pose_matrix
		0.637273 1.50182e-09 0.770638 0
		-8.61678e-09 1 5.17677e-09 0
		-0.770638 -9.93943e-09 0.637273 0
		50.8825 1.68369e-06 -4.40008e-07 1
	rotation_order xyz
	inherits_transform 1
	shearing 0 0 0
	rotate_pivot_translate	0 0 0
	scale_pivot_translate	0 0 0
	translate_limit_x -INF +INF
	translate_limit_y -INF +INF
	translate_limit_z -INF +INF
	rotate_limit_x -INF +INF
	rotate_limit_y -INF +INF
	rotate_limit_z -INF +INF
	scale_limit_x -INF +INF
	scale_limit_y -INF +INF
	scale_limit_z -INF +INF
	parent 23
	child_joints 1
		24 
	INSTANCE_LIST
	{
	}
	segment_scale_compensate 1
	EXTRA_ATTRIBUTES
	{
		original_name string "Bip001 L Forearm"
		wire_colour colour 0.109804 0.109804 0.694118
	}
}
JOINT Bip001_L_Hand
{
	id 24
	visible	1
	scale_pivot	0 0 0
	rotate_pivot	0 0 0
	min_bound	0 0 0
	max_bound	0 0 0
	scale	1 1 1
	translate	42.1284 -1.89272e-06 3.18513e-06
	rotation_orient	0 0 0 1
	rotation	0.881558 -0.204432 0.000664683 -0.425516
	joint_orient	0 0 0 1
	bind_pose_matrix
		0.916414 -0.361003 -0.172806 0
		-0.359871 -0.554288 -0.750505 0
		0.17515 0.749961 -0.637872 0
		42.1284 -1.89272e-06 3.18513e-06 1
	rotation_order xyz
	inherits_transform 1
	shearing 0 0 0
	rotate_pivot_translate	0 0 0
	scale_pivot_translate	0 0 0
	translate_limit_x -INF +INF
	translate_limit_y -INF +INF
	translate_limit_z -INF +INF
	rotate_limit_x -INF +INF
	rotate_limit_y -INF +INF
	rotate_limit_z -INF +INF
	scale_limit_x -INF +INF
	scale_limit_y -INF +INF
	scale_limit_z -INF +INF
	parent 27
	child_joints 2
		33 37 
	INSTANCE_LIST
	{
	}
	segment_scale_compensate 1
	EXTRA_ATTRIBUTES
	{
		original_name string "Bip001 L Hand"
		wire_colour colour 0.109804 0.109804 0.694118
	}
}
JOINT Bip001_L_Thigh
{
	id 18
	visible	1
	scale_pivot	0 0 0
	rotate_pivot	0 0 0
	min_bound	0 0 0
	max_bound	0 0 0
	scale	1 1 1
	translate	-1.98372e-05 16.5157 -9.19302e-06
	rotation_orient	0 0 0 1
	rotation	-0.0649155 0.227784 -0.960341 -0.147126
	joint_orient	0 0 0 1
	bind_pose_matrix
		-0.94828 0.253008 0.191708 0
		-0.312155 -0.852937 -0.4184 0
		0.0576562 -0.456603 0.887801 0
		-1.98372e-05 16.5157 -9.19302e-06 1
	rotation_order xyz
	inherits_transform 1
	shearing 0 0 0
	rotate_pivot_translate	0 0 0
	scale_pivot_translate	0 0 0
	translate_limit_x -INF +INF
	translate_limit_y -INF +INF
	translate_limit_z -INF +INF
	rotate_limit_x -INF +INF
	rotate_limit_y -INF +INF
	rotate_limit_z -INF +INF
	scale_limit_x -INF +INF
	scale_limit_y -INF +INF
	scale_limit_z -INF +INF
	parent 9
	child_joints 1
		17 
	INSTANCE_LIST
	{
	}
	segment_scale_compensate 1
	EXTRA_ATTRIBUTES
	{
		original_name string "Bip001 L Thigh"
		wire_colour colour 0.109804 0.109804 0.694118
	}
}
JOINT Bip001_L_Toe0
{
	id 19
	visible	1
	scale_pivot	0 0 0
	rotate_pivot	0 0 0
	min_bound	0 0 0
	max_bound	0 0 0
	scale	1 1 1
	translate	18.3219 -1.32983e-06 -21.8944
	rotation_orient	0 0 0 1
	rotation	-1.06773e-08 0.707107 -1.22368e-07 0.707106
	joint_orient	0 0 0 1
	bind_pose_matrix
		-1.3113e-06 -1.88154e-07 -1 0
		1.57954e-07 1 -1.88154e-07 0
		1 -1.57954e-07 -1.3113e-06 0
		18.3219 -1.32983e-06 -21.8944 1
	rotation_order xyz
	inherits_transform 1
	shearing 0 0 0
	rotate_pivot_translate	0 0 0
	scale_pivot_translate	0 0 0
	translate_limit_x -INF +INF
	translate_limit_y -INF +INF
	translate_limit_z -INF +INF
	rotate_limit_x -INF +INF
	rotate_limit_y -INF +INF
	rotate_limit_z -INF +INF
	scale_limit_x -INF +INF
	scale_limit_y -INF +INF
	scale_limit_z -INF +INF
	parent 21
	child_joints 0
	INSTANCE_LIST
	{
	}
	segment_scale_compensate 1
	EXTRA_ATTRIBUTES
	{
		original_name string "Bip001 L Toe0"
		wire_colour colour 0.423529 0.0313726 0.533333
	}
}
JOINT Bip001_L_UpperArm
{
	id 23
	visible	1
	scale_pivot	0 0 0
	rotate_pivot	0 0 0
	min_bound	0 0 0
	max_bound	0 0 0
	scale	1 1 1
	translate	22.4233 6.14576e-06 -1.45458e-06
	rotation_orient	0 0 0 1
	rotation	0.0217785 0.0845896 -0.393654 0.915099
	joint_orient	0 0 0 1
	bind_pose_matrix
		0.675762 -0.716781 -0.171962 0
		0.72415 0.689124 -0.0267392 0
		0.137669 -0.106457 0.984741 0
		22.4233 6.14576e-06 -1.45458e-06 1
	rotation_order xyz
	inherits_transform 1
	shearing 0 0 0
	rotate_pivot_translate	0 0 0
	scale_pivot_translate	0 0 0
	translate_limit_x -INF +INF
	translate_limit_y -INF +INF
	translate_limit_z -INF +INF
	rotate_limit_x -INF +INF
	rotate_limit_y -INF +INF
	rotate_limit_z -INF +INF
	scale_limit_x -INF +INF
	scale_limit_y -INF +INF
	scale_limit_z -INF +INF
	parent 26
	child_joints 1
		27 
	INSTANCE_LIST
	{
	}
	segment_scale_compensate 1
	EXTRA_ATTRIBUTES
	{
		original_name string "Bip001 L UpperArm"
		wire_colour colour 0.109804 0.109804 0.694118
	}
}
JOINT Bip001_Neck
{
	id 4
	visible	1
	scale_pivot	0 0 0
	rotate_pivot	0 0 0
	min_bound	0 0 0
	max_bound	0 0 0
	scale	1 1 1
	translate	32.8698 -2.13587e-07 9.33883
	rotation_orient	0 0 0 1
	rotation	4.04392e-09 0.314404 8.7696e-07 0.949289
	joint_orient	0 0 0 1
	bind_pose_matrix
		0.802301 1.66752e-06 -0.59692 0
		-1.66243e-06 1 5.59117e-07 0
		0.59692 5.43762e-07 0.802301 0
		32.8698 -2.13587e-07 9.33883 1
	rotation_order xyz
	inherits_transform 1
	shearing 0 0 0
	rotate_pivot_translate	0 0 0
	scale_pivot_translate	0 0 0
	translate_limit_x -INF +INF
	translate_limit_y -INF +INF
	translate_limit_z -INF +INF
	rotate_limit_x -INF +INF
	rotate_limit_y -INF +INF
	rotate_limit_z -INF +INF
	scale_limit_x -INF +INF
	scale_limit_y -INF +INF
	scale_limit_z -INF +INF
	parent 11
	child_joints 1
		2 
	INSTANCE_LIST
	{
	}
	segment_scale_compensate 1
	EXTRA_ATTRIBUTES
	{
		original_name string "Bip001 Neck"
		wire_colour colour 0.0313726 0.431373 0.52549
	}
}
JOINT Bip001_Pelvis
{
	id 9
	visible	1
	scale_pivot	0 0 0
	rotate_pivot	0 0 0
	min_bound	0 0 0
	max_bound	0 0 0
	scale	1 1 1
	translate	0 0 -0
	rotation_orient	0 0 0 1
	rotation	-0.499999 -0.5 0.5 0.500001
	joint_orient	0 0 0 1
	bind_pose_matrix
		-2.38419e-07 1 1.3411e-06 0
		-1.3411e-06 1.13249e-06 -1 0
		-1 -5.96046e-08 1.13249e-06 0
		0 0 -0 1
	rotation_order xyz
	inherits_transform 1
	shearing 0 0 0
	rotate_pivot_translate	0 0 0
	scale_pivot_translate	0 0 0
	translate_limit_x -INF +INF
	translate_limit_y -INF +INF
	translate_limit_z -INF +INF
	rotate_limit_x -INF +INF
	rotate_limit_y -INF +INF
	rotate_limit_z -INF +INF
	scale_limit_x -INF +INF
	scale_limit_y -INF +INF
	scale_limit_z -INF +INF
	parent 1
	child_joints 4
		6 10 16 18 
	INSTANCE_LIST
	{
	}
	segment_scale_compensate 1
	EXTRA_ATTRIBUTES
	{
		original_name string "Bip001 Pelvis"
		wire_colour colour 0.878431 0.776471 0.341176
	}
}
JOINT Bip001_R_Calf
{
	id 20
	visible	1
	scale_pivot	0 0 0
	rotate_pivot	0 0 0
	min_bound	0 0 0
	max_bound	0 0 0
	scale	1 1 1
	translate	42.8806 5.27124e-07 5.31595e-07
	rotation_orient	0 0 0 1
	rotation	1.54517e-08 -0.00059802 8.16108e-09 1
	joint_orient	0 0 0 1
	bind_pose_matrix
		0.999999 1.63037e-08 0.00119604 0
		-1.63406e-08 1 3.08936e-08 0
		-0.00119604 -3.09131e-08 0.999999 0
		42.8806 5.27124e-07 5.31595e-07 1
	rotation_order xyz
	inherits_transform 1
	shearing 0 0 0
	rotate_pivot_translate	0 0 0
	scale_pivot_translate	0 0 0
	translate_limit_x -INF +INF
	translate_limit_y -INF +INF
	translate_limit_z -INF +INF
	rotate_limit_x -INF +INF
	rotate_limit_y -INF +INF
	rotate_limit_z -INF +INF
	scale_limit_x -INF +INF
	scale_limit_y -INF +INF
	scale_limit_z -INF +INF
	parent 16
	child_joints 1
		13 
	INSTANCE_LIST
	{
	}
	segment_scale_compensate 1
	EXTRA_ATTRIBUTES
	{
		original_name string "Bip001 R Calf"
		wire_colour colour 0.0235294 0.52549 0.0235294
	}
}
JOINT Bip001_R_Clavicle
{
	id 25
	visible	1
	scale_pivot	0 0 0
	rotate_pivot	0 0 0
	min_bound	0 0 0
	max_bound	0 0 0
	scale	1 1 1
	translate	23.2608 -5.60505 11.8074
	rotation_orient	0 0 0 1
	rotation	0.774092 -0.630459 -0.0359847 -0.0448101
	joint_orient	0 0 0 1
	bind_pose_matrix
		0.202452 -0.972842 -0.112213 0
		-0.979292 -0.201027 -0.0240006 0
		0.000791047 0.114748 -0.993395 0
		23.2608 -5.60505 11.8074 1
	rotation_order xyz
	inherits_transform 1
	shearing 0 0 0
	rotate_pivot_translate	0 0 0
	scale_pivot_translate	0 0 0
	translate_limit_x -INF +INF
	translate_limit_y -INF +INF
	translate_limit_z -INF +INF
	rotate_limit_x -INF +INF
	rotate_limit_y -INF +INF
	rotate_limit_z -INF +INF
	scale_limit_x -INF +INF
	scale_limit_y -INF +INF
	scale_limit_z -INF +INF
	parent 11
	child_joints 2
		15 31 
	INSTANCE_LIST
	{
	}
	segment_scale_compensate 1
	EXTRA_ATTRIBUTES
	{
		original_name string "Bip001 R Clavicle"
		wire_colour colour 0.0235294 0.52549 0.0235294
	}
}
JOINT Bip001_R_Foot
{
	id 13
	visible	1
	scale_pivot	0 0 0
	rotate_pivot	0 0 0
	min_bound	0 0 0
	max_bound	0 0 0
	scale	1 1 1
	translate	55.3239 -2.32634e-07 8.54882e-07
	rotation_orient	0 0 0 1
	rotation	-0.0530072 0.00483025 -0.0145621 0.998476
	joint_orient	0 0 0 1
	bind_pose_matrix
		0.999529 -0.0295919 -0.00810199 0
		0.0285677 0.993956 -0.105993 0
		0.0111896 0.105712 0.994334 0
		55.3239 -2.32634e-07 8.54882e-07 1
	rotation_order xyz
	inherits_transform 1
	shearing 0 0 0
	rotate_pivot_translate	0 0 0
	scale_pivot_translate	0 0 0
	translate_limit_x -INF +INF
	translate_limit_y -INF +INF
	translate_limit_z -INF +INF
	rotate_limit_x -INF +INF
	rotate_limit_y -INF +INF
	rotate_limit_z -INF +INF
	scale_limit_x -INF +INF
	scale_limit_y -INF +INF
	scale_limit_z -INF +INF
	parent 20
	child_joints 1
		12 
	INSTANCE_LIST
	{
	}
	segment_scale_compensate 1
	EXTRA_ATTRIBUTES
	{
		original_name string "Bip001 R Foot"
		wire_colour colour 0.0235294 0.52549 0.0235294
	}
}
JOINT Bip001_R_Forearm
{
	id 22
	visible	1
	scale_pivot	0 0 0
	rotate_pivot	0 0 0
	min_bound	0 0 0
	max_bound	0 0 0
	scale	1 1 1
	translate	50.8825 -3.03267e-06 -7.23687e-07
	rotation_orient	0 0 0 1
	rotation	-2.54199e-08 -0.377342 2.34081e-08 0.926074
	joint_orient	0 0 0 1
	bind_pose_matrix
		0.715226 6.25392e-08 0.698893 0
		-2.41713e-08 1 -6.47471e-08 0
		-0.698893 2.94157e-08 0.715226 0
		50.8825 -3.03267e-06 -7.23687e-07 1
	rotation_order xyz
	inherits_transform 1
	shearing 0 0 0
	rotate_pivot_translate	0 0 0
	scale_pivot_translate	0 0 0
	translate_limit_x -INF +INF
	translate_limit_y -INF +INF
	translate_limit_z -INF +INF
	rotate_limit_x -INF +INF
	rotate_limit_y -INF +INF
	rotate_limit_z -INF +INF
	scale_limit_x -INF +INF
	scale_limit_y -INF +INF
	scale_limit_z -INF +INF
	parent 15
	child_joints 1
		14 
	INSTANCE_LIST
	{
	}
	segment_scale_compensate 1
	EXTRA_ATTRIBUTES
	{
		original_name string "Bip001 R Forearm"
		wire_colour colour 0.0235294 0.52549 0.0235294
	}
}
JOINT Bip001_R_Hand
{
	id 14
	visible	1
	scale_pivot	0 0 0
	rotate_pivot	0 0 0
	min_bound	0 0 0
	max_bound	0 0 0
	scale	1 1 1
	translate	42.1285 3.38626e-06 -4.68456e-07
	rotation_orient	0 0 0 1
	rotation	0.909313 -0.348258 0.187311 -0.129544
	joint_orient	0 0 0 1
	bind_pose_matrix
		0.687262 -0.68188 0.25042 0
		-0.58482 -0.72387 -0.366057 0
		0.430878 0.105127 -0.896266 0
		42.1285 3.38626e-06 -4.68456e-07 1
	rotation_order xyz
	inherits_transform 1
	shearing 0 0 0
	rotate_pivot_translate	0 0 0
	scale_pivot_translate	0 0 0
	translate_limit_x -INF +INF
	translate_limit_y -INF +INF
	translate_limit_z -INF +INF
	rotate_limit_x -INF +INF
	rotate_limit_y -INF +INF
	rotate_limit_z -INF +INF
	scale_limit_x -INF +INF
	scale_limit_y -INF +INF
	scale_limit_z -INF +INF
	parent 22
	child_joints 3
		34 35 36 
	INSTANCE_LIST
	{
	}
	segment_scale_compensate 1
	EXTRA_ATTRIBUTES
	{
		original_name string "Bip001 R Hand"
		wire_colour colour 0.0235294 0.52549 0.0235294
	}
}
JOINT Bip001_R_Thigh
{
	id 16
	visible	1
	scale_pivot	0 0 0
	rotate_pivot	0 0 0
	min_bound	0 0 0
	max_bound	0 0 0
	scale	1 1 1
	translate	2.52512e-05 -16.5157 3.52414e-05
	rotation_orient	0 0 0 1
	rotation	-0.134777 -0.378177 -0.914284 -0.0538806
	joint_orient	0 0 0 1
	bind_pose_matrix
		-0.957865 0.200464 0.205697 0
		0.00341505 -0.708159 0.706046 0
		0.287202 0.676998 0.677634 0
		2.52512e-05 -16.5157 3.52414e-05 1
	rotation_order xyz
	inherits_transform 1
	shearing 0 0 0
	rotate_pivot_translate	0 0 0
	scale_pivot_translate	0 0 0
	translate_limit_x -INF +INF
	translate_limit_y -INF +INF
	translate_limit_z -INF +INF
	rotate_limit_x -INF +INF
	rotate_limit_y -INF +INF
	rotate_limit_z -INF +INF
	scale_limit_x -INF +INF
	scale_limit_y -INF +INF
	scale_limit_z -INF +INF
	parent 9
	child_joints 1
		20 
	INSTANCE_LIST
	{
	}
	segment_scale_compensate 1
	EXTRA_ATTRIBUTES
	{
		original_name string "Bip001 R Thigh"
		wire_colour colour 0.0235294 0.52549 0.0235294
	}
}
JOINT Bip001_R_Toe0
{
	id 12
	visible	1
	scale_pivot	0 0 0
	rotate_pivot	0 0 0
	min_bound	0 0 0
	max_bound	0 0 0
	scale	1 1 1
	translate	18.3219 1.59145e-06 -21.8944
	rotation_orient	0 0 0 1
	rotation	-5.21019e-07 0.707107 -2.83532e-08 0.707107
	joint_orient	0 0 0 1
	bind_pose_matrix
		7.15256e-07 -7.76929e-07 -1 0
		-6.96734e-07 1 -7.76929e-07 0
		1 6.96734e-07 7.15256e-07 0
		18.3219 1.59145e-06 -21.8944 1
	rotation_order xyz
	inherits_transform 1
	shearing 0 0 0
	rotate_pivot_translate	0 0 0
	scale_pivot_translate	0 0 0
	translate_limit_x -INF +INF
	translate_limit_y -INF +INF
	translate_limit_z -INF +INF
	rotate_limit_x -INF +INF
	rotate_limit_y -INF +INF
	rotate_limit_z -INF +INF
	scale_limit_x -INF +INF
	scale_limit_y -INF +INF
	scale_limit_z -INF +INF
	parent 13
	child_joints 0
	INSTANCE_LIST
	{
	}
	segment_scale_compensate 1
	EXTRA_ATTRIBUTES
	{
		original_name string "Bip001 R Toe0"
		wire_colour colour 0.443137 0.52549 0.0235294
	}
}
JOINT Bip001_R_UpperArm
{
	id 15
	visible	1
	scale_pivot	0 0 0
	rotate_pivot	0 0 0
	min_bound	0 0 0
	max_bound	0 0 0
	scale	1 1 1
	translate	22.4233 1.10274e-05 1.32557e-06
	rotation_orient	0 0 0 1
	rotation	-0.398077 -0.324268 0.295473 0.805655
	joint_orient	0 0 0 1
	bind_pose_matrix
		0.615092 0.734266 0.287255 0
		-0.217931 0.508461 -0.833051 0
		-0.757739 0.449801 0.47277 0
		22.4233 1.10274e-05 1.32557e-06 1
	rotation_order xyz
	inherits_transform 1
	shearing 0 0 0
	rotate_pivot_translate	0 0 0
	scale_pivot_translate	0 0 0
	translate_limit_x -INF +INF
	translate_limit_y -INF +INF
	translate_limit_z -INF +INF
	rotate_limit_x -INF +INF
	rotate_limit_y -INF +INF
	rotate_limit_z -INF +INF
	scale_limit_x -INF +INF
	scale_limit_y -INF +INF
	scale_limit_z -INF +INF
	parent 25
	child_joints 1
		22 
	INSTANCE_LIST
	{
	}
	segment_scale_compensate 1
	EXTRA_ATTRIBUTES
	{
		original_name string "Bip001 R UpperArm"
		wire_colour colour 0.0235294 0.52549 0.0235294
	}
}
JOINT Bip001_Spine
{
	id 10
	visible	1
	scale_pivot	0 0 0
	rotate_pivot	0 0 0
	min_bound	0 0 0
	max_bound	0 0 0
	scale	1 1 1
	translate	21.7721 0.00137812 0.0126062
	rotation_orient	0 0 0 1
	rotation	-0.0520949 -0.0953185 -0.00503629 0.99407
	joint_orient	0 0 0 1
	bind_pose_matrix
		0.981778 -8.16472e-05 0.190031 0
		0.0199441 0.994522 -0.102612 0
		-0.188982 0.104532 0.976401 0
		21.7721 0.00137812 0.0126062 1
	rotation_order xyz
	inherits_transform 1
	shearing 0 0 0
	rotate_pivot_translate	0 0 0
	scale_pivot_translate	0 0 0
	translate_limit_x -INF +INF
	translate_limit_y -INF +INF
	translate_limit_z -INF +INF
	rotate_limit_x -INF +INF
	rotate_limit_y -INF +INF
	rotate_limit_z -INF +INF
	scale_limit_x -INF +INF
	scale_limit_y -INF +INF
	scale_limit_z -INF +INF
	parent 9
	child_joints 1
		11 
	INSTANCE_LIST
	{
	}
	segment_scale_compensate 1
	EXTRA_ATTRIBUTES
	{
		original_name string "Bip001 Spine"
		wire_colour colour 0.0313726 0.431373 0.52549
	}
}
JOINT Bip001_Spine1
{
	id 11
	visible	1
	scale_pivot	0 0 0
	rotate_pivot	0 0 0
	min_bound	0 0 0
	max_bound	0 0 0
	scale	1 1 1
	translate	16.2139 0.000348113 0.021943
	rotation_orient	0 0 0 1
	rotation	0.00215524 0.245191 0.0370507 0.968764
	joint_orient	0 0 0 1
	bind_pose_matrix
		0.877017 0.0728437 -0.474905 0
		-0.0707299 0.997245 0.0223449 0
		0.475225 0.0139932 0.879753 0
		16.2139 0.000348113 0.021943 1
	rotation_order xyz
	inherits_transform 1
	shearing 0 0 0
	rotate_pivot_translate	0 0 0
	scale_pivot_translate	0 0 0
	translate_limit_x -INF +INF
	translate_limit_y -INF +INF
	translate_limit_z -INF +INF
	rotate_limit_x -INF +INF
	rotate_limit_y -INF +INF
	rotate_limit_z -INF +INF
	scale_limit_x -INF +INF
	scale_limit_y -INF +INF
	scale_limit_z -INF +INF
	parent 10
	child_joints 3
		4 25 26 
	INSTANCE_LIST
	{
	}
	segment_scale_compensate 1
	EXTRA_ATTRIBUTES
	{
		original_name string "Bip001 Spine1"
		wire_colour colour 0.0313726 0.431373 0.52549
	}
}
JOINT be_F_tabard_01
{
	id 7
	visible	0
	scale_pivot	0 0 0
	rotate_pivot	0 0 0
	min_bound	0 0 0
	max_bound	0 0 0
	scale	1 1 1
	translate	24.8567 9.51075e-07 2.11807e-05
	rotation_orient	0 0 0 1
	rotation	5.65699e-07 1.02603e-08 0.0206198 0.999787
	joint_orient	0 0 0 1
	bind_pose_matrix
		0.99915 0.0412307 2.81298e-09 0
		-0.0412307 0.99915 1.13158e-06 0
		4.38453e-08 -1.13073e-06 1 0
		24.8567 9.51075e-07 2.11807e-05 1
	rotation_order xyz
	inherits_transform 1
	shearing 0 0 0
	rotate_pivot_translate	0 0 0
	scale_pivot_translate	0 0 0
	translate_limit_x -INF +INF
	translate_limit_y -INF +INF
	translate_limit_z -INF +INF
	rotate_limit_x -INF +INF
	rotate_limit_y -INF +INF
	rotate_limit_z -INF +INF
	scale_limit_x -INF +INF
	scale_limit_y -INF +INF
	scale_limit_z -INF +INF
	parent 5
	child_joints 0
	INSTANCE_LIST
	{
	}
	segment_scale_compensate 1
	EXTRA_ATTRIBUTES
	{
		wire_colour colour 0.682353 0.729412 0.796078
	}
}
JOINT bn_F_tabard_01
{
	id 6
	visible	0
	scale_pivot	0 0 0
	rotate_pivot	0 0 0
	min_bound	0 0 0
	max_bound	0 0 0
	scale	1 1 1
	translate	12.9496 -2.43431e-05 -19.7355
	rotation_orient	0 0 0 1
	rotation	0.0962348 0.706076 -0.700499 0.038691
	joint_orient	0 0 0 1
	bind_pose_matrix
		-0.978484 0.0816921 -0.189462 0
		0.190104 7.90358e-05 -0.981764 0
		-0.0801873 -0.996658 -0.0156076 0
		12.9496 -2.43431e-05 -19.7355 1
	rotation_order xyz
	inherits_transform 1
	shearing 0 0 0
	rotate_pivot_translate	0 0 0
	scale_pivot_translate	0 0 0
	translate_limit_x -INF +INF
	translate_limit_y -INF +INF
	translate_limit_z -INF +INF
	rotate_limit_x -INF +INF
	rotate_limit_y -INF +INF
	rotate_limit_z -INF +INF
	scale_limit_x -INF +INF
	scale_limit_y -INF +INF
	scale_limit_z -INF +INF
	parent 9
	child_joints 1
		8 
	INSTANCE_LIST
	{
	}
	segment_scale_compensate 1
	EXTRA_ATTRIBUTES
	{
		wire_colour colour 0.682353 0.729412 0.796078
	}
}
JOINT bn_F_tabard_02
{
	id 8
	visible	0
	scale_pivot	0 0 0
	rotate_pivot	0 0 0
	min_bound	0 0 0
	max_bound	0 0 0
	scale	1 1 1
	translate	19.4102 -1.96168e-06 1.26058e-06
	rotation_orient	0 0 0 1
	rotation	0.0042016 0.0351487 -0.0963901 0.994714
	joint_orient	0 0 0 1
	bind_pose_matrix
		0.978947 -0.191466 -0.0707358 0
		0.192056 0.981383 0.0015828 0
		0.0691158 -0.0151347 0.997494 0
		19.4102 -1.96168e-06 1.26058e-06 1
	rotation_order xyz
	inherits_transform 1
	shearing 0 0 0
	rotate_pivot_translate	0 0 0
	scale_pivot_translate	0 0 0
	translate_limit_x -INF +INF
	translate_limit_y -INF +INF
	translate_limit_z -INF +INF
	rotate_limit_x -INF +INF
	rotate_limit_y -INF +INF
	rotate_limit_z -INF +INF
	scale_limit_x -INF +INF
	scale_limit_y -INF +INF
	scale_limit_z -INF +INF
	parent 6
	child_joints 1
		5 
	INSTANCE_LIST
	{
	}
	segment_scale_compensate 1
	EXTRA_ATTRIBUTES
	{
		wire_colour colour 0.682353 0.729412 0.796078
	}
}
JOINT bn_F_tabard_03
{
	id 5
	visible	0
	scale_pivot	0 0 0
	rotate_pivot	0 0 0
	min_bound	0 0 0
	max_bound	0 0 0
	scale	1 1 1
	translate	22.1778 -1.81044e-05 -6.24725e-06
	rotation_orient	0 0 0 1
	rotation	0.00432867 0.0349713 -0.100036 0.99436
	joint_orient	0 0 0 1
	bind_pose_matrix
		0.97754 -0.198641 -0.0704142 0
		0.199247 0.979948 0.00161172 0
		0.0686821 -0.0156053 0.997517 0
		22.1778 -1.81044e-05 -6.24725e-06 1
	rotation_order xyz
	inherits_transform 1
	shearing 0 0 0
	rotate_pivot_translate	0 0 0
	scale_pivot_translate	0 0 0
	translate_limit_x -INF +INF
	translate_limit_y -INF +INF
	translate_limit_z -INF +INF
	rotate_limit_x -INF +INF
	rotate_limit_y -INF +INF
	rotate_limit_z -INF +INF
	scale_limit_x -INF +INF
	scale_limit_y -INF +INF
	scale_limit_z -INF +INF
	parent 8
	child_joints 1
		7 
	INSTANCE_LIST
	{
	}
	segment_scale_compensate 1
	EXTRA_ATTRIBUTES
	{
		wire_colour colour 0.682353 0.729412 0.796078
	}
}
BONE bn_fingers_L_01
{
	id 37
	visible	0
	scale_pivot	0 0 0
	rotate_pivot	0 0 0
	min_bound	0 0 0
	max_bound	0 0 0
	scale	1 1 1
	translate	24.2948 -2.43626 -4.53716
	rotation_orient	0 0 0 1
	rotation	-0.033819 0.513783 0.0610105 0.855079
	joint_orient	0 0 0 1
	bind_pose_matrix
		0.464609 0.0695864 -0.882778 0
		-0.139089 0.990268 0.00485656 0
		0.874525 0.120528 0.469766 0
		24.2948 -2.43626 -4.53716 1
	rotation_order xyz
	inherits_transform 1
	shearing 0 0 0
	rotate_pivot_translate	0 0 0
	scale_pivot_translate	0 0 0
	translate_limit_x -INF +INF
	translate_limit_y -INF +INF
	translate_limit_z -INF +INF
	rotate_limit_x -INF +INF
	rotate_limit_y -INF +INF
	rotate_limit_z -INF +INF
	scale_limit_x -INF +INF
	scale_limit_y -INF +INF
	scale_limit_z -INF +INF
	parent 24
	child_joints 0
	INSTANCE_LIST
	{
	}
	EXTRA_ATTRIBUTES
	{
		wire_colour colour 0.054902 1 0.00784314
	}
}
BONE bn_fingers_R_01
{
	id 35
	visible	0
	scale_pivot	0 0 0
	rotate_pivot	0 0 0
	min_bound	0 0 0
	max_bound	0 0 0
	scale	1 1 1
	translate	25.1662 2.89667 -4.50304
	rotation_orient	0 0 0 1
	rotation	-0.0541642 0.701832 0.142022 0.695937
	joint_orient	0 0 0 1
	bind_pose_matrix
		-0.0254765 0.121648 -0.992246 0
		-0.273704 0.953792 0.123961 0
		0.961476 0.27474 0.00899631 0
		25.1662 2.89667 -4.50304 1
	rotation_order xyz
	inherits_transform 1
	shearing 0 0 0
	rotate_pivot_translate	0 0 0
	scale_pivot_translate	0 0 0
	translate_limit_x -INF +INF
	translate_limit_y -INF +INF
	translate_limit_z -INF +INF
	rotate_limit_x -INF +INF
	rotate_limit_y -INF +INF
	rotate_limit_z -INF +INF
	scale_limit_x -INF +INF
	scale_limit_y -INF +INF
	scale_limit_z -INF +INF
	parent 14
	child_joints 0
	INSTANCE_LIST
	{
	}
	EXTRA_ATTRIBUTES
	{
		wire_colour colour 0.054902 1 0.00784314
	}
}
BONE bn_mouth_01
{
	id 30
	visible	0
	scale_pivot	0 0 0
	rotate_pivot	0 0 0
	min_bound	0 0 0
	max_bound	0 0 0
	scale	1 1 1
	translate	9.78494 -3.56927e-05 3.94773
	rotation_orient	0 0 0 1
	rotation	0.703376 0.703366 0.0725904 0.072589
	joint_orient	0 0 0 1
	bind_pose_matrix
		1.29938e-05 1 3.32296e-06 0
		0.978924 -1.35899e-05 0.20423 0
		0.20423 5.73695e-07 -0.978923 0
		9.78494 -3.56927e-05 3.94773 1
	rotation_order xyz
	inherits_transform 1
	shearing 0 0 0
	rotate_pivot_translate	0 0 0
	scale_pivot_translate	0 0 0
	translate_limit_x -INF +INF
	translate_limit_y -INF +INF
	translate_limit_z -INF +INF
	rotate_limit_x -INF +INF
	rotate_limit_y -INF +INF
	rotate_limit_z -INF +INF
	scale_limit_x -INF +INF
	scale_limit_y -INF +INF
	scale_limit_z -INF +INF
	parent 3
	child_joints 0
	INSTANCE_LIST
	{
	}
	EXTRA_ATTRIBUTES
	{
		wire_colour colour 0 0.988235 0
	}
}
BONE bn_mouth_L_01
{
	id 28
	visible	0
	scale_pivot	0 0 0
	rotate_pivot	0 0 0
	min_bound	0 0 0
	max_bound	0 0 0
	scale	1 1 1
	translate	8.01526 2.79226 3.79137
	rotation_orient	0 0 0 1
	rotation	0.416017 0.849811 -0.0443937 0.320592
	joint_orient	0 0 0 1
	bind_pose_matrix
		-0.4483 0.678609 -0.581824 0
		0.735538 0.649918 0.191291 0
		0.507949 -0.342197 -0.7905 0
		8.01526 2.79226 3.79137 1
	rotation_order xyz
	inherits_transform 1
	shearing 0 0 0
	rotate_pivot_translate	0 0 0
	scale_pivot_translate	0 0 0
	translate_limit_x -INF +INF
	translate_limit_y -INF +INF
	translate_limit_z -INF +INF
	rotate_limit_x -INF +INF
	rotate_limit_y -INF +INF
	rotate_limit_z -INF +INF
	scale_limit_x -INF +INF
	scale_limit_y -INF +INF
	scale_limit_z -INF +INF
	parent 3
	child_joints 0
	INSTANCE_LIST
	{
	}
	EXTRA_ATTRIBUTES
	{
		wire_colour colour 0 0.988235 0
	}
}
BONE bn_mouth_R_01
{
	id 29
	visible	0
	scale_pivot	0 0 0
	rotate_pivot	0 0 0
	min_bound	0 0 0
	max_bound	0 0 0
	scale	1 1 1
	translate	8.00369 -2.80794 3.77692
	rotation_orient	0 0 0 1
	rotation	-0.452459 0.833561 0.0274345 0.31576
	joint_orient	0 0 0 1
	bind_pose_matrix
		-0.391154 -0.736979 -0.551236 0
		-0.771629 0.589057 -0.24 0
		0.501585 0.331473 -0.799087 0
		8.00369 -2.80794 3.77692 1
	rotation_order xyz
	inherits_transform 1
	shearing 0 0 0
	rotate_pivot_translate	0 0 0
	scale_pivot_translate	0 0 0
	translate_limit_x -INF +INF
	translate_limit_y -INF +INF
	translate_limit_z -INF +INF
	rotate_limit_x -INF +INF
	rotate_limit_y -INF +INF
	rotate_limit_z -INF +INF
	scale_limit_x -INF +INF
	scale_limit_y -INF +INF
	scale_limit_z -INF +INF
	parent 3
	child_joints 0
	INSTANCE_LIST
	{
	}
	EXTRA_ATTRIBUTES
	{
		wire_colour colour 0 0.988235 0
	}
}
JOINT bn_shoulderpad_L
{
	id 32
	visible	0
	scale_pivot	0 0 0
	rotate_pivot	0 0 0
	min_bound	0 0 0
	max_bound	0 0 0
	scale	1 1 1
	translate	22.4233 2.31755e-06 -1.69933e-06
	rotation_orient	0 0 0 1
	rotation	0.011128 0.0432222 -0.201143 0.978545
	joint_orient	0 0 0 1
	bind_pose_matrix
		0.915347 -0.392693 -0.0890663 0
		0.394617 0.918835 0.00439081 0
		0.080113 -0.0391662 0.996016 0
		22.4233 2.31755e-06 -1.69933e-06 1
	rotation_order xyz
	inherits_transform 1
	shearing 0 0 0
	rotate_pivot_translate	0 0 0
	scale_pivot_translate	0 0 0
	translate_limit_x -INF +INF
	translate_limit_y -INF +INF
	translate_limit_z -INF +INF
	rotate_limit_x -INF +INF
	rotate_limit_y -INF +INF
	rotate_limit_z -INF +INF
	scale_limit_x -INF +INF
	scale_limit_y -INF +INF
	scale_limit_z -INF +INF
	parent 26
	child_joints 0
	INSTANCE_LIST
	{
	}
	segment_scale_compensate 1
	EXTRA_ATTRIBUTES
	{
		wire_colour colour 0.643137 0.776471 0.807843
	}
}
JOINT bn_shoulderpad_R
{
	id 31
	visible	0
	scale_pivot	0 0 0
	rotate_pivot	0 0 0
	min_bound	0 0 0
	max_bound	0 0 0
	scale	1 1 1
	translate	24.4944 4.58098 -9.86309
	rotation_orient	0 0 0 1
	rotation	-0.406893 -0.108713 0.0209748 0.906741
	joint_orient	0 0 0 1
	bind_pose_matrix
		0.975483 0.126506 0.18008 0
		0.0504315 0.667996 -0.742454 0
		-0.214218 0.733333 0.645239 0
		24.4944 4.58098 -9.86309 1
	rotation_order xyz
	inherits_transform 1
	shearing 0 0 0
	rotate_pivot_translate	0 0 0
	scale_pivot_translate	0 0 0
	translate_limit_x -INF +INF
	translate_limit_y -INF +INF
	translate_limit_z -INF +INF
	rotate_limit_x -INF +INF
	rotate_limit_y -INF +INF
	rotate_limit_z -INF +INF
	scale_limit_x -INF +INF
	scale_limit_y -INF +INF
	scale_limit_z -INF +INF
	parent 25
	child_joints 0
	INSTANCE_LIST
	{
	}
	segment_scale_compensate 1
	EXTRA_ATTRIBUTES
	{
		wire_colour colour 0.643137 0.776471 0.807843
	}
}
BONE bn_thumb_L_01
{
	id 33
	visible	0
	scale_pivot	0 0 0
	rotate_pivot	0 0 0
	min_bound	0 0 0
	max_bound	0 0 0
	scale	1 1 1
	translate	3.80865 -10.8076 -8.92636
	rotation_orient	0 0 0 1
	rotation	0.631191 0.269991 -0.297762 0.663355
	joint_orient	0 0 0 1
	bind_pose_matrix
		0.676884 -0.054212 -0.73409 0
		0.735877 0.0258708 0.676622 0
		-0.0176894 -0.998195 0.0574048 0
		3.80865 -10.8076 -8.92636 1
	rotation_order xyz
	inherits_transform 1
	shearing 0 0 0
	rotate_pivot_translate	0 0 0
	scale_pivot_translate	0 0 0
	translate_limit_x -INF +INF
	translate_limit_y -INF +INF
	translate_limit_z -INF +INF
	rotate_limit_x -INF +INF
	rotate_limit_y -INF +INF
	rotate_limit_z -INF +INF
	scale_limit_x -INF +INF
	scale_limit_y -INF +INF
	scale_limit_z -INF +INF
	parent 24
	child_joints 0
	INSTANCE_LIST
	{
	}
	EXTRA_ATTRIBUTES
	{
		wire_colour colour 0.054902 1 0.00784314
	}
}
BONE bn_thumb_R_01
{
	id 34
	visible	0
	scale_pivot	0 0 0
	rotate_pivot	0 0 0
	min_bound	0 0 0
	max_bound	0 0 0
	scale	1 1 1
	translate	3.80856 10.8074 -8.92632
	rotation_orient	0 0 0 1
	rotation	-0.640342 0.334891 0.256351 0.641945
	joint_orient	0 0 0 1
	bind_pose_matrix
		0.644264 -0.0997637 -0.758269 0
		-0.758017 0.0484912 -0.65043 0
		0.101659 0.993829 -0.0443815 0
		3.80856 10.8074 -8.92632 1
	rotation_order xyz
	inherits_transform 1
	shearing 0 0 0
	rotate_pivot_translate	0 0 0
	scale_pivot_translate	0 0 0
	translate_limit_x -INF +INF
	translate_limit_y -INF +INF
	translate_limit_z -INF +INF
	rotate_limit_x -INF +INF
	rotate_limit_y -INF +INF
	rotate_limit_z -INF +INF
	scale_limit_x -INF +INF
	scale_limit_y -INF +INF
	scale_limit_z -INF +INF
	parent 14
	child_joints 0
	INSTANCE_LIST
	{
	}
	EXTRA_ATTRIBUTES
	{
		wire_colour colour 0.054902 1 0.00784314
	}
}
BONE bn_weapon_01
{
	id 36
	visible	0
	scale_pivot	0 0 0
	rotate_pivot	0 0 0
	min_bound	0 0 0
	max_bound	0 0 0
	scale	1 1 1
	translate	19.9492 -11.104 -8.98745
	rotation_orient	0 0 0 1
	rotation	-0.0935285 -0.156995 0.781704 0.596276
	joint_orient	0 0 0 1
	bind_pose_matrix
		-0.271416 0.961588 0.0410017 0
		-0.902854 -0.239616 -0.356985 0
		-0.333448 -0.13391 0.93321 0
		19.9492 -11.104 -8.98745 1
	rotation_order xyz
	inherits_transform 1
	shearing 0 0 0
	rotate_pivot_translate	0 0 0
	scale_pivot_translate	0 0 0
	translate_limit_x -INF +INF
	translate_limit_y -INF +INF
	translate_limit_z -INF +INF
	rotate_limit_x -INF +INF
	rotate_limit_y -INF +INF
	rotate_limit_z -INF +INF
	scale_limit_x -INF +INF
	scale_limit_y -INF +INF
	scale_limit_z -INF +INF
	parent 14
	child_joints 0
	INSTANCE_LIST
	{
	}
	EXTRA_ATTRIBUTES
	{
		wire_colour colour 0.054902 1 0.00784314
	}
}
JOINT root_displacement
{
	id 38
	visible	0
	scale_pivot	0 0 0
	rotate_pivot	0 0 0
	min_bound	0 0 0
	max_bound	0 0 0
	scale	1 1 1
	translate	0 0 -0
	rotation_orient	0 0 0 1
	rotation	0 0 0 1
	joint_orient	0 0 0 1
	bind_pose_matrix
		1 0 0 0
		0 1 0 0
		0 0 1 0
		0 0 -0 1
	rotation_order xyz
	inherits_transform 1
	shearing 0 0 0
	rotate_pivot_translate	0 0 0
	scale_pivot_translate	0 0 0
	translate_limit_x -INF +INF
	translate_limit_y -INF +INF
	translate_limit_z -INF +INF
	rotate_limit_x -INF +INF
	rotate_limit_y -INF +INF
	rotate_limit_z -INF +INF
	scale_limit_x -INF +INF
	scale_limit_y -INF +INF
	scale_limit_z -INF +INF
	parent 0
	child_joints 0
	INSTANCE_LIST
	{
	}
	segment_scale_compensate 1
	EXTRA_ATTRIBUTES
	{
		wire_colour colour 0 0.87451 0.145098
	}
}
ANIMATION_TAKE spawn_from_below_01
{
	id 39
	start_time 0
	end_time 60
	fps 30
	current_time 0
	num_animated_nodes 38
	num_event_tracks 0
	ANIM_NODE 13
	{
		num_animated_attrs 3
		num_animated_attrs_user 0
		ATTR rotation
		{
			num_streams 1
			elements_per_sample 4
			SAMPLED_KEYS
			{

				-0.0530072 0.00483025 -0.0145621 0.998476 
				-0.0340803 -0.0402543 -0.00358096 0.998602 
				-0.0148502 -0.0942638 0.0017556 0.995435 
				0.00238327 -0.150535 0.00144483 0.988601 
				0.0161983 -0.202375 -0.00315011 0.979169 
				0.0265496 -0.243327 -0.00977183 0.969532 
				0.0348097 -0.267259 -0.0158955 0.962865 
				0.0433014 -0.268129 -0.0192123 0.962218 
				0.0564566 -0.24277 -0.0170215 0.96829 
				0.0756331 -0.195617 -0.00937416 0.977714 
				0.0979988 -0.131981 0.00172935 0.986395 
				0.120309 -0.0578108 0.0142673 0.990949 
				0.139515 0.0202494 0.0260503 0.98967 
				0.153151 0.0952507 0.0347044 0.982989 
				0.159422 0.16047 0.0377868 0.973348 
				0.156919 0.209778 0.0330074 0.96451 
				0.127515 0.24457 0.00528493 0.961196 
				0.0632014 0.264877 -0.0381762 0.961451 
				-0.0111906 0.260208 -0.0752727 0.962549 
				-0.056923 0.218088 -0.102714 0.968838 
				-0.0155468 0.0480595 -0.110961 0.99254 
				0.0444271 -0.193668 -0.0829623 0.976543 
				0.0222412 0.216737 -0.195762 0.956142 
				-0.00413711 0.299438 -0.24205 0.922893 
				-0.0377399 0.34289 -0.265775 0.900203 
				-0.0415034 0.342464 -0.272952 0.898049 
				-0.0316849 0.34064 -0.270599 0.899854 
				-0.0133388 0.336047 -0.261721 0.904653 
				0.00863941 0.329812 -0.248811 0.910627 
				0.0297526 0.322258 -0.234313 0.916713 
				0.0465196 0.313926 -0.219851 0.92247 
				0.0566489 0.306066 -0.206355 0.927649 
				0.0588294 0.300634 -0.194495 0.931842 
				0.0523134 0.300103 -0.184978 0.934337 
				0.0359358 0.303937 -0.176994 0.935417 
				0.0113287 0.307768 -0.169363 0.936198 
				-0.017916 0.309203 -0.162477 0.936842 
				-0.0484606 0.306786 -0.156825 0.937518 
				-0.0775529 0.299924 -0.152792 0.938448 
				-0.103225 0.288666 -0.150516 0.939873 
				-0.108838 0.273709 -0.150492 0.943711 
				-0.11228 0.256648 -0.151509 0.947929 
				-0.113725 0.239093 -0.152958 0.952105 
				-0.113609 0.223533 -0.154146 0.955701 
				-0.112754 0.210407 -0.154946 0.958649 
				-0.11169 0.19819 -0.155676 0.961255 
				-0.110526 0.18715 -0.156282 0.963501 
				-0.109348 0.177526 -0.156723 0.965383 
				-0.108229 0.169514 -0.156972 0.966908 
				-0.107217 0.163219 -0.157016 0.968096 
				-0.106337 0.158631 -0.156858 0.968981 
				-0.105586 0.155601 -0.156518 0.969609 
				-0.104944 0.153854 -0.156031 0.970036 
				-0.104372 0.153031 -0.155438 0.970323 
				-0.103833 0.152731 -0.154787 0.970532 
				-0.103288 0.152548 -0.154125 0.970725 
				-0.102708 0.15209 -0.153495 0.970958 
				-0.102066 0.150973 -0.152941 0.971287 
				-0.101338 0.148799 -0.152506 0.971767 
				-0.100492 0.145108 -0.152239 0.972455 
				-0.0994718 0.13929 -0.152204 0.973415 
			}
		}
		ATTR scale
		{
			num_streams 1
			elements_per_sample 3
			POSE_KEY
			{
				1 1 1 
			}
		}
		ATTR translate
		{
			num_streams 1
			elements_per_sample 3
			POSE_KEY
			{
				55.3239 -2.32634e-07 8.54882e-07 
			}
		}
	}
	ANIM_NODE 21
	{
		num_animated_attrs 3
		num_animated_attrs_user 0
		ATTR rotation
		{
			num_streams 1
			elements_per_sample 4
			SAMPLED_KEYS
			{

				0.0892882 -0.000427568 0.0198218 0.995808 
				0.170935 -0.0618855 -0.0209155 0.983114 
				0.252944 -0.131678 -0.0802311 0.955114 
				0.314579 -0.199827 -0.144399 0.916656 
				0.348291 -0.254535 -0.19275 0.881336 
				0.356668 -0.282616 -0.206556 0.86617 
				0.349883 -0.290737 -0.193352 0.869292 
				0.33684 -0.294527 -0.172016 0.877612 
				0.317261 -0.294511 -0.145096 0.889694 
				0.29098 -0.291151 -0.115235 0.904037 
				0.258313 -0.284783 -0.0850106 0.91921 
				0.22025 -0.275614 -0.0566867 0.933977 
				0.178446 -0.263773 -0.0319568 0.947396 
				0.135035 -0.249397 -0.011737 0.958869 
				0.0923579 -0.232721 0.00391289 0.96814 
				0.0526819 -0.214144 0.0157176 0.975254 
				0.0180248 -0.194239 0.0249856 0.98047 
				-0.00986732 -0.173734 0.0333338 0.984179 
				-0.0310888 -0.142799 0.0471486 0.988139 
				-0.0264591 -0.105867 0.0645066 0.991933 
				0.0054475 -0.0603154 0.089292 0.994163 
				0.0527456 0.0261584 0.128384 0.989975 
				0.150199 0.263041 0.169207 0.93788 
				0.236011 0.294413 0.192907 0.905763 
				0.263562 0.245376 0.253266 0.897876 
				0.269024 0.196503 0.288711 0.897585 
