|XMD_005A#0MAX#0005.0.4|
JOINT Bip001
{
	id 1
	visible	1
	scale_pivot	0 0 0
	rotate_pivot	0 0 0
	min_bound	0 0 0
	max_bound	0 0 0
	scale	1 1 1
	translate	-21.0367 1078.77 -11.9854
	rotation_orient	0 0 0 1
	rotation	-0.162133 -0.510296 -0.141164 0.832697
	joint_orient	0 0 0 1
	bind_pose_matrix
		0.439343 -0.0696219 0.895618 0
		0.400564 0.907572 -0.125944 0
		-0.804069 0.414085 0.426623 0
		-21.0367 1078.77 -11.9854 1
	rotation_order xyz
	inherits_transform 1
	shearing 0 0 0
	rotate_pivot_translate	0 0 0
	scale_pivot_translate	0 0 0
	translate_limit_x -INF +INF
	translate_limit_y -INF +INF
	translate_limit_z -INF +INF
	rotate_limit_x -INF +INF
	rotate_limit_y -INF +INF
	rotate_limit_z -INF +INF
	scale_limit_x -INF +INF
	scale_limit_y -INF +INF
	scale_limit_z -INF +INF
	parent 0
	child_joints 1
		9 
	INSTANCE_LIST
	{
	}
	segment_scale_compensate 1
	EXTRA_ATTRIBUTES
	{
		wire_colour colour 1 0 0
	}
}
JOINT Bip001_Head
{
	id 2
	visible	1
	scale_pivot	0 0 0
	rotate_pivot	0 0 0
	min_bound	0 0 0
	max_bound	0 0 0
	scale	1 1 1
	translate	11.5934 2.89577e-05 4.27316e-05
	rotation_orient	0 0 0 1
	rotation	-0.322145 -0.246029 -0.0555538 0.912472
	joint_orient	0 0 0 1
	bind_pose_matrix
		0.872767 0.0571317 0.484782 0
		0.259897 0.786272 -0.560562 0
		-0.413196 0.615233 0.671384 0
		11.5934 2.89577e-05 4.27316e-05 1
	rotation_order xyz
	inherits_transform 1
	shearing 0 0 0
	rotate_pivot_translate	0 0 0
	scale_pivot_translate	0 0 0
	translate_limit_x -INF +INF
	translate_limit_y -INF +INF
	translate_limit_z -INF +INF
	rotate_limit_x -INF +INF
	rotate_limit_y -INF +INF
	rotate_limit_z -INF +INF
	scale_limit_x -INF +INF
	scale_limit_y -INF +INF
	scale_limit_z -INF +INF
	parent 4
	child_joints 1
		3 
	INSTANCE_LIST
	{
	}
	segment_scale_compensate 1
	EXTRA_ATTRIBUTES
	{
		original_name string "Bip001 Head"
		wire_colour colour 0.65098 0.792157 0.941176
	}
}
JOINT Bip001_Jaw
{
	id 3
	visible	1
	scale_pivot	0 0 0
	rotate_pivot	0 0 0
	min_bound	0 0 0
	max_bound	0 0 0
	scale	1 1 1
	translate	3.87305 -3.82662e-05 -2.50599
	rotation_orient	0 0 0 1
	rotation	1.09143e-08 0.793596 2.18605e-06 0.608445
	joint_orient	0 0 0 1
	bind_pose_matrix
		-0.259589 2.67751e-06 -0.965719 0
		-2.64286e-06 1 3.48297e-06 0
		0.965719 3.45641e-06 -0.259589 0
		3.87305 -3.82662e-05 -2.50599 1
	rotation_order xyz
	inherits_transform 1
	shearing 0 0 0
	rotate_pivot_translate	0 0 0
	scale_pivot_translate	0 0 0
	translate_limit_x -INF +INF
	translate_limit_y -INF +INF
	translate_limit_z -INF +INF
	rotate_limit_x -INF +INF
	rotate_limit_y -INF +INF
	rotate_limit_z -INF +INF
	scale_limit_x -INF +INF
	scale_limit_y -INF +INF
	scale_limit_z -INF +INF
	parent 2
	child_joints 3
		28 29 30 
	INSTANCE_LIST
	{
	}
	segment_scale_compensate 1
	EXTRA_ATTRIBUTES
	{
		original_name string "Bip001 Jaw"
		wire_colour colour 0.988235 0 0
	}
}
JOINT Bip001_L_Calf
{
	id 17
	visible	1
	scale_pivot	0 0 0
	rotate_pivot	0 0 0
	min_bound	0 0 0
	max_bound	0 0 0
	scale	1 1 1
	translate	42.8806 -3.00309e-07 -4.91877e-07
	rotation_orient	0 0 0 1
	rotation	-2.49338e-08 -0.00154408 1.54672e-08 0.999999
	joint_orient	0 0 0 1
	bind_pose_matrix
		0.999995 3.10114e-08 0.00308816 0
		-3.08574e-08 1 -4.99153e-08 0
		-0.00308816 4.98198e-08 0.999995 0
		42.8806 -3.00309e-07 -4.91877e-07 1
	rotation_order xyz
	inherits_transform 1
	shearing 0 0 0
	rotate_pivot_translate	0 0 0
	scale_pivot_translate	0 0 0
	translate_limit_x -INF +INF
	translate_limit_y -INF +INF
	translate_limit_z -INF +INF
	rotate_limit_x -INF +INF
	rotate_limit_y -INF +INF
	rotate_limit_z -INF +INF
	scale_limit_x -INF +INF
	scale_limit_y -INF +INF
	scale_limit_z -INF +INF
	parent 18
	child_joints 1
		21 
	INSTANCE_LIST
	{
	}
	segment_scale_compensate 1
	EXTRA_ATTRIBUTES
	{
		original_name string "Bip001 L Calf"
		wire_colour colour 0.109804 0.109804 0.694118
	}
}
JOINT Bip001_L_Clavicle
{
	id 26
	visible	1
	scale_pivot	0 0 0
	rotate_pivot	0 0 0
	min_bound	0 0 0
	max_bound	0 0 0
	scale	1 1 1
	translate	23.2609 5.60502 11.8075
	rotation_orient	0 0 0 1
	rotation	0.826478 0.490598 0.141251 -0.237268
	joint_orient	0 0 0 1
	bind_pose_matrix
		0.478724 0.743908 0.466288 0
		0.877965 -0.406036 -0.253599 0
		0.000674903 0.530789 -0.847504 0
		23.2609 5.60502 11.8075 1
	rotation_order xyz
	inherits_transform 1
	shearing 0 0 0
	rotate_pivot_translate	0 0 0
	scale_pivot_translate	0 0 0
	translate_limit_x -INF +INF
	translate_limit_y -INF +INF
	translate_limit_z -INF +INF
	rotate_limit_x -INF +INF
	rotate_limit_y -INF +INF
	rotate_limit_z -INF +INF
	scale_limit_x -INF +INF
	scale_limit_y -INF +INF
	scale_limit_z -INF +INF
	parent 11
	child_joints 2
		23 32 
	INSTANCE_LIST
	{
	}
	segment_scale_compensate 1
	EXTRA_ATTRIBUTES
	{
		original_name string "Bip001 L Clavicle"
		wire_colour colour 0.109804 0.109804 0.694118
	}
}
JOINT Bip001_L_Foot
{
	id 21
	visible	1
	scale_pivot	0 0 0
	rotate_pivot	0 0 0
	min_bound	0 0 0
	max_bound	0 0 0
	scale	1 1 1
	translate	55.3239 -4.27621e-07 2.67961e-06
	rotation_orient	0 0 0 1
	rotation	0.249977 -0.456086 -0.0986563 0.848389
	joint_orient	0 0 0 1
	bind_pose_matrix
		0.564505 -0.39542 0.724553 0
		-0.060624 0.855557 0.514147 0
		-0.8232 -0.334164 0.458994 0
		55.3239 -4.27621e-07 2.67961e-06 1
	rotation_order xyz
	inherits_transform 1
	shearing 0 0 0
	rotate_pivot_translate	0 0 0
	scale_pivot_translate	0 0 0
	translate_limit_x -INF +INF
	translate_limit_y -INF +INF
	translate_limit_z -INF +INF
	rotate_limit_x -INF +INF
	rotate_limit_y -INF +INF
	rotate_limit_z -INF +INF
	scale_limit_x -INF +INF
	scale_limit_y -INF +INF
	scale_limit_z -INF +INF
	parent 17
	child_joints 1
		19 
	INSTANCE_LIST
	{
	}
	segment_scale_compensate 1
	EXTRA_ATTRIBUTES
	{
		original_name string "Bip001 L Foot"
		wire_colour colour 0.109804 0.109804 0.694118
	}
}
JOINT Bip001_L_Forearm
{
	id 27
	visible	1
	scale_pivot	0 0 0
	rotate_pivot	0 0 0
	min_bound	0 0 0
	max_bound	0 0 0
	scale	1 1 1
	translate	50.8824 -4.00795e-05 1.58207e-06
	rotation_orient	0 0 0 1
	rotation	3.92139e-08 0.873319 -3.15457e-08 -0.48715
	joint_orient	0 0 0 1
	bind_pose_matrix
		-0.525371 9.92273e-08 0.850873 0
		3.77574e-08 1 -9.33049e-08 0
		-0.850873 -1.68928e-08 -0.525371 0
		50.8824 -4.00795e-05 1.58207e-06 1
	rotation_order xyz
	inherits_transform 1
	shearing 0 0 0
	rotate_pivot_translate	0 0 0
	scale_pivot_translate	0 0 0
	translate_limit_x -INF +INF
	translate_limit_y -INF +INF
	translate_limit_z -INF +INF
	rotate_limit_x -INF +INF
	rotate_limit_y -INF +INF
	rotate_limit_z -INF +INF
	scale_limit_x -INF +INF
	scale_limit_y -INF +INF
	scale_limit_z -INF +INF
	parent 23
	child_joints 1
		24 
	INSTANCE_LIST
	{
	}
	segment_scale_compensate 1
	EXTRA_ATTRIBUTES
	{
		original_name string "Bip001 L Forearm"
		wire_colour colour 0.109804 0.109804 0.694118
	}
}
JOINT Bip001_L_Hand
{
	id 24
	visible	1
	scale_pivot	0 0 0
	rotate_pivot	0 0 0
	min_bound	0 0 0
	max_bound	0 0 0
	scale	1 1 1
	translate	42.1284 4.66587e-05 -3.17918e-05
	rotation_orient	0 0 0 1
	rotation	0.90781 -0.321489 0.103831 -0.248487
	joint_orient	0 0 0 1
	bind_pose_matrix
		0.771728 -0.635302 0.0287463 0
		-0.5321 -0.669799 -0.517919 0
		0.348289 0.384397 -0.854947 0
		42.1284 4.66587e-05 -3.17918e-05 1
	rotation_order xyz
	inherits_transform 1
	shearing 0 0 0
	rotate_pivot_translate	0 0 0
	scale_pivot_translate	0 0 0
	translate_limit_x -INF +INF
	translate_limit_y -INF +INF
	translate_limit_z -INF +INF
	rotate_limit_x -INF +INF
	rotate_limit_y -INF +INF
	rotate_limit_z -INF +INF
	scale_limit_x -INF +INF
	scale_limit_y -INF +INF
	scale_limit_z -INF +INF
	parent 27
	child_joints 2
		33 37 
	INSTANCE_LIST
	{
	}
	segment_scale_compensate 1
	EXTRA_ATTRIBUTES
	{
		original_name string "Bip001 L Hand"
		wire_colour colour 0.109804 0.109804 0.694118
	}
}
JOINT Bip001_L_Thigh
{
	id 18
	visible	1
	scale_pivot	0 0 0
	rotate_pivot	0 0 0
	min_bound	0 0 0
	max_bound	0 0 0
	scale	1 1 1
	translate	-4.21363e-07 16.5156 -6.44177e-05
	rotation_orient	0 0 0 1
	rotation	0.100234 0.238454 -0.943754 -0.205965
	joint_orient	0 0 0 1
	bind_pose_matrix
		-0.895063 0.436563 -0.0909668 0
		-0.340958 -0.801437 -0.491372 0
		-0.287419 -0.408793 0.866186 0
		-4.21363e-07 16.5156 -6.44177e-05 1
	rotation_order xyz
	inherits_transform 1
	shearing 0 0 0
	rotate_pivot_translate	0 0 0
	scale_pivot_translate	0 0 0
	translate_limit_x -INF +INF
	translate_limit_y -INF +INF
	translate_limit_z -INF +INF
	rotate_limit_x -INF +INF
	rotate_limit_y -INF +INF
	rotate_limit_z -INF +INF
	scale_limit_x -INF +INF
	scale_limit_y -INF +INF
	scale_limit_z -INF +INF
	parent 9
	child_joints 1
		17 
	INSTANCE_LIST
	{
	}
	segment_scale_compensate 1
	EXTRA_ATTRIBUTES
	{
		original_name string "Bip001 L Thigh"
		wire_colour colour 0.109804 0.109804 0.694118
	}
}
JOINT Bip001_L_Toe0
{
	id 19
	visible	1
	scale_pivot	0 0 0
	rotate_pivot	0 0 0
	min_bound	0 0 0
	max_bound	0 0 0
	scale	1 1 1
	translate	18.3219 1.19254e-06 -21.8944
	rotation_orient	0 0 0 1
	rotation	-0.0422119 0.758351 0.0270346 0.649916
	joint_orient	0 0 0 1
	bind_pose_matrix
		-0.151654 -0.0288825 -0.988012 0
		-0.0991634 0.994975 -0.0138651 0
		0.983447 0.0958718 -0.153756 0
		18.3219 1.19254e-06 -21.8944 1
	rotation_order xyz
	inherits_transform 1
	shearing 0 0 0
	rotate_pivot_translate	0 0 0
	scale_pivot_translate	0 0 0
	translate_limit_x -INF +INF
	translate_limit_y -INF +INF
	translate_limit_z -INF +INF
	rotate_limit_x -INF +INF
	rotate_limit_y -INF +INF
	rotate_limit_z -INF +INF
	scale_limit_x -INF +INF
	scale_limit_y -INF +INF
	scale_limit_z -INF +INF
	parent 21
	child_joints 0
	INSTANCE_LIST
	{
	}
	segment_scale_compensate 1
	EXTRA_ATTRIBUTES
	{
		original_name string "Bip001 L Toe0"
		wire_colour colour 0.423529 0.0313726 0.533333
	}
}
JOINT Bip001_L_UpperArm
{
	id 23
	visible	1
	scale_pivot	0 0 0
	rotate_pivot	0 0 0
	min_bound	0 0 0
	max_bound	0 0 0
	scale	1 1 1
	translate	22.4233 1.64059e-06 2.60405e-06
	rotation_orient	0 0 0 1
	rotation	-0.597923 -0.163902 -0.247946 0.74441
	joint_orient	0 0 0 1
	bind_pose_matrix
		0.823317 -0.173145 0.540527 0
		0.565149 0.162021 -0.808923 0
		0.0524846 0.971478 0.231247 0
		22.4233 1.64059e-06 2.60405e-06 1
	rotation_order xyz
	inherits_transform 1
	shearing 0 0 0
	rotate_pivot_translate	0 0 0
	scale_pivot_translate	0 0 0
	translate_limit_x -INF +INF
	translate_limit_y -INF +INF
	translate_limit_z -INF +INF
	rotate_limit_x -INF +INF
	rotate_limit_y -INF +INF
	rotate_limit_z -INF +INF
	scale_limit_x -INF +INF
	scale_limit_y -INF +INF
	scale_limit_z -INF +INF
	parent 26
	child_joints 1
		27 
	INSTANCE_LIST
	{
	}
	segment_scale_compensate 1
	EXTRA_ATTRIBUTES
	{
		original_name string "Bip001 L UpperArm"
		wire_colour colour 0.109804 0.109804 0.694118
	}
}
JOINT Bip001_Neck
{
	id 4
	visible	1
	scale_pivot	0 0 0
	rotate_pivot	0 0 0
	min_bound	0 0 0
	max_bound	0 0 0
	scale	1 1 1
	translate	32.8698 -5.02867e-05 9.33877
	rotation_orient	0 0 0 1
	rotation	-2.11735e-08 0.314404 8.62697e-07 0.949289
	joint_orient	0 0 0 1
	bind_pose_matrix
		0.8023 1.62458e-06 -0.59692 0
		-1.65121e-06 1 5.02271e-07 0
		0.59692 5.8267e-07 0.8023 0
		32.8698 -5.02867e-05 9.33877 1
	rotation_order xyz
	inherits_transform 1
	shearing 0 0 0
	rotate_pivot_translate	0 0 0
	scale_pivot_translate	0 0 0
	translate_limit_x -INF +INF
	translate_limit_y -INF +INF
	translate_limit_z -INF +INF
	rotate_limit_x -INF +INF
	rotate_limit_y -INF +INF
	rotate_limit_z -INF +INF
	scale_limit_x -INF +INF
	scale_limit_y -INF +INF
	scale_limit_z -INF +INF
	parent 11
	child_joints 1
		2 
	INSTANCE_LIST
	{
	}
	segment_scale_compensate 1
	EXTRA_ATTRIBUTES
	{
		original_name string "Bip001 Neck"
		wire_colour colour 0.0313726 0.431373 0.52549
	}
}
JOINT Bip001_Pelvis
{
	id 9
	visible	1
	scale_pivot	0 0 0
	rotate_pivot	0 0 0
	min_bound	0 0 0
	max_bound	0 0 0
	scale	1 1 1
	translate	0 0 -0
	rotation_orient	0 0 0 1
	rotation	-0.499999 -0.5 0.5 0.500001
	joint_orient	0 0 0 1
	bind_pose_matrix
		-2.38419e-07 1 1.3411e-06 0
		-1.3411e-06 1.13249e-06 -1 0
		-1 -5.96046e-08 1.13249e-06 0
		0 0 -0 1
	rotation_order xyz
	inherits_transform 1
	shearing 0 0 0
	rotate_pivot_translate	0 0 0
	scale_pivot_translate	0 0 0
	translate_limit_x -INF +INF
	translate_limit_y -INF +INF
	translate_limit_z -INF +INF
	rotate_limit_x -INF +INF
	rotate_limit_y -INF +INF
	rotate_limit_z -INF +INF
	scale_limit_x -INF +INF
	scale_limit_y -INF +INF
	scale_limit_z -INF +INF
	parent 1
	child_joints 4
		6 10 16 18 
	INSTANCE_LIST
	{
	}
	segment_scale_compensate 1
	EXTRA_ATTRIBUTES
	{
		original_name string "Bip001 Pelvis"
		wire_colour colour 0.878431 0.776471 0.341176
	}
}
JOINT Bip001_R_Calf
{
	id 20
	visible	1
	scale_pivot	0 0 0
	rotate_pivot	0 0 0
	min_bound	0 0 0
	max_bound	0 0 0
	scale	1 1 1
	translate	42.8806 2.30834e-06 -1.76587e-05
	rotation_orient	0 0 0 1
	rotation	2.69586e-08 -0.147255 2.95581e-09 0.989099
	joint_orient	0 0 0 1
	bind_pose_matrix
		0.956632 -2.0924e-09 0.2913 0
		-1.37868e-08 1 5.24589e-08 0
		-0.2913 -5.42e-08 0.956632 0
		42.8806 2.30834e-06 -1.76587e-05 1
	rotation_order xyz
	inherits_transform 1
	shearing 0 0 0
	rotate_pivot_translate	0 0 0
	scale_pivot_translate	0 0 0
	translate_limit_x -INF +INF
	translate_limit_y -INF +INF
	translate_limit_z -INF +INF
	rotate_limit_x -INF +INF
	rotate_limit_y -INF +INF
	rotate_limit_z -INF +INF
	scale_limit_x -INF +INF
	scale_limit_y -INF +INF
	scale_limit_z -INF +INF
	parent 16
	child_joints 1
		13 
	INSTANCE_LIST
	{
	}
	segment_scale_compensate 1
	EXTRA_ATTRIBUTES
	{
		original_name string "Bip001 R Calf"
		wire_colour colour 0.0235294 0.52549 0.0235294
	}
}
JOINT Bip001_R_Clavicle
{
	id 25
	visible	1
	scale_pivot	0 0 0
	rotate_pivot	0 0 0
	min_bound	0 0 0
	max_bound	0 0 0
	scale	1 1 1
	translate	23.2609 -5.60501 11.8075
	rotation_orient	0 0 0 1
	rotation	0.839187 -0.541442 -0.027338 -0.0431029
	joint_orient	0 0 0 1
	bind_pose_matrix
		0.412186 -0.906386 -0.0925588 0
		-0.9111 -0.409965 -0.0427389 0
		0.000792071 0.101947 -0.99479 0
		23.2609 -5.60501 11.8075 1
	rotation_order xyz
	inherits_transform 1
	shearing 0 0 0
	rotate_pivot_translate	0 0 0
	scale_pivot_translate	0 0 0
	translate_limit_x -INF +INF
	translate_limit_y -INF +INF
	translate_limit_z -INF +INF
	rotate_limit_x -INF +INF
	rotate_limit_y -INF +INF
	rotate_limit_z -INF +INF
	scale_limit_x -INF +INF
	scale_limit_y -INF +INF
	scale_limit_z -INF +INF
	parent 11
	child_joints 2
		15 31 
	INSTANCE_LIST
	{
	}
	segment_scale_compensate 1
	EXTRA_ATTRIBUTES
	{
		original_name string "Bip001 R Clavicle"
		wire_colour colour 0.0235294 0.52549 0.0235294
	}
}
JOINT Bip001_R_Foot
{
	id 13
	visible	1
	scale_pivot	0 0 0
	rotate_pivot	0 0 0
	min_bound	0 0 0
	max_bound	0 0 0
	scale	1 1 1
	translate	55.324 -1.966e-06 9.92551e-07
	rotation_orient	0 0 0 1
	rotation	0.0554208 -0.344686 0.116242 0.929843
	joint_orient	0 0 0 1
	bind_pose_matrix
		0.735359 0.177967 0.653892 0
		-0.254378 0.966833 0.0229316 0
		-0.628123 -0.183199 0.75624 0
		55.324 -1.966e-06 9.92551e-07 1
	rotation_order xyz
	inherits_transform 1
	shearing 0 0 0
	rotate_pivot_translate	0 0 0
	scale_pivot_translate	0 0 0
	translate_limit_x -INF +INF
	translate_limit_y -INF +INF
	translate_limit_z -INF +INF
	rotate_limit_x -INF +INF
	rotate_limit_y -INF +INF
	rotate_limit_z -INF +INF
	scale_limit_x -INF +INF
	scale_limit_y -INF +INF
	scale_limit_z -INF +INF
	parent 20
	child_joints 1
		12 
	INSTANCE_LIST
	{
	}
	segment_scale_compensate 1
	EXTRA_ATTRIBUTES
	{
		original_name string "Bip001 R Foot"
		wire_colour colour 0.0235294 0.52549 0.0235294
	}
}
JOINT Bip001_R_Forearm
{
	id 22
	visible	1
	scale_pivot	0 0 0
	rotate_pivot	0 0 0
	min_bound	0 0 0
	max_bound	0 0 0
	scale	1 1 1
	translate	50.8825 -2.48337e-07 -9.56791e-06
	rotation_orient	0 0 0 1
	rotation	3.68298e-10 -0.250074 -1.13266e-08 0.968227
	joint_orient	0 0 0 1
	bind_pose_matrix
		0.874926 -2.21176e-08 0.484256 0
		2.17492e-08 1 6.37815e-09 0
		-0.484256 4.95177e-09 0.874926 0
		50.8825 -2.48337e-07 -9.56791e-06 1
	rotation_order xyz
	inherits_transform 1
	shearing 0 0 0
	rotate_pivot_translate	0 0 0
	scale_pivot_translate	0 0 0
	translate_limit_x -INF +INF
	translate_limit_y -INF +INF
	translate_limit_z -INF +INF
	rotate_limit_x -INF +INF
	rotate_limit_y -INF +INF
	rotate_limit_z -INF +INF
	scale_limit_x -INF +INF
	scale_limit_y -INF +INF
	scale_limit_z -INF +INF
	parent 15
	child_joints 1
		14 
	INSTANCE_LIST
	{
	}
	segment_scale_compensate 1
	EXTRA_ATTRIBUTES
	{
		original_name string "Bip001 R Forearm"
		wire_colour colour 0.0235294 0.52549 0.0235294
	}
}
JOINT Bip001_R_Hand
{
	id 14
	visible	1
	scale_pivot	0 0 0
	rotate_pivot	0 0 0
	min_bound	0 0 0
	max_bound	0 0 0
	scale	1 1 1
	translate	42.1285 -2.2283e-05 4.12076e-05
	rotation_orient	0 0 0 1
	rotation	0.810661 0.451551 0.193245 0.318728
	joint_orient	0 0 0 1
	bind_pose_matrix
		0.517517 0.855294 0.0254677 0
		0.608924 -0.389029 0.691281 0
		0.601156 -0.342242 -0.722138 0
		42.1285 -2.2283e-05 4.12076e-05 1
	rotation_order xyz
	inherits_transform 1
	shearing 0 0 0
	rotate_pivot_translate	0 0 0
	scale_pivot_translate	0 0 0
	translate_limit_x -INF +INF
	translate_limit_y -INF +INF
	translate_limit_z -INF +INF
	rotate_limit_x -INF +INF
	rotate_limit_y -INF +INF
	rotate_limit_z -INF +INF
	scale_limit_x -INF +INF
	scale_limit_y -INF +INF
	scale_limit_z -INF +INF
	parent 22
	child_joints 3
		34 35 36 
	INSTANCE_LIST
	{
	}
	segment_scale_compensate 1
	EXTRA_ATTRIBUTES
	{
		original_name string "Bip001 R Hand"
		wire_colour colour 0.0235294 0.52549 0.0235294
	}
}
JOINT Bip001_R_Thigh
{
	id 16
	visible	1
	scale_pivot	0 0 0
	rotate_pivot	0 0 0
	min_bound	0 0 0
	max_bound	0 0 0
	scale	1 1 1
	translate	-1.17097e-05 -16.5157 -2.18491e-05
	rotation_orient	0 0 0 1
	rotation	0.0614675 -0.478512 -0.868689 -0.112374
	joint_orient	0 0 0 1
	bind_pose_matrix
		-0.967188 0.136411 -0.214337 0
		-0.254062 -0.516797 0.817541 0
		0.000752531 0.84517 0.534496 0
		-1.17097e-05 -16.5157 -2.18491e-05 1
	rotation_order xyz
	inherits_transform 1
	shearing 0 0 0
	rotate_pivot_translate	0 0 0
	scale_pivot_translate	0 0 0
	translate_limit_x -INF +INF
	translate_limit_y -INF +INF
	translate_limit_z -INF +INF
	rotate_limit_x -INF +INF
	rotate_limit_y -INF +INF
	rotate_limit_z -INF +INF
	scale_limit_x -INF +INF
	scale_limit_y -INF +INF
	scale_limit_z -INF +INF
	parent 9
	child_joints 1
		20 
	INSTANCE_LIST
	{
	}
	segment_scale_compensate 1
	EXTRA_ATTRIBUTES
	{
		original_name string "Bip001 R Thigh"
		wire_colour colour 0.0235294 0.52549 0.0235294
	}
}
JOINT Bip001_R_Toe0
{
	id 12
	visible	1
	scale_pivot	0 0 0
	rotate_pivot	0 0 0
	min_bound	0 0 0
	max_bound	0 0 0
	scale	1 1 1
	translate	18.3219 -7.58918e-06 -21.8944
	rotation_orient	0 0 0 1
	rotation	-3.73831e-06 0.707019 0.000209513 0.707194
	joint_orient	0 0 0 1
	bind_pose_matrix
		0.000247598 0.000291047 -1 0
		-0.000301619 1 0.000290972 0
		1 0.000301547 0.000247657 0
		18.3219 -7.58918e-06 -21.8944 1
	rotation_order xyz
	inherits_transform 1
	shearing 0 0 0
	rotate_pivot_translate	0 0 0
	scale_pivot_translate	0 0 0
	translate_limit_x -INF +INF
	translate_limit_y -INF +INF
	translate_limit_z -INF +INF
	rotate_limit_x -INF +INF
	rotate_limit_y -INF +INF
	rotate_limit_z -INF +INF
	scale_limit_x -INF +INF
	scale_limit_y -INF +INF
	scale_limit_z -INF +INF
	parent 13
	child_joints 0
	INSTANCE_LIST
	{
	}
	segment_scale_compensate 1
	EXTRA_ATTRIBUTES
	{
		original_name string "Bip001 R Toe0"
		wire_colour colour 0.443137 0.52549 0.0235294
	}
}
JOINT Bip001_R_UpperArm
{
	id 15
	visible	1
	scale_pivot	0 0 0
	rotate_pivot	0 0 0
	min_bound	0 0 0
	max_bound	0 0 0
	scale	1 1 1
	translate	22.4233 3.29562e-05 3.54445e-05
	rotation_orient	0 0 0 1
	rotation	0.795906 0.13753 -0.17036 0.564444
	joint_orient	0 0 0 1
	bind_pose_matrix
		0.904126 0.0266037 -0.426437 0
		0.411239 -0.324976 0.85163 0
		-0.115925 -0.945348 -0.30476 0
		22.4233 3.29562e-05 3.54445e-05 1
	rotation_order xyz
	inherits_transform 1
	shearing 0 0 0
	rotate_pivot_translate	0 0 0
	scale_pivot_translate	0 0 0
	translate_limit_x -INF +INF
	translate_limit_y -INF +INF
	translate_limit_z -INF +INF
	rotate_limit_x -INF +INF
	rotate_limit_y -INF +INF
	rotate_limit_z -INF +INF
	scale_limit_x -INF +INF
	scale_limit_y -INF +INF
	scale_limit_z -INF +INF
	parent 25
	child_joints 1
		22 
	INSTANCE_LIST
	{
	}
	segment_scale_compensate 1
	EXTRA_ATTRIBUTES
	{
		original_name string "Bip001 R UpperArm"
		wire_colour colour 0.0235294 0.52549 0.0235294
	}
}
JOINT Bip001_Spine
{
	id 10
	visible	1
	scale_pivot	0 0 0
	rotate_pivot	0 0 0
	min_bound	0 0 0
	max_bound	0 0 0
	scale	1 1 1
	translate	21.7801 -0.00453119 0.0106924
	rotation_orient	0 0 0 1
	rotation	0.115461 0.266121 -0.257994 0.921568
	joint_orient	0 0 0 1
	bind_pose_matrix
		0.725237 -0.414065 -0.550074 0
		0.536971 0.840216 0.0754951 0
		0.430921 -0.350126 0.831696 0
		21.7801 -0.00453119 0.0106924 1
	rotation_order xyz
	inherits_transform 1
	shearing 0 0 0
	rotate_pivot_translate	0 0 0
	scale_pivot_translate	0 0 0
	translate_limit_x -INF +INF
	translate_limit_y -INF +INF
	translate_limit_z -INF +INF
	rotate_limit_x -INF +INF
	rotate_limit_y -INF +INF
	rotate_limit_z -INF +INF
	scale_limit_x -INF +INF
	scale_limit_y -INF +INF
	scale_limit_z -INF +INF
	parent 9
	child_joints 1
		11 
	INSTANCE_LIST
	{
	}
	segment_scale_compensate 1
	EXTRA_ATTRIBUTES
	{
		original_name string "Bip001 Spine"
		wire_colour colour 0.0313726 0.431373 0.52549
	}
}
JOINT Bip001_Spine1
{
	id 11
	visible	1
	scale_pivot	0 0 0
	rotate_pivot	0 0 0
	min_bound	0 0 0
	max_bound	0 0 0
	scale	1 1 1
	translate	16.2114 -0.0109166 0.0203255
	rotation_orient	0 0 0 1
	rotation	0.208758 0.218742 -0.0949686 0.948448
	joint_orient	0 0 0 1
	bind_pose_matrix
		0.886266 -0.0888174 -0.454581 0
		0.271474 0.894802 0.354444 0
		0.37528 -0.437539 0.817144 0
		16.2114 -0.0109166 0.0203255 1
	rotation_order xyz
	inherits_transform 1
	shearing 0 0 0
	rotate_pivot_translate	0 0 0
	scale_pivot_translate	0 0 0
	translate_limit_x -INF +INF
	translate_limit_y -INF +INF
	translate_limit_z -INF +INF
	rotate_limit_x -INF +INF
	rotate_limit_y -INF +INF
	rotate_limit_z -INF +INF
	scale_limit_x -INF +INF
	scale_limit_y -INF +INF
	scale_limit_z -INF +INF
	parent 10
	child_joints 3
		4 25 26 
	INSTANCE_LIST
	{
	}
	segment_scale_compensate 1
	EXTRA_ATTRIBUTES
	{
		original_name string "Bip001 Spine1"
		wire_colour colour 0.0313726 0.431373 0.52549
	}
}
JOINT be_F_tabard_01
{
	id 7
	visible	0
	scale_pivot	0 0 0
	rotate_pivot	0 0 0
	min_bound	0 0 0
	max_bound	0 0 0
	scale	1 1 1
	translate	24.8567 -1.21698e-05 3.07813e-05
	rotation_orient	0 0 0 1
	rotation	5.36345e-07 4.16185e-08 0.0206198 0.999787
	joint_orient	0 0 0 1
	bind_pose_matrix
		0.99915 0.0412307 -6.11007e-08 0
		-0.0412307 0.99915 1.07418e-06 0
		1.05338e-07 -1.07074e-06 1 0
		24.8567 -1.21698e-05 3.07813e-05 1
	rotation_order xyz
	inherits_transform 1
	shearing 0 0 0
	rotate_pivot_translate	0 0 0
	scale_pivot_translate	0 0 0
	translate_limit_x -INF +INF
	translate_limit_y -INF +INF
	translate_limit_z -INF +INF
	rotate_limit_x -INF +INF
	rotate_limit_y -INF +INF
	rotate_limit_z -INF +INF
	scale_limit_x -INF +INF
	scale_limit_y -INF +INF
	scale_limit_z -INF +INF
	parent 5
	child_joints 0
	INSTANCE_LIST
	{
	}
	segment_scale_compensate 1
	EXTRA_ATTRIBUTES
	{
		wire_colour colour 0.682353 0.729412 0.796078
	}
}
JOINT bn_F_tabard_01
{
	id 6
	visible	0
	scale_pivot	0 0 0
	rotate_pivot	0 0 0
	min_bound	0 0 0
	max_bound	0 0 0
	scale	1 1 1
	translate	12.9496 -3.73601e-06 -19.7355
	rotation_orient	0 0 0 1
	rotation	0.0962341 0.706075 -0.7005 0.0386915
	joint_orient	0 0 0 1
	bind_pose_matrix
		-0.978484 0.0816904 -0.189462 0
		0.190104 7.87973e-05 -0.981764 0
		-0.0801857 -0.996658 -0.0156066 0
		12.9496 -3.73601e-06 -19.7355 1
	rotation_order xyz
	inherits_transform 1
	shearing 0 0 0
	rotate_pivot_translate	0 0 0
	scale_pivot_translate	0 0 0
	translate_limit_x -INF +INF
	translate_limit_y -INF +INF
	translate_limit_z -INF +INF
	rotate_limit_x -INF +INF
	rotate_limit_y -INF +INF
	rotate_limit_z -INF +INF
	scale_limit_x -INF +INF
	scale_limit_y -INF +INF
	scale_limit_z -INF +INF
	parent 9
	child_joints 1
		8 
	INSTANCE_LIST
	{
	}
	segment_scale_compensate 1
	EXTRA_ATTRIBUTES
	{
		wire_colour colour 0.682353 0.729412 0.796078
	}
}
JOINT bn_F_tabard_02
{
	id 8
	visible	0
	scale_pivot	0 0 0
	rotate_pivot	0 0 0
	min_bound	0 0 0
	max_bound	0 0 0
	scale	1 1 1
	translate	19.4103 1.36895e-05 -3.92353e-05
	rotation_orient	0 0 0 1
	rotation	0.00420154 0.0351498 -0.0963866 0.994714
	joint_orient	0 0 0 1
	bind_pose_matrix
		0.978948 -0.191459 -0.070738 0
		0.19205 0.981384 0.00158271 0
		0.0691181 -0.0151346 0.997494 0
		19.4103 1.36895e-05 -3.92353e-05 1
	rotation_order xyz
	inherits_transform 1
	shearing 0 0 0
	rotate_pivot_translate	0 0 0
	scale_pivot_translate	0 0 0
	translate_limit_x -INF +INF
	translate_limit_y -INF +INF
	translate_limit_z -INF +INF
	rotate_limit_x -INF +INF
	rotate_limit_y -INF +INF
	rotate_limit_z -INF +INF
	scale_limit_x -INF +INF
	scale_limit_y -INF +INF
	scale_limit_z -INF +INF
	parent 6
	child_joints 1
		5 
	INSTANCE_LIST
	{
	}
	segment_scale_compensate 1
	EXTRA_ATTRIBUTES
	{
		wire_colour colour 0.682353 0.729412 0.796078
	}
}
JOINT bn_F_tabard_03
{
	id 5
	visible	0
	scale_pivot	0 0 0
	rotate_pivot	0 0 0
	min_bound	0 0 0
	max_bound	0 0 0
	scale	1 1 1
	translate	22.1778 -4.39819e-05 -1.47807e-07
	rotation_orient	0 0 0 1
	rotation	0.00432872 0.0349709 -0.100041 0.994359
	joint_orient	0 0 0 1
	bind_pose_matrix
		0.977538 -0.198651 -0.0704134 0
		0.199256 0.979946 0.00161156 0
		0.0686812 -0.0156057 0.997517 0
		22.1778 -4.39819e-05 -1.47807e-07 1
	rotation_order xyz
	inherits_transform 1
	shearing 0 0 0
	rotate_pivot_translate	0 0 0
	scale_pivot_translate	0 0 0
	translate_limit_x -INF +INF
	translate_limit_y -INF +INF
	translate_limit_z -INF +INF
	rotate_limit_x -INF +INF
	rotate_limit_y -INF +INF
	rotate_limit_z -INF +INF
	scale_limit_x -INF +INF
	scale_limit_y -INF +INF
	scale_limit_z -INF +INF
	parent 8
	child_joints 1
		7 
	INSTANCE_LIST
	{
	}
	segment_scale_compensate 1
	EXTRA_ATTRIBUTES
	{
		wire_colour colour 0.682353 0.729412 0.796078
	}
}
BONE bn_fingers_L_01
{
	id 37
	visible	0
	scale_pivot	0 0 0
	rotate_pivot	0 0 0
	min_bound	0 0 0
	max_bound	0 0 0
	scale	1 1 1
	translate	24.2948 -2.43628 -4.53719
	rotation_orient	0 0 0 1
	rotation	-0.0338189 0.513784 0.0610106 0.855079
	joint_orient	0 0 0 1
	bind_pose_matrix
		0.464609 0.0695865 -0.882778 0
		-0.139089 0.990268 0.00485669 0
		0.874525 0.120528 0.469766 0
		24.2948 -2.43628 -4.53719 1
	rotation_order xyz
	inherits_transform 1
	shearing 0 0 0
	rotate_pivot_translate	0 0 0
	scale_pivot_translate	0 0 0
	translate_limit_x -INF +INF
	translate_limit_y -INF +INF
	translate_limit_z -INF +INF
	rotate_limit_x -INF +INF
	rotate_limit_y -INF +INF
	rotate_limit_z -INF +INF
	scale_limit_x -INF +INF
	scale_limit_y -INF +INF
	scale_limit_z -INF +INF
	parent 24
	child_joints 0
	INSTANCE_LIST
	{
	}
	EXTRA_ATTRIBUTES
	{
		wire_colour colour 0.054902 1 0.00784314
	}
}
BONE bn_fingers_R_01
{
	id 35
	visible	0
	scale_pivot	0 0 0
	rotate_pivot	0 0 0
	min_bound	0 0 0
	max_bound	0 0 0
	scale	1 1 1
	translate	25.166 2.89663 -4.50304
	rotation_orient	0 0 0 1
	rotation	-0.0541641 0.701832 0.142022 0.695937
	joint_orient	0 0 0 1
	bind_pose_matrix
		-0.0254766 0.121648 -0.992246 0
		-0.273704 0.953792 0.123961 0
		0.961477 0.27474 0.00899619 0
		25.166 2.89663 -4.50304 1
	rotation_order xyz
	inherits_transform 1
	shearing 0 0 0
	rotate_pivot_translate	0 0 0
	scale_pivot_translate	0 0 0
	translate_limit_x -INF +INF
	translate_limit_y -INF +INF
	translate_limit_z -INF +INF
	rotate_limit_x -INF +INF
	rotate_limit_y -INF +INF
	rotate_limit_z -INF +INF
	scale_limit_x -INF +INF
	scale_limit_y -INF +INF
	scale_limit_z -INF +INF
	parent 14
	child_joints 0
	INSTANCE_LIST
	{
	}
	EXTRA_ATTRIBUTES
	{
		wire_colour colour 0.054902 1 0.00784314
	}
}
BONE bn_mouth_01
{
	id 30
	visible	0
	scale_pivot	0 0 0
	rotate_pivot	0 0 0
	min_bound	0 0 0
	max_bound	0 0 0
	scale	1 1 1
	translate	9.78505 -3.21958e-05 3.94774
	rotation_orient	0 0 0 1
	rotation	0.703376 0.703366 0.0725906 0.0725888
	joint_orient	0 0 0 1
	bind_pose_matrix
		1.25766e-05 1 3.94881e-06 0
		0.978923 -1.32322e-05 0.20423 0
		0.20423 1.2815e-06 -0.978923 0
		9.78505 -3.21958e-05 3.94774 1
	rotation_order xyz
	inherits_transform 1
	shearing 0 0 0
	rotate_pivot_translate	0 0 0
	scale_pivot_translate	0 0 0
	translate_limit_x -INF +INF
	translate_limit_y -INF +INF
	translate_limit_z -INF +INF
	rotate_limit_x -INF +INF
	rotate_limit_y -INF +INF
	rotate_limit_z -INF +INF
	scale_limit_x -INF +INF
	scale_limit_y -INF +INF
	scale_limit_z -INF +INF
	parent 3
	child_joints 0
	INSTANCE_LIST
	{
	}
	EXTRA_ATTRIBUTES
	{
		wire_colour colour 0 0.988235 0
	}
}
BONE bn_mouth_L_01
{
	id 28
	visible	0
	scale_pivot	0 0 0
	rotate_pivot	0 0 0
	min_bound	0 0 0
	max_bound	0 0 0
	scale	1 1 1
	translate	8.01541 2.79228 3.79134
	rotation_orient	0 0 0 1
	rotation	0.416017 0.849811 -0.0443938 0.320592
	joint_orient	0 0 0 1
	bind_pose_matrix
		-0.448302 0.678609 -0.581824 0
		0.735538 0.649918 0.191291 0
		0.507949 -0.342196 -0.7905 0
		8.01541 2.79228 3.79134 1
	rotation_order xyz
	inherits_transform 1
	shearing 0 0 0
	rotate_pivot_translate	0 0 0
	scale_pivot_translate	0 0 0
	translate_limit_x -INF +INF
	translate_limit_y -INF +INF
	translate_limit_z -INF +INF
	rotate_limit_x -INF +INF
	rotate_limit_y -INF +INF
	rotate_limit_z -INF +INF
	scale_limit_x -INF +INF
	scale_limit_y -INF +INF
	scale_limit_z -INF +INF
	parent 3
	child_joints 0
	INSTANCE_LIST
	{
	}
	EXTRA_ATTRIBUTES
	{
		wire_colour colour 0 0.988235 0
	}
}
BONE bn_mouth_R_01
{
	id 29
	visible	0
	scale_pivot	0 0 0
	rotate_pivot	0 0 0
	min_bound	0 0 0
	max_bound	0 0 0
	scale	0.999999 1 1
	translate	8.00341 -2.80815 3.77775
	rotation_orient	0 0 0 1
	rotation	-0.452459 0.833561 0.0274343 0.31576
	joint_orient	0 0 0 1
	bind_pose_matrix
		-0.391154 -0.736978 -0.551236 0
		-0.77163 0.589057 -0.24 0
		0.501585 0.331473 -0.799087 0
		8.00341 -2.80815 3.77775 1
	rotation_order xyz
	inherits_transform 1
	shearing 0 0 0
	rotate_pivot_translate	0 0 0
	scale_pivot_translate	0 0 0
	translate_limit_x -INF +INF
	translate_limit_y -INF +INF
	translate_limit_z -INF +INF
	rotate_limit_x -INF +INF
	rotate_limit_y -INF +INF
	rotate_limit_z -INF +INF
	scale_limit_x -INF +INF
	scale_limit_y -INF +INF
	scale_limit_z -INF +INF
	parent 3
	child_joints 0
	INSTANCE_LIST
	{
	}
	EXTRA_ATTRIBUTES
	{
		wire_colour colour 0 0.988235 0
	}
}
JOINT bn_shoulderpad_L
{
	id 32
	visible	0
	scale_pivot	0 0 0
	rotate_pivot	0 0 0
	min_bound	0 0 0
	max_bound	0 0 0
	scale	1 1 1
	translate	22.4232 6.54798e-06 4.10097e-05
	rotation_orient	0 0 0 1
	rotation	-0.320115 -0.0877497 -0.132745 0.933919
	joint_orient	0 0 0 1
	bind_pose_matrix
		0.949358 -0.191766 0.24889 0
		0.304126 0.75981 -0.574627 0
		-0.0789148 0.62122 0.779653 0
		22.4232 6.54798e-06 4.10097e-05 1
	rotation_order xyz
	inherits_transform 1
	shearing 0 0 0
	rotate_pivot_translate	0 0 0
	scale_pivot_translate	0 0 0
	translate_limit_x -INF +INF
	translate_limit_y -INF +INF
	translate_limit_z -INF +INF
	rotate_limit_x -INF +INF
	rotate_limit_y -INF +INF
	rotate_limit_z -INF +INF
	scale_limit_x -INF +INF
	scale_limit_y -INF +INF
	scale_limit_z -INF +INF
	parent 26
	child_joints 0
	INSTANCE_LIST
	{
	}
	segment_scale_compensate 1
	EXTRA_ATTRIBUTES
	{
		wire_colour colour 0.643137 0.776471 0.807843
	}
}
JOINT bn_shoulderpad_R
{
	id 31
	visible	0
	scale_pivot	0 0 0
	rotate_pivot	0 0 0
	min_bound	0 0 0
	max_bound	0 0 0
	scale	1 1 1
	translate	44.8619 -1.43724 -14.0012
	rotation_orient	0 0 0 1
	rotation	-0.0182262 0.268993 -0.251328 0.929594
	joint_orient	0 0 0 1
	bind_pose_matrix
		0.728954 -0.477071 -0.490948 0
		0.45746 0.873004 -0.169097 0
		0.509271 -0.101325 0.854621 0
		44.8619 -1.43724 -14.0012 1
	rotation_order xyz
	inherits_transform 1
	shearing 0 0 0
	rotate_pivot_translate	0 0 0
	scale_pivot_translate	0 0 0
	translate_limit_x -INF +INF
	translate_limit_y -INF +INF
	translate_limit_z -INF +INF
	rotate_limit_x -INF +INF
	rotate_limit_y -INF +INF
	rotate_limit_z -INF +INF
	scale_limit_x -INF +INF
	scale_limit_y -INF +INF
	scale_limit_z -INF +INF
	parent 25
	child_joints 0
	INSTANCE_LIST
	{
	}
	segment_scale_compensate 1
	EXTRA_ATTRIBUTES
	{
		wire_colour colour 0.643137 0.776471 0.807843
	}
}
BONE bn_thumb_L_01
{
	id 33
	visible	0
	scale_pivot	0 0 0
	rotate_pivot	0 0 0
	min_bound	0 0 0
	max_bound	0 0 0
	scale	1 1 1
	translate	3.80868 -10.8076 -8.92633
	rotation_orient	0 0 0 1
	rotation	0.631191 0.269992 -0.297763 0.663355
	joint_orient	0 0 0 1
	bind_pose_matrix
		0.676884 -0.0542121 -0.734091 0
		0.735878 0.0258711 0.676621 0
		-0.0176893 -0.998194 0.0574052 0
		3.80868 -10.8076 -8.92633 1
	rotation_order xyz
	inherits_transform 1
	shearing 0 0 0
	rotate_pivot_translate	0 0 0
	scale_pivot_translate	0 0 0
	translate_limit_x -INF +INF
	translate_limit_y -INF +INF
	translate_limit_z -INF +INF
	rotate_limit_x -INF +INF
	rotate_limit_y -INF +INF
	rotate_limit_z -INF +INF
	scale_limit_x -INF +INF
	scale_limit_y -INF +INF
	scale_limit_z -INF +INF
	parent 24
	child_joints 0
	INSTANCE_LIST
	{
	}
	EXTRA_ATTRIBUTES
	{
		wire_colour colour 0.054902 1 0.00784314
	}
}
BONE bn_thumb_R_01
{
	id 34
	visible	0
	scale_pivot	0 0 0
	rotate_pivot	0 0 0
	min_bound	0 0 0
	max_bound	0 0 0
	scale	1 1 1
	translate	3.80827 10.8073 -8.92639
	rotation_orient	0 0 0 1
	rotation	-0.640342 0.334892 0.256351 0.641945
	joint_orient	0 0 0 1
	bind_pose_matrix
		0.644263 -0.0997638 -0.758269 0
		-0.758017 0.0484912 -0.650429 0
		0.101659 0.993829 -0.0443816 0
		3.80827 10.8073 -8.92639 1
	rotation_order xyz
	inherits_transform 1
	shearing 0 0 0
	rotate_pivot_translate	0 0 0
	scale_pivot_translate	0 0 0
	translate_limit_x -INF +INF
	translate_limit_y -INF +INF
	translate_limit_z -INF +INF
	rotate_limit_x -INF +INF
	rotate_limit_y -INF +INF
	rotate_limit_z -INF +INF
	scale_limit_x -INF +INF
	scale_limit_y -INF +INF
	scale_limit_z -INF +INF
	parent 14
	child_joints 0
	INSTANCE_LIST
	{
	}
	EXTRA_ATTRIBUTES
	{
		wire_colour colour 0.054902 1 0.00784314
	}
}
BONE bn_weapon_01
{
	id 36
	visible	0
	scale_pivot	0 0 0
	rotate_pivot	0 0 0
	min_bound	0 0 0
	max_bound	0 0 0
	scale	1 1 1
	translate	19.9492 -11.1041 -8.98746
	rotation_orient	0 0 0 1
	rotation	-0.093529 -0.156995 0.781703 0.596276
	joint_orient	0 0 0 1
	bind_pose_matrix
		-0.271415 0.961589 0.041001 0
		-0.902854 -0.239616 -0.356985 0
		-0.333449 -0.133909 0.93321 0
		19.9492 -11.1041 -8.98746 1
	rotation_order xyz
	inherits_transform 1
	shearing 0 0 0
	rotate_pivot_translate	0 0 0
	scale_pivot_translate	0 0 0
	translate_limit_x -INF +INF
	translate_limit_y -INF +INF
	translate_limit_z -INF +INF
	rotate_limit_x -INF +INF
	rotate_limit_y -INF +INF
	rotate_limit_z -INF +INF
	scale_limit_x -INF +INF
	scale_limit_y -INF +INF
	scale_limit_z -INF +INF
	parent 14
	child_joints 0
	INSTANCE_LIST
	{
	}
	EXTRA_ATTRIBUTES
	{
		wire_colour colour 0.054902 1 0.00784314
	}
}
JOINT root_displacement
{
	id 38
	visible	0
	scale_pivot	0 0 0
	rotate_pivot	0 0 0
	min_bound	0 0 0
	max_bound	0 0 0
	scale	1 1 1
	translate	0 0 -0
	rotation_orient	0 0 0 1
	rotation	0 0 0 1
	joint_orient	0 0 0 1
	bind_pose_matrix
		1 0 0 0
		0 1 0 0
		0 0 1 0
		0 0 -0 1
	rotation_order xyz
	inherits_transform 1
	shearing 0 0 0
	rotate_pivot_translate	0 0 0
	scale_pivot_translate	0 0 0
	translate_limit_x -INF +INF
	translate_limit_y -INF +INF
	translate_limit_z -INF +INF
	rotate_limit_x -INF +INF
	rotate_limit_y -INF +INF
	rotate_limit_z -INF +INF
	scale_limit_x -INF +INF
	scale_limit_y -INF +INF
	scale_limit_z -INF +INF
	parent 0
	child_joints 0
	INSTANCE_LIST
	{
	}
	segment_scale_compensate 1
	EXTRA_ATTRIBUTES
	{
		wire_colour colour 0 0.87451 0.145098
	}
}
ANIMATION_TAKE bounty_intro_spawn_01
{
	id 39
	start_time 0
	end_time 210
	fps 30
	current_time 0
	num_animated_nodes 38
	num_event_tracks 0
	ANIM_NODE 11
	{
		num_animated_attrs 3
		num_animated_attrs_user 0
		ATTR rotation
		{
			num_streams 1
			elements_per_sample 4
			SAMPLED_KEYS
			{

				0.208758 0.218742 -0.0949686 0.948448 
				0.225164 0.232177 -0.0919969 0.94177 
				0.208758 0.218742 -0.0949686 0.948448 
				0.0834898 0.0891943 -0.115087 0.985814 
				-0.0622935 -0.00645592 -0.135082 0.988853 
				-0.146554 0.126385 -0.150496 0.969484 
				-0.192377 0.280588 -0.156379 0.927258 
				-0.219431 0.317918 -0.156781 0.908954 
				-0.233503 0.321206 -0.154739 0.904632 
				-0.228389 0.311543 -0.147868 0.910447 
				-0.197023 0.293796 -0.135124 0.925531 
				-0.148222 0.264629 -0.118433 0.945503 
				-0.0998692 0.233192 -0.100007 0.962105 
				-0.0705381 0.209953 -0.0826646 0.971654 
				-0.0697058 0.197443 -0.0664785 0.97557 
				-0.0862081 0.190613 -0.050375 0.976574 
				-0.107748 0.189083 -0.0357081 0.975378 
				-0.122076 0.192574 -0.0238491 0.973367 
				-0.128457 0.199242 -0.0139651 0.971394 
				-0.134325 0.207227 -0.00428774 0.969018 
				-0.139743 0.216314 0.00519994 0.966257 
				-0.144772 0.226286 0.0145153 0.963133 
				-0.149476 0.236929 0.0236758 0.959667 
				-0.153919 0.248026 0.0326991 0.955889 
				-0.158167 0.259364 0.0416029 0.951831 
				-0.162284 0.27073 0.0504049 0.947538 
				-0.16634 0.281916 0.0591235 0.943058 
				-0.170402 0.292713 0.0677772 0.93845 
				-0.174542 0.302916 0.0763852 0.933779 
				-0.178829 0.312324 0.0849672 0.929115 
				-0.183336 0.320736 0.0935432 0.924535 
				-0.188135 0.327956 0.102134 0.920119 
				-0.193299 0.333787 0.110758 0.915945 
				-0.198897 0.338032 0.119437 0.912091 
				-0.204998 0.340493 0.128187 0.90863 
				-0.211669 0.340972 0.137024 0.905626 
				-0.21897 0.339265 0.14596 0.903132 
				-0.234085 0.32643 0.156323 0.902336 
				-0.259072 0.296978 0.168213 0.903543 
				-0.286343 0.256034 0.179849 0.905598 
				-0.308628 0.20919 0.189656 0.908306 
				-0.319159 0.162519 0.196352 0.912782 
				-0.311641 0.122398 0.198896 0.921053 
				-0.200566 0.0959734 0.176548 0.95885 
				-0.0706968 0.0640397 0.146166 0.98465 
				-0.0241472 0.0137897 0.139292 0.989861 
				0.0130467 -0.0450556 0.138979 0.989184 
				0.0421567 -0.10512 0.140003 0.983652 
				0.0646641 -0.15912 0.137318 0.975522 
				0.0822515 -0.20001 0.126122 0.968155 
				0.0967039 -0.220903 0.101819 0.965134 
				0.0225639 0.00350167 -0.0755029 0.996884 
				-0.187367 0.124324 -0.130763 0.965577 
				-0.345331 0.20638 -0.144543 0.904025 
				-0.349121 0.283383 -0.143358 0.881622 
				-0.298177 0.349076 -0.132244 0.878492 
				-0.263836 0.378666 -0.124443 0.87836 
				-0.264218 0.381843 -0.123318 0.877028 
				-0.267433 0.382283 -0.122518 0.875973 
				-0.272972 0.380333 -0.121999 0.875185 
				-0.280317 0.376334 -0.121716 0.874632 
				-0.28895 0.370623 -0.12162 0.874274 
				-0.298355 0.363543 -0.121666 0.874081 
				-0.308021 0.355446 -0.12181 0.874039 
				-0.317446 0.346692 -0.122011 0.874154 
				-0.326137 0.337655 -0.122232 0.874462 
				-0.33361 0.328718 -0.122438 0.875019 
				-0.33939 0.320271 -0.1226 0.875905 
				-0.34301 0.312713 -0.122687 0.877213 
				-0.344003 0.306439 -0.122671 0.879038 
				-0.341902 0.301847 -0.122523 0.881464 
				-0.336229 0.299323 -0.122208 0.884546 
				-0.326488 0.29924 -0.121686 0.888287 
				-0.300133 0.308743 -0.120633 0.894453 
				-0.250246 0.329703 -0.118677 0.902546 
				-0.184995 0.354531 -0.115714 0.909228 
				-0.113297 0.376196 -0.111874 0.912757 
				-0.0447581 0.38874 -0.107623 0.913945 
				0.010764 0.387405 -0.103729 0.915992 
				-0.0127287 0.250631 -0.103538 0.962446 
				0.0829322 -0.216434 0.0223405 0.972512 
				0.0515774 -0.253814 0.00708295 0.965851 
				0.00470122 -0.245133 -0.0262008 0.969124 
				-0.0472119 -0.210826 -0.0658172 0.974162 
				-0.0939446 -0.172607 -0.100281 0.975359 
				-0.125768 -0.153664 -0.11867 0.972876 
				-0.147301 -0.154598 -0.124677 0.968947 
				-0.168963 -0.159536 -0.128976 0.964036 
				-0.190201 -0.1674 -0.13162 0.958372 
				-0.210474 -0.177114 -0.132675 0.952223 
				-0.229256 -0.187614 -0.132218 0.945918 
				-0.246043 -0.197845 -0.130341 0.939857 
				-0.260352 -0.206771 -0.127147 0.934503 
				-0.271718 -0.213364 -0.122751 0.930364 
				-0.279683 -0.216604 -0.117271 0.927959 
				-0.283783 -0.215467 -0.110829 0.92777 
				-0.283522 -0.208909 -0.103539 0.930189 
