|XMD_005A#0MAX#0005.0.4|
JOINT Bip001
{
	id 1
	visible	1
	scale_pivot	0 0 0
	rotate_pivot	0 0 0
	min_bound	0 0 0
	max_bound	0 0 0
	scale	1 1 1
	translate	-1.82375 -20.1446 105.172
	rotation_orient	0 0 0 1
	rotation	-0.134649 -0.0460067 -0.35248 0.924938
	joint_orient	0 0 0 1
	bind_pose_matrix
		0.747283 -0.639655 0.180029 0
		0.664434 0.715255 -0.216652 0
		0.00981578 0.281518 0.959506 0
		-1.82375 -20.1446 105.172 1
	rotation_order xyz
	inherits_transform 1
	shearing 0 0 0
	rotate_pivot_translate	0 0 0
	scale_pivot_translate	0 0 0
	translate_limit_x -INF +INF
	translate_limit_y -INF +INF
	translate_limit_z -INF +INF
	rotate_limit_x -INF +INF
	rotate_limit_y -INF +INF
	rotate_limit_z -INF +INF
	scale_limit_x -INF +INF
	scale_limit_y -INF +INF
	scale_limit_z -INF +INF
	parent 0
	child_joints 1
		9 
	INSTANCE_LIST
	{
	}
	segment_scale_compensate 1
	EXTRA_ATTRIBUTES
	{
		wire_colour colour 1 0 0
	}
}
JOINT Bip001_Head
{
	id 2
	visible	1
	scale_pivot	0 0 0
	rotate_pivot	0 0 0
	min_bound	0 0 0
	max_bound	0 0 0
	scale	1 1 1
	translate	11.5934 -9.83593e-07 4.97407e-07
	rotation_orient	0 0 0 1
	rotation	-0.247722 0.0225163 -0.221846 0.942821
	joint_orient	0 0 0 1
	bind_pose_matrix
		0.900555 -0.429477 0.0674541 0
		0.407166 0.778837 -0.477104 0
		0.15237 0.457124 0.876254 0
		11.5934 -9.83593e-07 4.97407e-07 1
	rotation_order xyz
	inherits_transform 1
	shearing 0 0 0
	rotate_pivot_translate	0 0 0
	scale_pivot_translate	0 0 0
	translate_limit_x -INF +INF
	translate_limit_y -INF +INF
	translate_limit_z -INF +INF
	rotate_limit_x -INF +INF
	rotate_limit_y -INF +INF
	rotate_limit_z -INF +INF
	scale_limit_x -INF +INF
	scale_limit_y -INF +INF
	scale_limit_z -INF +INF
	parent 4
	child_joints 1
		3 
	INSTANCE_LIST
	{
	}
	segment_scale_compensate 1
	EXTRA_ATTRIBUTES
	{
		original_name string "Bip001 Head"
		wire_colour colour 0.65098 0.792157 0.941176
	}
}
JOINT Bip001_Jaw
{
	id 3
	visible	1
	scale_pivot	0 0 0
	rotate_pivot	0 0 0
	min_bound	0 0 0
	max_bound	0 0 0
	scale	1 1 1
	translate	3.87303 2.50608 -3.67684e-05
	rotation_orient	0 0 0 1
	rotation	2.82712e-10 -2.20832e-06 0.793596 0.608445
	joint_orient	0 0 0 1
	bind_pose_matrix
		-0.25959 0.965719 2.68773e-06 0
		-0.965719 -0.25959 -3.50469e-06 0
		-2.68683e-06 -3.50537e-06 1 0
		3.87303 2.50608 -3.67684e-05 1
	rotation_order xyz
	inherits_transform 1
	shearing 0 0 0
	rotate_pivot_translate	0 0 0
	scale_pivot_translate	0 0 0
	translate_limit_x -INF +INF
	translate_limit_y -INF +INF
	translate_limit_z -INF +INF
	rotate_limit_x -INF +INF
	rotate_limit_y -INF +INF
	rotate_limit_z -INF +INF
	scale_limit_x -INF +INF
	scale_limit_y -INF +INF
	scale_limit_z -INF +INF
	parent 2
	child_joints 3
		28 29 30 
	INSTANCE_LIST
	{
	}
	segment_scale_compensate 1
	EXTRA_ATTRIBUTES
	{
		original_name string "Bip001 Jaw"
		wire_colour colour 0.988235 0 0
	}
}
JOINT Bip001_L_Calf
{
	id 17
	visible	1
	scale_pivot	0 0 0
	rotate_pivot	0 0 0
	min_bound	0 0 0
	max_bound	0 0 0
	scale	1 1 1
	translate	42.8806 1.80296e-08 -2.41407e-06
	rotation_orient	0 0 0 1
	rotation	-8.015e-09 -1.92373e-08 -0.346937 0.937888
	joint_orient	0 0 0 1
	bind_pose_matrix
		0.759269 -0.650776 4.16463e-08 0
		0.650776 0.759269 -1.68606e-09 0
		-3.05235e-08 2.83826e-08 1 0
		42.8806 1.80296e-08 -2.41407e-06 1
	rotation_order xyz
	inherits_transform 1
	shearing 0 0 0
	rotate_pivot_translate	0 0 0
	scale_pivot_translate	0 0 0
	translate_limit_x -INF +INF
	translate_limit_y -INF +INF
	translate_limit_z -INF +INF
	rotate_limit_x -INF +INF
	rotate_limit_y -INF +INF
	rotate_limit_z -INF +INF
	scale_limit_x -INF +INF
	scale_limit_y -INF +INF
	scale_limit_z -INF +INF
	parent 18
	child_joints 1
		21 
	INSTANCE_LIST
	{
	}
	segment_scale_compensate 1
	EXTRA_ATTRIBUTES
	{
		original_name string "Bip001 L Calf"
		wire_colour colour 0.109804 0.109804 0.694118
	}
}
JOINT Bip001_L_Clavicle
{
	id 26
	visible	1
	scale_pivot	0 0 0
	rotate_pivot	0 0 0
	min_bound	0 0 0
	max_bound	0 0 0
	scale	1 1 1
	translate	23.2608 -11.8075 5.60499
	rotation_orient	0 0 0 1
	rotation	0.608673 0.0136031 0.793229 0.0109397
	joint_orient	0 0 0 1
	bind_pose_matrix
		-0.258794 0.0339151 0.965337 0
		-0.000795804 -0.99939 0.0348981 0
		0.965932 0.00826321 0.258663 0
		23.2608 -11.8075 5.60499 1
	rotation_order xyz
	inherits_transform 1
	shearing 0 0 0
	rotate_pivot_translate	0 0 0
	scale_pivot_translate	0 0 0
	translate_limit_x -INF +INF
	translate_limit_y -INF +INF
	translate_limit_z -INF +INF
	rotate_limit_x -INF +INF
	rotate_limit_y -INF +INF
	rotate_limit_z -INF +INF
	scale_limit_x -INF +INF
	scale_limit_y -INF +INF
	scale_limit_z -INF +INF
	parent 11
	child_joints 2
		23 32 
	INSTANCE_LIST
	{
	}
	segment_scale_compensate 1
	EXTRA_ATTRIBUTES
	{
		original_name string "Bip001 L Clavicle"
		wire_colour colour 0.109804 0.109804 0.694118
	}
}
JOINT Bip001_L_Foot
{
	id 21
	visible	1
	scale_pivot	0 0 0
	rotate_pivot	0 0 0
	min_bound	0 0 0
	max_bound	0 0 0
	scale	1 1 1
	translate	55.3239 1.03385e-06 -9.77027e-07
	rotation_orient	0 0 0 1
	rotation	0.109318 -0.20359 0.124481 0.964938
	joint_orient	0 0 0 1
	bind_pose_matrix
		0.886111 0.195721 0.42012 0
		-0.284745 0.945108 0.160284 0
		-0.365688 -0.261656 0.893201 0
		55.3239 1.03385e-06 -9.77027e-07 1
	rotation_order xyz
	inherits_transform 1
	shearing 0 0 0
	rotate_pivot_translate	0 0 0
	scale_pivot_translate	0 0 0
	translate_limit_x -INF +INF
	translate_limit_y -INF +INF
	translate_limit_z -INF +INF
	rotate_limit_x -INF +INF
	rotate_limit_y -INF +INF
	rotate_limit_z -INF +INF
	scale_limit_x -INF +INF
	scale_limit_y -INF +INF
	scale_limit_z -INF +INF
	parent 17
	child_joints 1
		19 
	INSTANCE_LIST
	{
	}
	segment_scale_compensate 1
	EXTRA_ATTRIBUTES
	{
		original_name string "Bip001 L Foot"
		wire_colour colour 0.109804 0.109804 0.694118
	}
}
JOINT Bip001_L_Forearm
{
	id 27
	visible	1
	scale_pivot	0 0 0
	rotate_pivot	0 0 0
	min_bound	0 0 0
	max_bound	0 0 0
	scale	1 1 1
	translate	50.8825 -4.09292e-07 -2.39576e-06
	rotation_orient	0 0 0 1
	rotation	-1.06518e-08 5.60296e-08 -0.221083 0.975255
	joint_orient	0 0 0 1
	bind_pose_matrix
		0.902245 -0.431224 -1.04577e-07 0
		0.431224 0.902245 -4.55507e-08 0
		1.13996e-07 -3.99798e-09 1 0
		50.8825 -4.09292e-07 -2.39576e-06 1
	rotation_order xyz
	inherits_transform 1
	shearing 0 0 0
	rotate_pivot_translate	0 0 0
	scale_pivot_translate	0 0 0
	translate_limit_x -INF +INF
	translate_limit_y -INF +INF
	translate_limit_z -INF +INF
	rotate_limit_x -INF +INF
	rotate_limit_y -INF +INF
	rotate_limit_z -INF +INF
	scale_limit_x -INF +INF
	scale_limit_y -INF +INF
	scale_limit_z -INF +INF
	parent 23
	child_joints 1
		24 
	INSTANCE_LIST
	{
	}
	segment_scale_compensate 1
	EXTRA_ATTRIBUTES
	{
		original_name string "Bip001 L Forearm"
		wire_colour colour 0.109804 0.109804 0.694118
	}
}
JOINT Bip001_L_Hand
{
	id 24
	visible	1
	scale_pivot	0 0 0
	rotate_pivot	0 0 0
	min_bound	0 0 0
	max_bound	0 0 0
	scale	1 1 1
	translate	42.1284 1.70165e-06 2.54455e-06
	rotation_orient	0 0 0 1
	rotation	0.873878 -0.116872 -0.153523 -0.446216
	joint_orient	0 0 0 1
	bind_pose_matrix
		0.925543 -0.0672548 -0.372621 0
		-0.341272 -0.574465 -0.743992 0
		-0.16402 0.815762 -0.554644 0
		42.1284 1.70165e-06 2.54455e-06 1
	rotation_order xyz
	inherits_transform 1
	shearing 0 0 0
	rotate_pivot_translate	0 0 0
	scale_pivot_translate	0 0 0
	translate_limit_x -INF +INF
	translate_limit_y -INF +INF
	translate_limit_z -INF +INF
	rotate_limit_x -INF +INF
	rotate_limit_y -INF +INF
	rotate_limit_z -INF +INF
	scale_limit_x -INF +INF
	scale_limit_y -INF +INF
	scale_limit_z -INF +INF
	parent 27
	child_joints 2
		33 37 
	INSTANCE_LIST
	{
	}
	segment_scale_compensate 1
	EXTRA_ATTRIBUTES
	{
		original_name string "Bip001 L Hand"
		wire_colour colour 0.109804 0.109804 0.694118
	}
}
JOINT Bip001_L_Thigh
{
	id 18
	visible	1
	scale_pivot	0 0 0
	rotate_pivot	0 0 0
	min_bound	0 0 0
	max_bound	0 0 0
	scale	1 1 1
	translate	-2.39883e-05 2.58878e-05 16.5157
	rotation_orient	0 0 0 1
	rotation	0.114418 0.912616 0.122935 -0.372729
	joint_orient	0 0 0 1
	bind_pose_matrix
		-0.695963 0.117197 0.708449 0
		0.300482 0.943591 0.139091 0
		-0.652186 0.309678 -0.69192 0
		-2.39883e-05 2.58878e-05 16.5157 1
	rotation_order xyz
	inherits_transform 1
	shearing 0 0 0
	rotate_pivot_translate	0 0 0
	scale_pivot_translate	0 0 0
	translate_limit_x -INF +INF
	translate_limit_y -INF +INF
	translate_limit_z -INF +INF
	rotate_limit_x -INF +INF
	rotate_limit_y -INF +INF
	rotate_limit_z -INF +INF
	scale_limit_x -INF +INF
	scale_limit_y -INF +INF
	scale_limit_z -INF +INF
	parent 9
	child_joints 1
		17 
	INSTANCE_LIST
	{
	}
	segment_scale_compensate 1
	EXTRA_ATTRIBUTES
	{
		original_name string "Bip001 L Thigh"
		wire_colour colour 0.109804 0.109804 0.694118
	}
}
JOINT Bip001_L_Toe0
{
	id 19
	visible	1
	scale_pivot	0 0 0
	rotate_pivot	0 0 0
	min_bound	0 0 0
	max_bound	0 0 0
	scale	1 1 1
	translate	18.3219 21.8944 5.30397e-07
	rotation_orient	0 0 0 1
	rotation	-7.99212e-10 1.12489e-07 0.707107 0.707106
	joint_orient	0 0 0 1
	bind_pose_matrix
		-1.3113e-06 1 -1.60214e-07 0
		-1 -1.3113e-06 1.57954e-07 0
		1.57954e-07 1.60214e-07 1 0
		18.3219 21.8944 5.30397e-07 1
	rotation_order xyz
	inherits_transform 1
	shearing 0 0 0
	rotate_pivot_translate	0 0 0
	scale_pivot_translate	0 0 0
	translate_limit_x -INF +INF
	translate_limit_y -INF +INF
	translate_limit_z -INF +INF
	rotate_limit_x -INF +INF
	rotate_limit_y -INF +INF
	rotate_limit_z -INF +INF
	scale_limit_x -INF +INF
	scale_limit_y -INF +INF
	scale_limit_z -INF +INF
	parent 21
	child_joints 0
	INSTANCE_LIST
	{
	}
	segment_scale_compensate 1
	EXTRA_ATTRIBUTES
	{
		original_name string "Bip001 L Toe0"
		wire_colour colour 0.423529 0.0313726 0.533333
	}
}
JOINT Bip001_L_UpperArm
{
	id 23
	visible	1
	scale_pivot	0 0 0
	rotate_pivot	0 0 0
	min_bound	0 0 0
	max_bound	0 0 0
	scale	1 1 1
	translate	22.4233 -1.26993e-06 -6.49631e-06
	rotation_orient	0 0 0 1
	rotation	0.349904 0.248434 -0.095157 0.898216
	joint_orient	0 0 0 1
	bind_pose_matrix
		0.858451 0.002913 -0.512887 0
		0.344799 0.737025 0.581298 0
		0.379704 -0.675859 0.631696 0
		22.4233 -1.26993e-06 -6.49631e-06 1
	rotation_order xyz
	inherits_transform 1
	shearing 0 0 0
	rotate_pivot_translate	0 0 0
	scale_pivot_translate	0 0 0
	translate_limit_x -INF +INF
	translate_limit_y -INF +INF
	translate_limit_z -INF +INF
	rotate_limit_x -INF +INF
	rotate_limit_y -INF +INF
	rotate_limit_z -INF +INF
	scale_limit_x -INF +INF
	scale_limit_y -INF +INF
	scale_limit_z -INF +INF
	parent 26
	child_joints 1
		27 
	INSTANCE_LIST
	{
	}
	segment_scale_compensate 1
	EXTRA_ATTRIBUTES
	{
		original_name string "Bip001 L UpperArm"
		wire_colour colour 0.109804 0.109804 0.694118
	}
}
JOINT Bip001_Neck
{
	id 4
	visible	1
	scale_pivot	0 0 0
	rotate_pivot	0 0 0
	min_bound	0 0 0
	max_bound	0 0 0
	scale	1 1 1
	translate	32.8699 -9.33883 -2.02122e-06
	rotation_orient	0 0 0 1
	rotation	1.57314e-08 -8.63088e-07 0.314404 0.949289
	joint_orient	0 0 0 1
	bind_pose_matrix
		0.802301 0.59692 1.64853e-06 0
		-0.59692 0.802301 -5.12849e-07 0
		-1.62875e-06 -5.72584e-07 1 0
		32.8699 -9.33883 -2.02122e-06 1
	rotation_order xyz
	inherits_transform 1
	shearing 0 0 0
	rotate_pivot_translate	0 0 0
	scale_pivot_translate	0 0 0
	translate_limit_x -INF +INF
	translate_limit_y -INF +INF
	translate_limit_z -INF +INF
	rotate_limit_x -INF +INF
	rotate_limit_y -INF +INF
	rotate_limit_z -INF +INF
	scale_limit_x -INF +INF
	scale_limit_y -INF +INF
	scale_limit_z -INF +INF
	parent 11
	child_joints 1
		2 
	INSTANCE_LIST
	{
	}
	segment_scale_compensate 1
	EXTRA_ATTRIBUTES
	{
		original_name string "Bip001 Neck"
		wire_colour colour 0.0313726 0.431373 0.52549
	}
}
JOINT Bip001_Pelvis
{
	id 9
	visible	1
	scale_pivot	0 0 0
	rotate_pivot	0 0 0
	min_bound	0 0 0
	max_bound	0 0 0
	scale	1 1 1
	translate	0 0 0
	rotation_orient	0 0 0 1
	rotation	-0.499999 -0.5 -0.5 0.500001
	joint_orient	0 0 0 1
	bind_pose_matrix
		0 -1.40071e-06 1 0
		1 1.37091e-06 0 0
		-1.40071e-06 1 1.37091e-06 0
		0 0 0 1
	rotation_order xyz
	inherits_transform 1
	shearing 0 0 0
	rotate_pivot_translate	0 0 0
	scale_pivot_translate	0 0 0
	translate_limit_x -INF +INF
	translate_limit_y -INF +INF
	translate_limit_z -INF +INF
	rotate_limit_x -INF +INF
	rotate_limit_y -INF +INF
	rotate_limit_z -INF +INF
	scale_limit_x -INF +INF
	scale_limit_y -INF +INF
	scale_limit_z -INF +INF
	parent 1
	child_joints 4
		6 10 16 18 
	INSTANCE_LIST
	{
	}
	segment_scale_compensate 1
	EXTRA_ATTRIBUTES
	{
		original_name string "Bip001 Pelvis"
		wire_colour colour 0.878431 0.776471 0.341176
	}
}
JOINT Bip001_R_Calf
{
	id 20
	visible	1
	scale_pivot	0 0 0
	rotate_pivot	0 0 0
	min_bound	0 0 0
	max_bound	0 0 0
	scale	1 1 1
	translate	42.8806 2.19012e-06 2.73612e-07
	rotation_orient	0 0 0 1
	rotation	-2.92444e-08 -2.86053e-09 -0.260749 0.965407
	joint_orient	0 0 0 1
	bind_pose_matrix
		0.86402 -0.503457 2.07741e-08 0
		0.503457 0.86402 -5.49738e-08 0
		9.72774e-09 5.79573e-08 1 0
		42.8806 2.19012e-06 2.73612e-07 1
	rotation_order xyz
	inherits_transform 1
	shearing 0 0 0
	rotate_pivot_translate	0 0 0
	scale_pivot_translate	0 0 0
	translate_limit_x -INF +INF
	translate_limit_y -INF +INF
	translate_limit_z -INF +INF
	rotate_limit_x -INF +INF
	rotate_limit_y -INF +INF
	rotate_limit_z -INF +INF
	scale_limit_x -INF +INF
	scale_limit_y -INF +INF
	scale_limit_z -INF +INF
	parent 16
	child_joints 1
		13 
	INSTANCE_LIST
	{
	}
	segment_scale_compensate 1
	EXTRA_ATTRIBUTES
	{
		original_name string "Bip001 R Calf"
		wire_colour colour 0.0235294 0.52549 0.0235294
	}
}
JOINT Bip001_R_Clavicle
{
	id 25
	visible	1
	scale_pivot	0 0 0
	rotate_pivot	0 0 0
	min_bound	0 0 0
	max_bound	0 0 0
	scale	1 1 1
	translate	23.2608 -11.8074 -5.60505
	rotation_orient	0 0 0 1
	rotation	0.774092 0.0359846 -0.630459 -0.0448101
	joint_orient	0 0 0 1
	bind_pose_matrix
		0.202452 0.112213 -0.972842 0
		-0.00079105 -0.993394 -0.114748 0
		-0.979292 0.0240006 -0.201026 0
		23.2608 -11.8074 -5.60505 1
	rotation_order xyz
	inherits_transform 1
	shearing 0 0 0
	rotate_pivot_translate	0 0 0
	scale_pivot_translate	0 0 0
	translate_limit_x -INF +INF
	translate_limit_y -INF +INF
	translate_limit_z -INF +INF
	rotate_limit_x -INF +INF
	rotate_limit_y -INF +INF
	rotate_limit_z -INF +INF
	scale_limit_x -INF +INF
	scale_limit_y -INF +INF
	scale_limit_z -INF +INF
	parent 11
	child_joints 2
		15 31 
	INSTANCE_LIST
	{
	}
	segment_scale_compensate 1
	EXTRA_ATTRIBUTES
	{
		original_name string "Bip001 R Clavicle"
		wire_colour colour 0.0235294 0.52549 0.0235294
	}
}
JOINT Bip001_R_Foot
{
	id 13
	visible	1
	scale_pivot	0 0 0
	rotate_pivot	0 0 0
	min_bound	0 0 0
	max_bound	0 0 0
	scale	1 1 1
	translate	55.3239 3.53275e-07 -3.4759e-06
	rotation_orient	0 0 0 1
	rotation	-0.066719 0.140977 0.1479 0.976627
	joint_orient	0 0 0 1
	bind_pose_matrix
		0.916502 0.270075 -0.295099 0
		-0.307699 0.947348 -0.0886181 0
		0.255628 0.17202 0.951348 0
		55.3239 3.53275e-07 -3.4759e-06 1
	rotation_order xyz
	inherits_transform 1
	shearing 0 0 0
	rotate_pivot_translate	0 0 0
	scale_pivot_translate	0 0 0
	translate_limit_x -INF +INF
	translate_limit_y -INF +INF
	translate_limit_z -INF +INF
	rotate_limit_x -INF +INF
	rotate_limit_y -INF +INF
	rotate_limit_z -INF +INF
	scale_limit_x -INF +INF
	scale_limit_y -INF +INF
	scale_limit_z -INF +INF
	parent 20
	child_joints 1
		12 
	INSTANCE_LIST
	{
	}
	segment_scale_compensate 1
	EXTRA_ATTRIBUTES
	{
		original_name string "Bip001 R Foot"
		wire_colour colour 0.0235294 0.52549 0.0235294
	}
}
JOINT Bip001_R_Forearm
{
	id 22
	visible	1
	scale_pivot	0 0 0
	rotate_pivot	0 0 0
	min_bound	0 0 0
	max_bound	0 0 0
	scale	1 1 1
	translate	50.8825 -3.46511e-07 2.20452e-06
	rotation_orient	0 0 0 1
	rotation	2.80782e-08 -1.53934e-08 -0.610279 0.792187
	joint_orient	0 0 0 1
	bind_pose_matrix
		0.25512 -0.966909 -9.88213e-09 0
		0.966909 0.25512 6.3275e-08 0
		-5.866e-08 -2.56978e-08 1 0
		50.8825 -3.46511e-07 2.20452e-06 1
	rotation_order xyz
	inherits_transform 1
	shearing 0 0 0
	rotate_pivot_translate	0 0 0
	scale_pivot_translate	0 0 0
	translate_limit_x -INF +INF
	translate_limit_y -INF +INF
	translate_limit_z -INF +INF
	rotate_limit_x -INF +INF
	rotate_limit_y -INF +INF
	rotate_limit_z -INF +INF
	scale_limit_x -INF +INF
	scale_limit_y -INF +INF
	scale_limit_z -INF +INF
	parent 15
	child_joints 1
		14 
	INSTANCE_LIST
	{
	}
	segment_scale_compensate 1
	EXTRA_ATTRIBUTES
	{
		original_name string "Bip001 R Forearm"
		wire_colour colour 0.0235294 0.52549 0.0235294
	}
}
JOINT Bip001_R_Hand
{
	id 14
	visible	1
	scale_pivot	0 0 0
	rotate_pivot	0 0 0
	min_bound	0 0 0
	max_bound	0 0 0
	scale	1 1 1
	translate	42.1284 -2.70294e-06 -7.90108e-06
	rotation_orient	0 0 0 1
	rotation	0.820546 -0.20105 -0.0904086 0.52736
	joint_orient	0 0 0 1
	bind_pose_matrix
		0.902811 -0.425297 0.0636825 0
		-0.234585 -0.36294 0.9018 0
		-0.36042 -0.829094 -0.427435 0
		42.1284 -2.70294e-06 -7.90108e-06 1
	rotation_order xyz
	inherits_transform 1
	shearing 0 0 0
	rotate_pivot_translate	0 0 0
	scale_pivot_translate	0 0 0
	translate_limit_x -INF +INF
	translate_limit_y -INF +INF
	translate_limit_z -INF +INF
	rotate_limit_x -INF +INF
	rotate_limit_y -INF +INF
	rotate_limit_z -INF +INF
	scale_limit_x -INF +INF
	scale_limit_y -INF +INF
	scale_limit_z -INF +INF
	parent 22
	child_joints 3
		34 35 36 
	INSTANCE_LIST
	{
	}
	segment_scale_compensate 1
	EXTRA_ATTRIBUTES
	{
		original_name string "Bip001 R Hand"
		wire_colour colour 0.0235294 0.52549 0.0235294
	}
}
JOINT Bip001_R_Thigh
{
	id 16
	visible	1
	scale_pivot	0 0 0
	rotate_pivot	0 0 0
	min_bound	0 0 0
	max_bound	0 0 0
	scale	1 1 1
	translate	2.15721e-05 -2.03976e-05 -16.5157
	rotation_orient	0 0 0 1
	rotation	-0.0685797 0.931056 -0.340327 0.112287
	joint_orient	0 0 0 1
	bind_pose_matrix
		-0.965377 -0.204132 -0.162412 0
		-0.0512745 0.758949 -0.649128 0
		0.25577 -0.618325 -0.743139 0
		2.15721e-05 -2.03976e-05 -16.5157 1
	rotation_order xyz
	inherits_transform 1
	shearing 0 0 0
	rotate_pivot_translate	0 0 0
	scale_pivot_translate	0 0 0
	translate_limit_x -INF +INF
	translate_limit_y -INF +INF
	translate_limit_z -INF +INF
	rotate_limit_x -INF +INF
	rotate_limit_y -INF +INF
	rotate_limit_z -INF +INF
	scale_limit_x -INF +INF
	scale_limit_y -INF +INF
	scale_limit_z -INF +INF
	parent 9
	child_joints 1
		20 
	INSTANCE_LIST
	{
	}
	segment_scale_compensate 1
	EXTRA_ATTRIBUTES
	{
		original_name string "Bip001 R Thigh"
		wire_colour colour 0.0235294 0.52549 0.0235294
	}
}
JOINT Bip001_R_Toe0
{
	id 12
	visible	1
	scale_pivot	0 0 0
	rotate_pivot	0 0 0
	min_bound	0 0 0
	max_bound	0 0 0
	scale	1 1 1
	translate	18.3219 21.8944 4.24683e-06
	rotation_orient	0 0 0 1
	rotation	-1.12527e-06 8.56529e-07 0.707107 0.707107
	joint_orient	0 0 0 1
	bind_pose_matrix
		1.78814e-07 1 -2.80269e-06 0
		-1 1.78814e-07 -3.8006e-07 0
		-3.80059e-07 2.80269e-06 1 0
		18.3219 21.8944 4.24683e-06 1
	rotation_order xyz
	inherits_transform 1
	shearing 0 0 0
	rotate_pivot_translate	0 0 0
	scale_pivot_translate	0 0 0
	translate_limit_x -INF +INF
	translate_limit_y -INF +INF
	translate_limit_z -INF +INF
	rotate_limit_x -INF +INF
	rotate_limit_y -INF +INF
	rotate_limit_z -INF +INF
	scale_limit_x -INF +INF
	scale_limit_y -INF +INF
	scale_limit_z -INF +INF
	parent 13
	child_joints 0
	INSTANCE_LIST
	{
	}
	segment_scale_compensate 1
	EXTRA_ATTRIBUTES
	{
		original_name string "Bip001 R Toe0"
		wire_colour colour 0.443137 0.52549 0.0235294
	}
}
JOINT Bip001_R_UpperArm
{
	id 15
	visible	1
	scale_pivot	0 0 0
	rotate_pivot	0 0 0
	min_bound	0 0 0
	max_bound	0 0 0
	scale	1 1 1
	translate	22.4233 1.15853e-06 -6.78406e-06
	rotation_orient	0 0 0 1
	rotation	0.507451 -0.257072 0.309319 0.762056
	joint_orient	0 0 0 1
	bind_pose_matrix
		0.676471 0.210534 0.705735 0
		-0.73234 0.293629 0.614378 0
		-0.077877 -0.932447 0.352815 0
		22.4233 1.15853e-06 -6.78406e-06 1
	rotation_order xyz
	inherits_transform 1
	shearing 0 0 0
	rotate_pivot_translate	0 0 0
	scale_pivot_translate	0 0 0
	translate_limit_x -INF +INF
	translate_limit_y -INF +INF
	translate_limit_z -INF +INF
	rotate_limit_x -INF +INF
	rotate_limit_y -INF +INF
	rotate_limit_z -INF +INF
	scale_limit_x -INF +INF
	scale_limit_y -INF +INF
	scale_limit_z -INF +INF
	parent 25
	child_joints 1
		22 
	INSTANCE_LIST
	{
	}
	segment_scale_compensate 1
	EXTRA_ATTRIBUTES
	{
		original_name string "Bip001 R UpperArm"
		wire_colour colour 0.0235294 0.52549 0.0235294
	}
}
JOINT Bip001_Spine
{
	id 10
	visible	1
	scale_pivot	0 0 0
	rotate_pivot	0 0 0
	min_bound	0 0 0
	max_bound	0 0 0
	scale	1 1 1
	translate	21.7745 -0.0128298 0.00135026
	rotation_orient	0 0 0 1
	rotation	-0.0513724 0.0100059 0.000397569 0.998629
	joint_orient	0 0 0 1
	bind_pose_matrix
		0.999799 -0.000234011 -0.0200253 0
		-0.00182211 0.994721 -0.102596 0
		0.0199436 0.102612 0.994521 0
		21.7745 -0.0128298 0.00135026 1
	rotation_order xyz
	inherits_transform 1
	shearing 0 0 0
	rotate_pivot_translate	0 0 0
	scale_pivot_translate	0 0 0
	translate_limit_x -INF +INF
	translate_limit_y -INF +INF
	translate_limit_z -INF +INF
	rotate_limit_x -INF +INF
	rotate_limit_y -INF +INF
	rotate_limit_z -INF +INF
	scale_limit_x -INF +INF
	scale_limit_y -INF +INF
	scale_limit_z -INF +INF
	parent 9
	child_joints 1
		11 
	INSTANCE_LIST
	{
	}
	segment_scale_compensate 1
	EXTRA_ATTRIBUTES
	{
		original_name string "Bip001 Spine"
		wire_colour colour 0.0313726 0.431373 0.52549
	}
}
JOINT Bip001_Spine1
{
	id 11
	visible	1
	scale_pivot	0 0 0
	rotate_pivot	0 0 0
	min_bound	0 0 0
	max_bound	0 0 0
	scale	1 1 1
	translate	16.2091 -0.0238871 0.00104229
	rotation_orient	0 0 0 1
	rotation	-0.0300127 0.0616369 0.141626 0.987544
	joint_orient	0 0 0 1
	bind_pose_matrix
		0.952286 0.276024 -0.130239 0
		-0.283424 0.958083 -0.0418189 0
		0.113237 0.0767365 0.9906 0
		16.2091 -0.0238871 0.00104229 1
	rotation_order xyz
	inherits_transform 1
	shearing 0 0 0
	rotate_pivot_translate	0 0 0
	scale_pivot_translate	0 0 0
	translate_limit_x -INF +INF
	translate_limit_y -INF +INF
	translate_limit_z -INF +INF
	rotate_limit_x -INF +INF
	rotate_limit_y -INF +INF
	rotate_limit_z -INF +INF
	scale_limit_x -INF +INF
	scale_limit_y -INF +INF
	scale_limit_z -INF +INF
	parent 10
	child_joints 3
		4 25 26 
	INSTANCE_LIST
	{
	}
	segment_scale_compensate 1
	EXTRA_ATTRIBUTES
	{
		original_name string "Bip001 Spine1"
		wire_colour colour 0.0313726 0.431373 0.52549
	}
}
JOINT be_F_tabard_01
{
	id 7
	visible	0
	scale_pivot	0 0 0
	rotate_pivot	0 0 0
	min_bound	0 0 0
	max_bound	0 0 0
	scale	1 1 1
	translate	24.8568 -2.29875e-05 4.24979e-07
	rotation_orient	0 0 0 1
	rotation	5.76782e-07 -0.0206186 1.7576e-08 0.999787
	joint_orient	0 0 0 1
	bind_pose_matrix
		0.99915 1.13596e-08 0.0412285 0
		-5.89295e-08 1 1.15259e-06 0
		-0.0412285 -1.15404e-06 0.99915 0
		24.8568 -2.29875e-05 4.24979e-07 1
	rotation_order xyz
	inherits_transform 1
	shearing 0 0 0
	rotate_pivot_translate	0 0 0
	scale_pivot_translate	0 0 0
	translate_limit_x -INF +INF
	translate_limit_y -INF +INF
	translate_limit_z -INF +INF
	rotate_limit_x -INF +INF
	rotate_limit_y -INF +INF
	rotate_limit_z -INF +INF
	scale_limit_x -INF +INF
	scale_limit_y -INF +INF
	scale_limit_z -INF +INF
	parent 5
	child_joints 0
	INSTANCE_LIST
	{
	}
	segment_scale_compensate 1
	EXTRA_ATTRIBUTES
	{
		wire_colour colour 0.682353 0.729412 0.796078
	}
}
JOINT bn_F_tabard_01
{
	id 6
	visible	0
	scale_pivot	0 0 0
	rotate_pivot	0 0 0
	min_bound	0 0 0
	max_bound	0 0 0
	scale	1 1 1
	translate	14.4872 29.1671 -4.82078e-05
	rotation_orient	0 0 0 1
	rotation	0.0940884 0.700801 0.706212 0.0359212
	joint_orient	0 0 0 1
	bind_pose_matrix
		-0.979714 0.18261 0.0825454 0
		0.0811386 -0.0151747 0.996587 0
		0.18324 0.983068 5.03063e-05 0
		14.4872 29.1671 -4.82078e-05 1
	rotation_order xyz
	inherits_transform 1
	shearing 0 0 0
	rotate_pivot_translate	0 0 0
	scale_pivot_translate	0 0 0
	translate_limit_x -INF +INF
	translate_limit_y -INF +INF
	translate_limit_z -INF +INF
	rotate_limit_x -INF +INF
	rotate_limit_y -INF +INF
	rotate_limit_z -INF +INF
	scale_limit_x -INF +INF
	scale_limit_y -INF +INF
	scale_limit_z -INF +INF
	parent 9
	child_joints 1
		8 
	INSTANCE_LIST
	{
	}
	segment_scale_compensate 1
	EXTRA_ATTRIBUTES
	{
		wire_colour colour 0.682353 0.729412 0.796078
	}
}
JOINT bn_F_tabard_02
{
	id 8
	visible	0
	scale_pivot	0 0 0
	rotate_pivot	0 0 0
	min_bound	0 0 0
	max_bound	0 0 0
	scale	1 1 1
	translate	19.4102 5.84856e-06 -5.38647e-06
	rotation_orient	0 0 0 1
	rotation	0.00344064 0.0789381 0.0365401 0.996204
	joint_orient	0 0 0 1
	bind_pose_matrix
		0.984867 0.073346 -0.157025 0
		-0.0722596 0.997306 0.012624 0
		0.157528 -0.00108635 0.987514 0
		19.4102 5.84856e-06 -5.38647e-06 1
	rotation_order xyz
	inherits_transform 1
	shearing 0 0 0
	rotate_pivot_translate	0 0 0
	scale_pivot_translate	0 0 0
	translate_limit_x -INF +INF
	translate_limit_y -INF +INF
	translate_limit_z -INF +INF
	rotate_limit_x -INF +INF
	rotate_limit_y -INF +INF
	rotate_limit_z -INF +INF
	scale_limit_x -INF +INF
	scale_limit_y -INF +INF
	scale_limit_z -INF +INF
	parent 6
	child_joints 1
		5 
	INSTANCE_LIST
	{
	}
	segment_scale_compensate 1
	EXTRA_ATTRIBUTES
	{
		wire_colour colour 0.682353 0.729412 0.796078
	}
}
JOINT bn_F_tabard_03
{
	id 5
	visible	0
	scale_pivot	0 0 0
	rotate_pivot	0 0 0
	min_bound	0 0 0
	max_bound	0 0 0
	scale	1 1 1
	translate	22.1778 3.78746e-06 -1.83983e-05
	rotation_orient	0 0 0 1
	rotation	0.00149446 0.0351618 0.0329786 0.998836
	joint_orient	0 0 0 1
	bind_pose_matrix
		0.995352 0.0659855 -0.0701431 0
		-0.0657753 0.99782 0.00530462 0
		0.0703402 -0.000666279 0.997523 0
		22.1778 3.78746e-06 -1.83983e-05 1
	rotation_order xyz
	inherits_transform 1
	shearing 0 0 0
	rotate_pivot_translate	0 0 0
	scale_pivot_translate	0 0 0
	translate_limit_x -INF +INF
	translate_limit_y -INF +INF
	translate_limit_z -INF +INF
	rotate_limit_x -INF +INF
	rotate_limit_y -INF +INF
	rotate_limit_z -INF +INF
	scale_limit_x -INF +INF
	scale_limit_y -INF +INF
	scale_limit_z -INF +INF
	parent 8
	child_joints 1
		7 
	INSTANCE_LIST
	{
	}
	segment_scale_compensate 1
	EXTRA_ATTRIBUTES
	{
		wire_colour colour 0.682353 0.729412 0.796078
	}
}
BONE bn_fingers_L_01
{
	id 37
	visible	0
	scale_pivot	0 0 0
	rotate_pivot	0 0 0
	min_bound	0 0 0
	max_bound	0 0 0
	scale	1 1 1
	translate	24.2948 4.53717 -2.43627
	rotation_orient	0 0 0 1
	rotation	-0.0338191 -0.0610105 0.513784 0.855079
	joint_orient	0 0 0 1
	bind_pose_matrix
		0.464608 0.882778 0.0695863 0
		-0.874525 0.469765 -0.120528 0
		-0.139089 -0.00485646 0.990268 0
		24.2948 4.53717 -2.43627 1
	rotation_order xyz
	inherits_transform 1
	shearing 0 0 0
	rotate_pivot_translate	0 0 0
	scale_pivot_translate	0 0 0
	translate_limit_x -INF +INF
	translate_limit_y -INF +INF
	translate_limit_z -INF +INF
	rotate_limit_x -INF +INF
	rotate_limit_y -INF +INF
	rotate_limit_z -INF +INF
	scale_limit_x -INF +INF
	scale_limit_y -INF +INF
	scale_limit_z -INF +INF
	parent 24
	child_joints 0
	INSTANCE_LIST
	{
	}
	EXTRA_ATTRIBUTES
	{
		wire_colour colour 0.054902 1 0.00784314
	}
}
BONE bn_fingers_R_01
{
	id 35
	visible	0
	scale_pivot	0 0 0
	rotate_pivot	0 0 0
	min_bound	0 0 0
	max_bound	0 0 0
	scale	1 1 1
	translate	25.1662 4.50303 2.89668
	rotation_orient	0 0 0 1
	rotation	-0.0541641 -0.142021 0.701832 0.695937
	joint_orient	0 0 0 1
	bind_pose_matrix
		-0.0254763 0.992246 0.121648 0
		-0.961477 0.00899637 -0.27474 0
		-0.273704 -0.123961 0.953792 0
		25.1662 4.50303 2.89668 1
	rotation_order xyz
	inherits_transform 1
	shearing 0 0 0
	rotate_pivot_translate	0 0 0
	scale_pivot_translate	0 0 0
	translate_limit_x -INF +INF
	translate_limit_y -INF +INF
	translate_limit_z -INF +INF
	rotate_limit_x -INF +INF
	rotate_limit_y -INF +INF
	rotate_limit_z -INF +INF
	scale_limit_x -INF +INF
	scale_limit_y -INF +INF
	scale_limit_z -INF +INF
	parent 14
	child_joints 0
	INSTANCE_LIST
	{
	}
	EXTRA_ATTRIBUTES
	{
		wire_colour colour 0.054902 1 0.00784314
	}
}
BONE bn_mouth_01
{
	id 30
	visible	0
	scale_pivot	0 0 0
	rotate_pivot	0 0 0
	min_bound	0 0 0
	max_bound	0 0 0
	scale	1 1 1
	translate	9.78495 -3.94772 -3.25283e-05
	rotation_orient	0 0 0 1
	rotation	0.703376 -0.0725903 0.703366 0.072589
	joint_orient	0 0 0 1
	bind_pose_matrix
		1.30534e-05 -3.21865e-06 1 0
		-0.20423 -0.978923 -4.91738e-07 0
		0.978923 -0.20423 -1.34706e-05 0
		9.78495 -3.94772 -3.25283e-05 1
	rotation_order xyz
	inherits_transform 1
	shearing 0 0 0
	rotate_pivot_translate	0 0 0
	scale_pivot_translate	0 0 0
	translate_limit_x -INF +INF
	translate_limit_y -INF +INF
	translate_limit_z -INF +INF
	rotate_limit_x -INF +INF
	rotate_limit_y -INF +INF
	rotate_limit_z -INF +INF
	scale_limit_x -INF +INF
	scale_limit_y -INF +INF
	scale_limit_z -INF +INF
	parent 3
	child_joints 0
	INSTANCE_LIST
	{
	}
	EXTRA_ATTRIBUTES
	{
		wire_colour colour 0 0.988235 0
	}
}
BONE bn_mouth_L_01
{
	id 28
	visible	0
	scale_pivot	0 0 0
	rotate_pivot	0 0 0
	min_bound	0 0 0
	max_bound	0 0 0
	scale	1 1 1
	translate	8.01527 -3.79134 2.79227
	rotation_orient	0 0 0 1
	rotation	0.416017 0.0443937 0.849811 0.320592
	joint_orient	0 0 0 1
	bind_pose_matrix
		-0.4483 0.581823 0.678608 0
		-0.507949 -0.7905 0.342196 0
		0.735537 -0.191291 0.649917 0
		8.01527 -3.79134 2.79227 1
	rotation_order xyz
	inherits_transform 1
	shearing 0 0 0
	rotate_pivot_translate	0 0 0
	scale_pivot_translate	0 0 0
	translate_limit_x -INF +INF
	translate_limit_y -INF +INF
	translate_limit_z -INF +INF
	rotate_limit_x -INF +INF
	rotate_limit_y -INF +INF
	rotate_limit_z -INF +INF
	scale_limit_x -INF +INF
	scale_limit_y -INF +INF
	scale_limit_z -INF +INF
	parent 3
	child_joints 0
	INSTANCE_LIST
	{
	}
	EXTRA_ATTRIBUTES
	{
		wire_colour colour 0 0.988235 0
	}
}
BONE bn_mouth_R_01
{
	id 29
	visible	0
	scale_pivot	0 0 0
	rotate_pivot	0 0 0
	min_bound	0 0 0
	max_bound	0 0 0
	scale	1 1 1
	translate	8.00369 -3.7769 -2.80794
	rotation_orient	0 0 0 1
	rotation	-0.452459 -0.0274344 0.833561 0.31576
	joint_orient	0 0 0 1
	bind_pose_matrix
		-0.391154 0.551236 -0.736979 0
		-0.501584 -0.799086 -0.331473 0
		-0.771629 0.24 0.589057 0
		8.00369 -3.7769 -2.80794 1
	rotation_order xyz
	inherits_transform 1
	shearing 0 0 0
	rotate_pivot_translate	0 0 0
	scale_pivot_translate	0 0 0
	translate_limit_x -INF +INF
	translate_limit_y -INF +INF
	translate_limit_z -INF +INF
	rotate_limit_x -INF +INF
	rotate_limit_y -INF +INF
	rotate_limit_z -INF +INF
	scale_limit_x -INF +INF
	scale_limit_y -INF +INF
	scale_limit_z -INF +INF
	parent 3
	child_joints 0
	INSTANCE_LIST
	{
	}
	EXTRA_ATTRIBUTES
	{
		wire_colour colour 0 0.988235 0
	}
}
JOINT bn_shoulderpad_L
{
	id 32
	visible	0
	scale_pivot	0 0 0
	rotate_pivot	0 0 0
	min_bound	0 0 0
	max_bound	0 0 0
	scale	1 1 1
	translate	22.4233 -7.078e-07 -6.77406e-06
	rotation_orient	0 0 0 1
	rotation	0.179581 0.127504 -0.0488375 0.974222
	joint_orient	0 0 0 1
	bind_pose_matrix
		0.962715 -0.0493625 -0.265975 0
		0.140952 0.930731 0.33745 0
		0.230893 -0.362358 0.902987 0
		22.4233 -7.078e-07 -6.77406e-06 1
	rotation_order xyz
	inherits_transform 1
	shearing 0 0 0
	rotate_pivot_translate	0 0 0
	scale_pivot_translate	0 0 0
	translate_limit_x -INF +INF
	translate_limit_y -INF +INF
	translate_limit_z -INF +INF
	rotate_limit_x -INF +INF
	rotate_limit_y -INF +INF
	rotate_limit_z -INF +INF
	scale_limit_x -INF +INF
	scale_limit_y -INF +INF
	scale_limit_z -INF +INF
	parent 26
	child_joints 0
	INSTANCE_LIST
	{
	}
	segment_scale_compensate 1
	EXTRA_ATTRIBUTES
	{
		wire_colour colour 0.643137 0.776471 0.807843
	}
}
JOINT bn_shoulderpad_R
{
	id 31
	visible	0
	scale_pivot	0 0 0
	rotate_pivot	0 0 0
	min_bound	0 0 0
	max_bound	0 0 0
	scale	1 1 1
	translate	19.0426 1.95627 10.3585
	rotation_orient	0 0 0 1
	rotation	0.0373518 -0.127228 0.254481 0.957944
	joint_orient	0 0 0 1
	bind_pose_matrix
		0.838104 0.478053 0.262766 0
		-0.497062 0.867688 0.00680742 0
		-0.224745 -0.136316 0.964836 0
		19.0426 1.95627 10.3585 1
	rotation_order xyz
	inherits_transform 1
	shearing 0 0 0
	rotate_pivot_translate	0 0 0
	scale_pivot_translate	0 0 0
	translate_limit_x -INF +INF
	translate_limit_y -INF +INF
	translate_limit_z -INF +INF
	rotate_limit_x -INF +INF
	rotate_limit_y -INF +INF
	rotate_limit_z -INF +INF
	scale_limit_x -INF +INF
	scale_limit_y -INF +INF
	scale_limit_z -INF +INF
	parent 25
	child_joints 0
	INSTANCE_LIST
	{
	}
	segment_scale_compensate 1
	EXTRA_ATTRIBUTES
	{
		wire_colour colour 0.643137 0.776471 0.807843
	}
}
BONE bn_thumb_L_01
{
	id 33
	visible	0
	scale_pivot	0 0 0
	rotate_pivot	0 0 0
	min_bound	0 0 0
	max_bound	0 0 0
	scale	1 1 1
	translate	3.80866 8.92636 -10.8076
	rotation_orient	0 0 0 1
	rotation	0.631191 0.297762 0.269992 0.663355
	joint_orient	0 0 0 1
	bind_pose_matrix
		0.676884 0.734091 -0.0542121 0
		0.0176891 0.0574052 0.998194 0
		0.735877 -0.676621 0.0258713 0
		3.80866 8.92636 -10.8076 1
	rotation_order xyz
	inherits_transform 1
	shearing 0 0 0
	rotate_pivot_translate	0 0 0
	scale_pivot_translate	0 0 0
	translate_limit_x -INF +INF
	translate_limit_y -INF +INF
	translate_limit_z -INF +INF
	rotate_limit_x -INF +INF
	rotate_limit_y -INF +INF
	rotate_limit_z -INF +INF
	scale_limit_x -INF +INF
	scale_limit_y -INF +INF
	scale_limit_z -INF +INF
	parent 24
	child_joints 0
	INSTANCE_LIST
	{
	}
	EXTRA_ATTRIBUTES
	{
		wire_colour colour 0.054902 1 0.00784314
	}
}
BONE bn_thumb_R_01
{
	id 34
	visible	0
	scale_pivot	0 0 0
	rotate_pivot	0 0 0
	min_bound	0 0 0
	max_bound	0 0 0
	scale	1 1 1
	translate	3.80857 8.92632 10.8074
	rotation_orient	0 0 0 1
	rotation	-0.640343 -0.256351 0.334891 0.641945
	joint_orient	0 0 0 1
	bind_pose_matrix
		0.644264 0.758269 -0.0997638 0
		-0.101659 -0.0443816 -0.993829 0
		-0.758017 0.65043 0.0484911 0
		3.80857 8.92632 10.8074 1
	rotation_order xyz
	inherits_transform 1
	shearing 0 0 0
	rotate_pivot_translate	0 0 0
	scale_pivot_translate	0 0 0
	translate_limit_x -INF +INF
	translate_limit_y -INF +INF
	translate_limit_z -INF +INF
	rotate_limit_x -INF +INF
	rotate_limit_y -INF +INF
	rotate_limit_z -INF +INF
	scale_limit_x -INF +INF
	scale_limit_y -INF +INF
	scale_limit_z -INF +INF
	parent 14
	child_joints 0
	INSTANCE_LIST
	{
	}
	EXTRA_ATTRIBUTES
	{
		wire_colour colour 0.054902 1 0.00784314
	}
}
BONE bn_weapon_01
{
	id 36
	visible	0
	scale_pivot	0 0 0
	rotate_pivot	0 0 0
	min_bound	0 0 0
	max_bound	0 0 0
	scale	1 1 1
	translate	19.9492 8.98743 -11.104
	rotation_orient	0 0 0 1
	rotation	-0.0935285 -0.781703 -0.156995 0.596276
	joint_orient	0 0 0 1
	bind_pose_matrix
		-0.271416 -0.0410017 0.961588 0
		0.333448 0.93321 0.13391 0
		-0.902854 0.356985 -0.239616 0
		19.9492 8.98743 -11.104 1
	rotation_order xyz
	inherits_transform 1
	shearing 0 0 0
	rotate_pivot_translate	0 0 0
	scale_pivot_translate	0 0 0
	translate_limit_x -INF +INF
	translate_limit_y -INF +INF
	translate_limit_z -INF +INF
	rotate_limit_x -INF +INF
	rotate_limit_y -INF +INF
	rotate_limit_z -INF +INF
	scale_limit_x -INF +INF
	scale_limit_y -INF +INF
	scale_limit_z -INF +INF
	parent 14
	child_joints 0
	INSTANCE_LIST
	{
	}
	EXTRA_ATTRIBUTES
	{
		wire_colour colour 0.054902 1 0.00784314
	}
}
JOINT root_displacement
{
	id 38
	visible	0
	scale_pivot	0 0 0
	rotate_pivot	0 0 0
	min_bound	0 0 0
	max_bound	0 0 0
	scale	1 1 1
	translate	0 0 0
	rotation_orient	0 0 0 1
	rotation	0 0 0 1
	joint_orient	0 0 0 1
	bind_pose_matrix
		1 0 0 0
		0 1 0 0
		0 0 1 0
		0 0 0 1
	rotation_order xyz
	inherits_transform 1
	shearing 0 0 0
	rotate_pivot_translate	0 0 0
	scale_pivot_translate	0 0 0
	translate_limit_x -INF +INF
	translate_limit_y -INF +INF
	translate_limit_z -INF +INF
	rotate_limit_x -INF +INF
	rotate_limit_y -INF +INF
	rotate_limit_z -INF +INF
	scale_limit_x -INF +INF
	scale_limit_y -INF +INF
	scale_limit_z -INF +INF
	parent 0
	child_joints 0
	INSTANCE_LIST
	{
	}
	segment_scale_compensate 1
	EXTRA_ATTRIBUTES
	{
		wire_colour colour 0 0.87451 0.145098
	}
}
ANIMATION_TAKE skill_vortex_01
{
	id 39
	start_time 0
	end_time 25
	fps 30
	current_time 0
	num_animated_nodes 38
	num_event_tracks 0
	ANIM_NODE 3
	{
		num_animated_attrs 3
		num_animated_attrs_user 0
		ATTR rotation
		{
			num_streams 1
			elements_per_sample 4
			POSE_KEY
			{
				2.82712e-10 0.793596 2.20832e-06 0.608445 
			}
		}
		ATTR scale
		{
			num_streams 1
			elements_per_sample 3
			POSE_KEY
			{
				1 1 1 
			}
		}
		ATTR translate
		{
			num_streams 1
			elements_per_sample 3
			POSE_KEY
			{
				3.87303 -3.67684e-05 -2.50608 
			}
		}
	}
	ANIM_NODE 28
	{
		num_animated_attrs 3
		num_animated_attrs_user 0
		ATTR rotation
		{
			num_streams 1
			elements_per_sample 4
			POSE_KEY
			{
				0.416017 0.849811 -0.0443937 0.320592 
			}
		}
		ATTR scale
		{
			num_streams 1
			elements_per_sample 3
			POSE_KEY
			{
				1 1 1 
			}
		}
		ATTR translate
		{
			num_streams 1
			elements_per_sample 3
			POSE_KEY
			{
				8.01527 2.79227 3.79134 
			}
		}
	}
	ANIM_NODE 33
	{
		num_animated_attrs 3
		num_animated_attrs_user 0
		ATTR rotation
		{
			num_streams 1
			elements_per_sample 4
			SAMPLED_KEYS
			{

				0.631191 0.269992 -0.297762 0.663355 
				0.631191 0.269991 -0.297762 0.663355 
				0.631191 0.269992 -0.297762 0.663355 
				0.631191 0.269992 -0.297762 0.663355 
				0.649648 0.256283 -0.289018 0.654786 
				0.69277 0.225027 -0.266243 0.631306 
				0.742124 0.190601 -0.235741 0.597787 
				0.781234 0.164388 -0.207661 0.565267 
				0.796926 0.154154 -0.195259 0.550472 
				0.796926 0.154154 -0.195259 0.550472 
				0.796926 0.154154 -0.195259 0.550472 
				0.796926 0.154154 -0.195259 0.550472 
				0.796926 0.154154 -0.195259 0.550472 
				0.796926 0.154154 -0.195259 0.550473 
				0.796926 0.154154 -0.195259 0.550472 
				0.796926 0.154154 -0.195259 0.550473 
				0.796926 0.154154 -0.195259 0.550472 
				0.796926 0.154154 -0.195259 0.550473 
				0.781234 0.164388 -0.207661 0.565267 
				0.742124 0.190601 -0.235741 0.597787 
				0.69277 0.225027 -0.266243 0.631306 
				0.649648 0.256283 -0.289018 0.654786 
				0.631191 0.269992 -0.297763 0.663355 
				0.631191 0.269992 -0.297762 0.663355 
				0.631191 0.269992 -0.297762 0.663355 
				0.631191 0.269992 -0.297762 0.663355 
			}
		}
		ATTR scale
		{
			num_streams 1
			elements_per_sample 3
			POSE_KEY
			{
				1 1 1 
			}
		}
		ATTR translate
		{
			num_streams 1
			elements_per_sample 3
			POSE_KEY
			{
				3.80866 -10.8076 -8.92636 
			}
		}
	}
	ANIM_NODE 25
	{
		num_animated_attrs 3
		num_animated_attrs_user 0
		ATTR rotation
		{
			num_streams 1
			elements_per_sample 4
			SAMPLED_KEYS
			{

				0.774092 -0.630459 -0.0359847 -0.0448101 
				0.774092 -0.630459 -0.0359846 -0.0448101 
				0.774092 -0.630459 -0.0359847 -0.0448101 
				0.774092 -0.630459 -0.0359846 -0.0448101 
				0.770079 -0.635355 -0.0362681 -0.0445811 
				0.763322 -0.643457 -0.0367371 -0.0441954 
				0.761961 -0.645069 -0.0368304 -0.0441176 
				0.774092 -0.630459 -0.0359846 -0.0448101 
				0.83857 -0.541754 -0.0308528 -0.0484866 
				0.885253 -0.461545 -0.0262171 -0.051142 
				0.861921 -0.503776 -0.0286574 -0.0498156 
				0.811168 -0.581983 -0.0331794 -0.0469252 
				0.774092 -0.630459 -0.0359846 -0.0448101 
				0.782953 -0.61942 -0.0353457 -0.0453159 
				0.810875 -0.58239 -0.033203 -0.0469084 
				0.826295 -0.560298 -0.0319251 -0.0477873 
				0.822149 -0.566365 -0.032276 -0.047551 
				0.81169 -0.581254 -0.0331373 -0.0469549 
				0.797923 -0.600013 -0.0342226 -0.0461698 
				0.784156 -0.617897 -0.0352575 -0.0453844 
				0.774092 -0.630459 -0.0359847 -0.0448101 
				0.771014 -0.63422 -0.0362024 -0.0446345 
				0.772555 -0.632342 -0.0360936 -0.0447223 
				0.774092 -0.630459 -0.0359847 -0.0448101 
				0.774092 -0.630459 -0.0359847 -0.0448101 
				0.774092 -0.630459 -0.0359847 -0.0448101 
			}
		}
		ATTR scale
		{
			num_streams 1
			elements_per_sample 3
			POSE_KEY
			{
				1 1 1 
			}
		}
		ATTR translate
		{
			num_streams 1
			elements_per_sample 3
			POSE_KEY
			{
				23.2608 -5.60505 11.8074 
			}
		}
	}
	ANIM_NODE 37
	{
		num_animated_attrs 3
		num_animated_attrs_user 0
		ATTR rotation
		{
			num_streams 1
			elements_per_sample 4
			SAMPLED_KEYS
			{

				-0.0338191 0.513784 0.0610105 0.855079 
				-0.033819 0.513783 0.0610105 0.855079 
				-0.033819 0.513784 0.0610106 0.855079 
				-0.033819 0.513784 0.0610105 0.855079 
				-0.0343175 0.563469 0.0563061 0.823501 
				-0.0380686 0.673644 0.046352 0.736618 
				-0.0466776 0.787269 0.0376659 0.613686 
				-0.0566012 0.865195 0.0338254 0.497081 
