|XMD_005A#0MAX#0005.0.4|
JOINT Bip001
{
	id 1
	visible	1
	scale_pivot	0 0 0
	rotate_pivot	0 0 0
	min_bound	0 0 0
	max_bound	0 0 0
	scale	1 1 1
	translate	6.16716 105.883 -2.79524
	rotation_orient	0 0 0 1
	rotation	0.102108 -0.76816 -0.165141 0.610109
	joint_orient	0 0 0 1
	bind_pose_matrix
		-0.234682 -0.358378 0.903598 0
		0.0446369 0.924605 0.378303 0
		-0.971047 0.129114 -0.200991 0
		6.16716 105.883 -2.79524 1
	rotation_order xyz
	inherits_transform 1
	shearing 0 0 0
	rotate_pivot_translate	0 0 0
	scale_pivot_translate	0 0 0
	translate_limit_x -INF +INF
	translate_limit_y -INF +INF
	translate_limit_z -INF +INF
	rotate_limit_x -INF +INF
	rotate_limit_y -INF +INF
	rotate_limit_z -INF +INF
	scale_limit_x -INF +INF
	scale_limit_y -INF +INF
	scale_limit_z -INF +INF
	parent 0
	child_joints 1
		9 
	INSTANCE_LIST
	{
	}
	segment_scale_compensate 1
	EXTRA_ATTRIBUTES
	{
		wire_colour colour 1 0 0
	}
}
JOINT Bip001_Head
{
	id 2
	visible	1
	scale_pivot	0 0 0
	rotate_pivot	0 0 0
	min_bound	0 0 0
	max_bound	0 0 0
	scale	1 1 1
	translate	11.5934 -5.07503e-07 4.40164e-06
	rotation_orient	0 0 0 1
	rotation	0.235629 -0.543382 0.124706 0.79603
	joint_orient	0 0 0 1
	bind_pose_matrix
		0.378369 -0.0575337 0.923865 0
		-0.454613 0.857855 0.239609 0
		-0.806328 -0.510661 0.29843 0
		11.5934 -5.07503e-07 4.40164e-06 1
	rotation_order xyz
	inherits_transform 1
	shearing 0 0 0
	rotate_pivot_translate	0 0 0
	scale_pivot_translate	0 0 0
	translate_limit_x -INF +INF
	translate_limit_y -INF +INF
	translate_limit_z -INF +INF
	rotate_limit_x -INF +INF
	rotate_limit_y -INF +INF
	rotate_limit_z -INF +INF
	scale_limit_x -INF +INF
	scale_limit_y -INF +INF
	scale_limit_z -INF +INF
	parent 4
	child_joints 1
		3 
	INSTANCE_LIST
	{
	}
	segment_scale_compensate 1
	EXTRA_ATTRIBUTES
	{
		original_name string "Bip001 Head"
		wire_colour colour 0.65098 0.792157 0.941176
	}
}
JOINT Bip001_Jaw
{
	id 3
	visible	1
	scale_pivot	0 0 0
	rotate_pivot	0 0 0
	min_bound	0 0 0
	max_bound	0 0 0
	scale	1 1 1
	translate	3.87301 -3.40518e-05 -2.50609
	rotation_orient	0 0 0 1
	rotation	-1.00627e-09 0.793596 2.20016e-06 0.608445
	joint_orient	0 0 0 1
	bind_pose_matrix
		-0.25959 2.67575e-06 -0.965719 0
		-2.67895e-06 1 3.49085e-06 0
		0.965719 3.4933e-06 -0.25959 0
		3.87301 -3.40518e-05 -2.50609 1
	rotation_order xyz
	inherits_transform 1
	shearing 0 0 0
	rotate_pivot_translate	0 0 0
	scale_pivot_translate	0 0 0
	translate_limit_x -INF +INF
	translate_limit_y -INF +INF
	translate_limit_z -INF +INF
	rotate_limit_x -INF +INF
	rotate_limit_y -INF +INF
	rotate_limit_z -INF +INF
	scale_limit_x -INF +INF
	scale_limit_y -INF +INF
	scale_limit_z -INF +INF
	parent 2
	child_joints 3
		28 29 30 
	INSTANCE_LIST
	{
	}
	segment_scale_compensate 1
	EXTRA_ATTRIBUTES
	{
		original_name string "Bip001 Jaw"
		wire_colour colour 0.988235 0 0
	}
}
JOINT Bip001_L_Calf
{
	id 17
	visible	1
	scale_pivot	0 0 0
	rotate_pivot	0 0 0
	min_bound	0 0 0
	max_bound	0 0 0
	scale	1 1 1
	translate	42.8806 4.22816e-07 -3.2184e-07
	rotation_orient	0 0 0 1
	rotation	1.72328e-09 -0.377083 -1.39232e-08 0.92618
	joint_orient	0 0 0 1
	bind_pose_matrix
		0.715617 -2.70904e-08 0.698493 0
		2.44911e-08 1 1.36925e-08 0
		-0.698493 7.30825e-09 0.715617 0
		42.8806 4.22816e-07 -3.2184e-07 1
	rotation_order xyz
	inherits_transform 1
	shearing 0 0 0
	rotate_pivot_translate	0 0 0
	scale_pivot_translate	0 0 0
	translate_limit_x -INF +INF
	translate_limit_y -INF +INF
	translate_limit_z -INF +INF
	rotate_limit_x -INF +INF
	rotate_limit_y -INF +INF
	rotate_limit_z -INF +INF
	scale_limit_x -INF +INF
	scale_limit_y -INF +INF
	scale_limit_z -INF +INF
	parent 18
	child_joints 1
		21 
	INSTANCE_LIST
	{
	}
	segment_scale_compensate 1
	EXTRA_ATTRIBUTES
	{
		original_name string "Bip001 L Calf"
		wire_colour colour 0.109804 0.109804 0.694118
	}
}
JOINT Bip001_L_Clavicle
{
	id 26
	visible	1
	scale_pivot	0 0 0
	rotate_pivot	0 0 0
	min_bound	0 0 0
	max_bound	0 0 0
	scale	1 1 1
	translate	23.2608 5.60499 11.8075
	rotation_orient	0 0 0 1
	rotation	0.723782 0.663123 -0.12862 0.140943
	joint_orient	0 0 0 1
	bind_pose_matrix
		0.0874506 0.923656 -0.37311 0
		0.996169 -0.0808074 0.0334414 0
		0.000738293 -0.374605 -0.927184 0
		23.2608 5.60499 11.8075 1
	rotation_order xyz
	inherits_transform 1
	shearing 0 0 0
	rotate_pivot_translate	0 0 0
	scale_pivot_translate	0 0 0
	translate_limit_x -INF +INF
	translate_limit_y -INF +INF
	translate_limit_z -INF +INF
	rotate_limit_x -INF +INF
	rotate_limit_y -INF +INF
	rotate_limit_z -INF +INF
	scale_limit_x -INF +INF
	scale_limit_y -INF +INF
	scale_limit_z -INF +INF
	parent 11
	child_joints 2
		23 32 
	INSTANCE_LIST
	{
	}
	segment_scale_compensate 1
	EXTRA_ATTRIBUTES
	{
		original_name string "Bip001 L Clavicle"
		wire_colour colour 0.109804 0.109804 0.694118
	}
}
JOINT Bip001_L_Foot
{
	id 21
	visible	1
	scale_pivot	0 0 0
	rotate_pivot	0 0 0
	min_bound	0 0 0
	max_bound	0 0 0
	scale	1 1 1
	translate	55.3239 7.54465e-07 -5.69078e-06
	rotation_orient	0 0 0 1
	rotation	0.188999 -0.112045 0.0580243 0.973837
	joint_orient	0 0 0 1
	bind_pose_matrix
		0.968158 0.0706598 0.24016 0
		-0.155365 0.921825 0.355105 0
		-0.196294 -0.381111 0.903451 0
		55.3239 7.54465e-07 -5.69078e-06 1
	rotation_order xyz
	inherits_transform 1
	shearing 0 0 0
	rotate_pivot_translate	0 0 0
	scale_pivot_translate	0 0 0
	translate_limit_x -INF +INF
	translate_limit_y -INF +INF
	translate_limit_z -INF +INF
	rotate_limit_x -INF +INF
	rotate_limit_y -INF +INF
	rotate_limit_z -INF +INF
	scale_limit_x -INF +INF
	scale_limit_y -INF +INF
	scale_limit_z -INF +INF
	parent 17
	child_joints 1
		19 
	INSTANCE_LIST
	{
	}
	segment_scale_compensate 1
	EXTRA_ATTRIBUTES
	{
		original_name string "Bip001 L Foot"
		wire_colour colour 0.109804 0.109804 0.694118
	}
}
JOINT Bip001_L_Forearm
{
	id 27
	visible	1
	scale_pivot	0 0 0
	rotate_pivot	0 0 0
	min_bound	0 0 0
	max_bound	0 0 0
	scale	1 1 1
	translate	50.8825 6.03286e-06 -1.8953e-06
	rotation_orient	0 0 0 1
	rotation	1.0169e-08 -0.473329 3.94397e-08 0.880886
	joint_orient	0 0 0 1
	bind_pose_matrix
		0.55192 5.98573e-08 0.833897 0
		-7.91104e-08 1 -1.94205e-08 0
		-0.833897 -5.52513e-08 0.55192 0
		50.8825 6.03286e-06 -1.8953e-06 1
	rotation_order xyz
	inherits_transform 1
	shearing 0 0 0
	rotate_pivot_translate	0 0 0
	scale_pivot_translate	0 0 0
	translate_limit_x -INF +INF
	translate_limit_y -INF +INF
	translate_limit_z -INF +INF
	rotate_limit_x -INF +INF
	rotate_limit_y -INF +INF
	rotate_limit_z -INF +INF
	scale_limit_x -INF +INF
	scale_limit_y -INF +INF
	scale_limit_z -INF +INF
	parent 23
	child_joints 1
		24 
	INSTANCE_LIST
	{
	}
	segment_scale_compensate 1
	EXTRA_ATTRIBUTES
	{
		original_name string "Bip001 L Forearm"
		wire_colour colour 0.109804 0.109804 0.694118
	}
}
JOINT Bip001_L_Hand
{
	id 24
	visible	1
	scale_pivot	0 0 0
	rotate_pivot	0 0 0
	min_bound	0 0 0
	max_bound	0 0 0
	scale	1 1 1
	translate	42.1285 -3.22094e-06 1.90436e-07
	rotation_orient	0 0 0 1
	rotation	-0.733443 -0.0196658 -0.0542436 0.677298
	joint_orient	0 0 0 1
	bind_pose_matrix
		0.993342 -0.0446306 0.106208 0
		0.102326 -0.0817614 -0.991385 0
		0.0529299 0.995652 -0.0766502 0
		42.1285 -3.22094e-06 1.90436e-07 1
	rotation_order xyz
	inherits_transform 1
	shearing 0 0 0
	rotate_pivot_translate	0 0 0
	scale_pivot_translate	0 0 0
	translate_limit_x -INF +INF
	translate_limit_y -INF +INF
	translate_limit_z -INF +INF
	rotate_limit_x -INF +INF
	rotate_limit_y -INF +INF
	rotate_limit_z -INF +INF
	scale_limit_x -INF +INF
	scale_limit_y -INF +INF
	scale_limit_z -INF +INF
	parent 27
	child_joints 2
		33 37 
	INSTANCE_LIST
	{
	}
	segment_scale_compensate 1
	EXTRA_ATTRIBUTES
	{
		original_name string "Bip001 L Hand"
		wire_colour colour 0.109804 0.109804 0.694118
	}
}
JOINT Bip001_L_Thigh
{
	id 18
	visible	1
	scale_pivot	0 0 0
	rotate_pivot	0 0 0
	min_bound	0 0 0
	max_bound	0 0 0
	scale	1 1 1
	translate	-2.29713e-05 16.5157 -2.73837e-05
	rotation_orient	0 0 0 1
	rotation	-0.159358 0.22612 -0.960924 -0.0100268
	joint_orient	0 0 0 1
	bind_pose_matrix
		-0.949009 -0.0527979 0.310796 0
		-0.0913379 -0.897539 -0.431372 0
		0.301727 -0.437763 0.84695 0
		-2.29713e-05 16.5157 -2.73837e-05 1
	rotation_order xyz
	inherits_transform 1
	shearing 0 0 0
	rotate_pivot_translate	0 0 0
	scale_pivot_translate	0 0 0
	translate_limit_x -INF +INF
	translate_limit_y -INF +INF
	translate_limit_z -INF +INF
	rotate_limit_x -INF +INF
	rotate_limit_y -INF +INF
	rotate_limit_z -INF +INF
	scale_limit_x -INF +INF
	scale_limit_y -INF +INF
	scale_limit_z -INF +INF
	parent 9
	child_joints 1
		17 
	INSTANCE_LIST
	{
	}
	segment_scale_compensate 1
	EXTRA_ATTRIBUTES
	{
		original_name string "Bip001 L Thigh"
		wire_colour colour 0.109804 0.109804 0.694118
	}
}
JOINT Bip001_L_Toe0
{
	id 19
	visible	1
	scale_pivot	0 0 0
	rotate_pivot	0 0 0
	min_bound	0 0 0
	max_bound	0 0 0
	scale	1 1 1
	translate	18.3219 2.08805e-06 -21.8944
	rotation_orient	0 0 0 1
	rotation	-0.00308785 0.428441 -0.0071585 0.903536
	joint_orient	0 0 0 1
	bind_pose_matrix
		0.632774 -0.0155818 -0.77418 0
		0.01029 0.999878 -0.011714 0
		0.774268 -0.000554017 0.632857 0
		18.3219 2.08805e-06 -21.8944 1
	rotation_order xyz
	inherits_transform 1
	shearing 0 0 0
	rotate_pivot_translate	0 0 0
	scale_pivot_translate	0 0 0
	translate_limit_x -INF +INF
	translate_limit_y -INF +INF
	translate_limit_z -INF +INF
	rotate_limit_x -INF +INF
	rotate_limit_y -INF +INF
	rotate_limit_z -INF +INF
	scale_limit_x -INF +INF
	scale_limit_y -INF +INF
	scale_limit_z -INF +INF
	parent 21
	child_joints 0
	INSTANCE_LIST
	{
	}
	segment_scale_compensate 1
	EXTRA_ATTRIBUTES
	{
		original_name string "Bip001 L Toe0"
		wire_colour colour 0.423529 0.0313726 0.533333
	}
}
JOINT Bip001_L_UpperArm
{
	id 23
	visible	1
	scale_pivot	0 0 0
	rotate_pivot	0 0 0
	min_bound	0 0 0
	max_bound	0 0 0
	scale	1 1 1
	translate	22.4233 1.85251e-06 -9.0808e-07
	rotation_orient	0 0 0 1
	rotation	-0.10919 -0.140344 -0.318558 0.931076
	joint_orient	0 0 0 1
	bind_pose_matrix
		0.757649 -0.562555 0.330909 0
		0.623851 0.773197 -0.113912 0
		-0.191776 0.292743 0.936762 0
		22.4233 1.85251e-06 -9.0808e-07 1
	rotation_order xyz
	inherits_transform 1
	shearing 0 0 0
	rotate_pivot_translate	0 0 0
	scale_pivot_translate	0 0 0
	translate_limit_x -INF +INF
	translate_limit_y -INF +INF
	translate_limit_z -INF +INF
	rotate_limit_x -INF +INF
	rotate_limit_y -INF +INF
	rotate_limit_z -INF +INF
	scale_limit_x -INF +INF
	scale_limit_y -INF +INF
	scale_limit_z -INF +INF
	parent 26
	child_joints 1
		27 
	INSTANCE_LIST
	{
	}
	segment_scale_compensate 1
	EXTRA_ATTRIBUTES
	{
		original_name string "Bip001 L UpperArm"
		wire_colour colour 0.109804 0.109804 0.694118
	}
}
JOINT Bip001_Neck
{
	id 4
	visible	1
	scale_pivot	0 0 0
	rotate_pivot	0 0 0
	min_bound	0 0 0
	max_bound	0 0 0
	scale	1 1 1
	translate	32.8698 -3.74734e-06 9.33883
	rotation_orient	0 0 0 1
	rotation	9.80157e-10 0.314404 8.83594e-07 0.949289
	joint_orient	0 0 0 1
	bind_pose_matrix
		0.8023 1.67819e-06 -0.59692 0
		-1.67696e-06 1 5.57471e-07 0
		0.59692 5.5375e-07 0.8023 0
		32.8698 -3.74734e-06 9.33883 1
	rotation_order xyz
	inherits_transform 1
	shearing 0 0 0
	rotate_pivot_translate	0 0 0
	scale_pivot_translate	0 0 0
	translate_limit_x -INF +INF
	translate_limit_y -INF +INF
	translate_limit_z -INF +INF
	rotate_limit_x -INF +INF
	rotate_limit_y -INF +INF
	rotate_limit_z -INF +INF
	scale_limit_x -INF +INF
	scale_limit_y -INF +INF
	scale_limit_z -INF +INF
	parent 11
	child_joints 1
		2 
	INSTANCE_LIST
	{
	}
	segment_scale_compensate 1
	EXTRA_ATTRIBUTES
	{
		original_name string "Bip001 Neck"
		wire_colour colour 0.0313726 0.431373 0.52549
	}
}
JOINT Bip001_Pelvis
{
	id 9
	visible	1
	scale_pivot	0 0 0
	rotate_pivot	0 0 0
	min_bound	0 0 0
	max_bound	0 0 0
	scale	1 1 1
	translate	0 0 -0
	rotation_orient	0 0 0 1
	rotation	-0.499999 -0.5 0.5 0.500001
	joint_orient	0 0 0 1
	bind_pose_matrix
		-2.38419e-07 1 1.3411e-06 0
		-1.3411e-06 1.13249e-06 -1 0
		-1 -5.96046e-08 1.13249e-06 0
		0 0 -0 1
	rotation_order xyz
	inherits_transform 1
	shearing 0 0 0
	rotate_pivot_translate	0 0 0
	scale_pivot_translate	0 0 0
	translate_limit_x -INF +INF
	translate_limit_y -INF +INF
	translate_limit_z -INF +INF
	rotate_limit_x -INF +INF
	rotate_limit_y -INF +INF
	rotate_limit_z -INF +INF
	scale_limit_x -INF +INF
	scale_limit_y -INF +INF
	scale_limit_z -INF +INF
	parent 1
	child_joints 4
		6 10 16 18 
	INSTANCE_LIST
	{
	}
	segment_scale_compensate 1
	EXTRA_ATTRIBUTES
	{
		original_name string "Bip001 Pelvis"
		wire_colour colour 0.878431 0.776471 0.341176
	}
}
JOINT Bip001_R_Calf
{
	id 20
	visible	1
	scale_pivot	0 0 0
	rotate_pivot	0 0 0
	min_bound	0 0 0
	max_bound	0 0 0
	scale	1 1 1
	translate	42.8806 -1.03202e-06 1.70537e-06
	rotation_orient	0 0 0 1
	rotation	1.0347e-08 -0.141429 -6.54603e-09 0.989948
	joint_orient	0 0 0 1
	bind_pose_matrix
		0.959996 -1.58872e-08 0.280014 0
		1.00337e-08 1 2.23377e-08 0
		-0.280014 -1.86345e-08 0.959996 0
		42.8806 -1.03202e-06 1.70537e-06 1
	rotation_order xyz
	inherits_transform 1
	shearing 0 0 0
	rotate_pivot_translate	0 0 0
	scale_pivot_translate	0 0 0
	translate_limit_x -INF +INF
	translate_limit_y -INF +INF
	translate_limit_z -INF +INF
	rotate_limit_x -INF +INF
	rotate_limit_y -INF +INF
	rotate_limit_z -INF +INF
	scale_limit_x -INF +INF
	scale_limit_y -INF +INF
	scale_limit_z -INF +INF
	parent 16
	child_joints 1
		13 
	INSTANCE_LIST
	{
	}
	segment_scale_compensate 1
	EXTRA_ATTRIBUTES
	{
		original_name string "Bip001 R Calf"
		wire_colour colour 0.0235294 0.52549 0.0235294
	}
}
JOINT Bip001_R_Clavicle
{
	id 25
	visible	1
	scale_pivot	0 0 0
	rotate_pivot	0 0 0
	min_bound	0 0 0
	max_bound	0 0 0
	scale	1 1 1
	translate	23.2609 -5.60505 11.8074
	rotation_orient	0 0 0 1
	rotation	0.774092 -0.630459 -0.0359846 -0.0448101
	joint_orient	0 0 0 1
	bind_pose_matrix
		0.202452 -0.972842 -0.112213 0
		-0.979292 -0.201027 -0.0240006 0
		0.00079111 0.114748 -0.993395 0
		23.2609 -5.60505 11.8074 1
	rotation_order xyz
	inherits_transform 1
	shearing 0 0 0
	rotate_pivot_translate	0 0 0
	scale_pivot_translate	0 0 0
	translate_limit_x -INF +INF
	translate_limit_y -INF +INF
	translate_limit_z -INF +INF
	rotate_limit_x -INF +INF
	rotate_limit_y -INF +INF
	rotate_limit_z -INF +INF
	scale_limit_x -INF +INF
	scale_limit_y -INF +INF
	scale_limit_z -INF +INF
	parent 11
	child_joints 2
		15 31 
	INSTANCE_LIST
	{
	}
	segment_scale_compensate 1
	EXTRA_ATTRIBUTES
	{
		original_name string "Bip001 R Clavicle"
		wire_colour colour 0.0235294 0.52549 0.0235294
	}
}
JOINT Bip001_R_Foot
{
	id 13
	visible	1
	scale_pivot	0 0 0
	rotate_pivot	0 0 0
	min_bound	0 0 0
	max_bound	0 0 0
	scale	1 1 1
	translate	55.3239 3.39863e-06 8.01114e-07
	rotation_orient	0 0 0 1
	rotation	-0.0219056 -0.135224 -0.00314614 0.990568
	joint_orient	0 0 0 1
	bind_pose_matrix
		0.963409 -0.000308596 0.268035 0
		0.0121572 0.999021 -0.0425471 0
		-0.267759 0.0442488 0.962469 0
		55.3239 3.39863e-06 8.01114e-07 1
	rotation_order xyz
	inherits_transform 1
	shearing 0 0 0
	rotate_pivot_translate	0 0 0
	scale_pivot_translate	0 0 0
	translate_limit_x -INF +INF
	translate_limit_y -INF +INF
	translate_limit_z -INF +INF
	rotate_limit_x -INF +INF
	rotate_limit_y -INF +INF
	rotate_limit_z -INF +INF
	scale_limit_x -INF +INF
	scale_limit_y -INF +INF
	scale_limit_z -INF +INF
	parent 20
	child_joints 1
		12 
	INSTANCE_LIST
	{
	}
	segment_scale_compensate 1
	EXTRA_ATTRIBUTES
	{
		original_name string "Bip001 R Foot"
		wire_colour colour 0.0235294 0.52549 0.0235294
	}
}
JOINT Bip001_R_Forearm
{
	id 22
	visible	1
	scale_pivot	0 0 0
	rotate_pivot	0 0 0
	min_bound	0 0 0
	max_bound	0 0 0
	scale	1 1 1
	translate	50.8825 2.44288e-06 -8.7869e-07
	rotation_orient	0 0 0 1
	rotation	-1.22891e-08 -0.699242 3.6616e-09 0.714885
	joint_orient	0 0 0 1
	bind_pose_matrix
		0.0221218 2.24213e-08 0.999755 0
		1.19508e-08 1 -2.26913e-08 0
		-0.999755 1.24499e-08 0.0221218 0
		50.8825 2.44288e-06 -8.7869e-07 1
	rotation_order xyz
	inherits_transform 1
	shearing 0 0 0
	rotate_pivot_translate	0 0 0
	scale_pivot_translate	0 0 0
	translate_limit_x -INF +INF
	translate_limit_y -INF +INF
	translate_limit_z -INF +INF
	rotate_limit_x -INF +INF
	rotate_limit_y -INF +INF
	rotate_limit_z -INF +INF
	scale_limit_x -INF +INF
	scale_limit_y -INF +INF
	scale_limit_z -INF +INF
	parent 15
	child_joints 1
		14 
	INSTANCE_LIST
	{
	}
	segment_scale_compensate 1
	EXTRA_ATTRIBUTES
	{
		original_name string "Bip001 R Forearm"
		wire_colour colour 0.0235294 0.52549 0.0235294
	}
}
JOINT Bip001_R_Hand
{
	id 14
	visible	1
	scale_pivot	0 0 0
	rotate_pivot	0 0 0
	min_bound	0 0 0
	max_bound	0 0 0
	scale	1 1 1
	translate	42.1284 2.18644e-06 -1.43497e-06
	rotation_orient	0 0 0 1
	rotation	0.849558 -0.0365009 0.0686417 0.521735
	joint_orient	0 0 0 1
	bind_pose_matrix
		0.987912 0.00960631 0.154718 0
		-0.133645 -0.45292 0.881478 0
		0.0785424 -0.8915 -0.446161 0
		42.1284 2.18644e-06 -1.43497e-06 1
	rotation_order xyz
	inherits_transform 1
	shearing 0 0 0
	rotate_pivot_translate	0 0 0
	scale_pivot_translate	0 0 0
	translate_limit_x -INF +INF
	translate_limit_y -INF +INF
	translate_limit_z -INF +INF
	rotate_limit_x -INF +INF
	rotate_limit_y -INF +INF
	rotate_limit_z -INF +INF
	scale_limit_x -INF +INF
	scale_limit_y -INF +INF
	scale_limit_z -INF +INF
	parent 22
	child_joints 3
		34 35 36 
	INSTANCE_LIST
	{
	}
	segment_scale_compensate 1
	EXTRA_ATTRIBUTES
	{
		original_name string "Bip001 R Hand"
		wire_colour colour 0.0235294 0.52549 0.0235294
	}
}
JOINT Bip001_R_Thigh
{
	id 16
	visible	1
	scale_pivot	0 0 0
	rotate_pivot	0 0 0
	min_bound	0 0 0
	max_bound	0 0 0
	scale	1 1 1
	translate	2.64889e-05 -16.5157 1.89818e-05
	rotation_orient	0 0 0 1
	rotation	0.446233 -0.0375255 -0.89076 -0.0775613
	joint_orient	0 0 0 1
	bind_pose_matrix
		-0.589722 0.104687 -0.800793 0
		-0.171667 -0.985152 -0.00236838 0
		-0.789151 0.136073 0.598937 0
		2.64889e-05 -16.5157 1.89818e-05 1
	rotation_order xyz
	inherits_transform 1
	shearing 0 0 0
	rotate_pivot_translate	0 0 0
	scale_pivot_translate	0 0 0
	translate_limit_x -INF +INF
	translate_limit_y -INF +INF
	translate_limit_z -INF +INF
	rotate_limit_x -INF +INF
	rotate_limit_y -INF +INF
	rotate_limit_z -INF +INF
	scale_limit_x -INF +INF
	scale_limit_y -INF +INF
	scale_limit_z -INF +INF
	parent 9
	child_joints 1
		20 
	INSTANCE_LIST
	{
	}
	segment_scale_compensate 1
	EXTRA_ATTRIBUTES
	{
		original_name string "Bip001 R Thigh"
		wire_colour colour 0.0235294 0.52549 0.0235294
	}
}
JOINT Bip001_R_Toe0
{
	id 12
	visible	1
	scale_pivot	0 0 0
	rotate_pivot	0 0 0
	min_bound	0 0 0
	max_bound	0 0 0
	scale	1 1 1
	translate	18.3219 8.13414e-07 -21.8944
	rotation_orient	0 0 0 1
	rotation	-1.05108e-07 0.819152 -4.59535e-07 0.573576
	joint_orient	0 0 0 1
	bind_pose_matrix
		-0.342021 -6.99355e-07 -0.939692 0
		3.54958e-07 1 -8.73433e-07 0
		0.939692 -6.32283e-07 -0.342021 0
		18.3219 8.13414e-07 -21.8944 1
	rotation_order xyz
	inherits_transform 1
	shearing 0 0 0
	rotate_pivot_translate	0 0 0
	scale_pivot_translate	0 0 0
	translate_limit_x -INF +INF
	translate_limit_y -INF +INF
	translate_limit_z -INF +INF
	rotate_limit_x -INF +INF
	rotate_limit_y -INF +INF
	rotate_limit_z -INF +INF
	scale_limit_x -INF +INF
	scale_limit_y -INF +INF
	scale_limit_z -INF +INF
	parent 13
	child_joints 0
	INSTANCE_LIST
	{
	}
	segment_scale_compensate 1
	EXTRA_ATTRIBUTES
	{
		original_name string "Bip001 R Toe0"
		wire_colour colour 0.443137 0.52549 0.0235294
	}
}
JOINT Bip001_R_UpperArm
{
	id 15
	visible	1
	scale_pivot	0 0 0
	rotate_pivot	0 0 0
	min_bound	0 0 0
	max_bound	0 0 0
	scale	1 1 1
	translate	22.4233 2.81083e-07 -4.49622e-07
	rotation_orient	0 0 0 1
	rotation	0.555261 0.251646 0.139609 0.7803
	joint_orient	0 0 0 1
	bind_pose_matrix
		0.834367 0.497332 -0.23768 0
		0.0615848 0.344389 0.936805 0
		0.547758 -0.796277 0.256719 0
		22.4233 2.81083e-07 -4.49622e-07 1
	rotation_order xyz
	inherits_transform 1
	shearing 0 0 0
	rotate_pivot_translate	0 0 0
	scale_pivot_translate	0 0 0
	translate_limit_x -INF +INF
	translate_limit_y -INF +INF
	translate_limit_z -INF +INF
	rotate_limit_x -INF +INF
	rotate_limit_y -INF +INF
	rotate_limit_z -INF +INF
	scale_limit_x -INF +INF
	scale_limit_y -INF +INF
	scale_limit_z -INF +INF
	parent 25
	child_joints 1
		22 
	INSTANCE_LIST
	{
	}
	segment_scale_compensate 1
	EXTRA_ATTRIBUTES
	{
		original_name string "Bip001 R UpperArm"
		wire_colour colour 0.0235294 0.52549 0.0235294
	}
}
JOINT Bip001_Spine
{
	id 10
	visible	1
	scale_pivot	0 0 0
	rotate_pivot	0 0 0
	min_bound	0 0 0
	max_bound	0 0 0
	scale	1 1 1
	translate	21.7728 0.00358695 0.0122791
	rotation_orient	0 0 0 1
	rotation	-0.138788 -0.0686248 -0.0102137 0.987889
	joint_orient	0 0 0 1
	bind_pose_matrix
		0.990373 -0.00113128 0.138423 0
		0.0392286 0.961267 -0.272813 0
		-0.132752 0.275617 0.952057 0
		21.7728 0.00358695 0.0122791 1
	rotation_order xyz
	inherits_transform 1
	shearing 0 0 0
	rotate_pivot_translate	0 0 0
	scale_pivot_translate	0 0 0
	translate_limit_x -INF +INF
	translate_limit_y -INF +INF
	translate_limit_z -INF +INF
	rotate_limit_x -INF +INF
	rotate_limit_y -INF +INF
	rotate_limit_z -INF +INF
	scale_limit_x -INF +INF
	scale_limit_y -INF +INF
	scale_limit_z -INF +INF
	parent 9
	child_joints 1
		11 
	INSTANCE_LIST
	{
	}
	segment_scale_compensate 1
	EXTRA_ATTRIBUTES
	{
		original_name string "Bip001 Spine"
		wire_colour colour 0.0313726 0.431373 0.52549
	}
}
JOINT Bip001_Spine1
{
	id 11
	visible	1
	scale_pivot	0 0 0
	rotate_pivot	0 0 0
	min_bound	0 0 0
	max_bound	0 0 0
	scale	1 1 1
	translate	16.2142 0.000865509 0.0217538
	rotation_orient	0 0 0 1
	rotation	-0.0234401 0.25157 -0.0210741 0.967326
	joint_orient	0 0 0 1
	bind_pose_matrix
		0.872537 -0.0525647 -0.485712 0
		0.0289773 0.998013 -0.0559517 0
		0.487688 0.0347453 0.872326 0
		16.2142 0.000865509 0.0217538 1
	rotation_order xyz
	inherits_transform 1
	shearing 0 0 0
	rotate_pivot_translate	0 0 0
	scale_pivot_translate	0 0 0
	translate_limit_x -INF +INF
	translate_limit_y -INF +INF
	translate_limit_z -INF +INF
	rotate_limit_x -INF +INF
	rotate_limit_y -INF +INF
	rotate_limit_z -INF +INF
	scale_limit_x -INF +INF
	scale_limit_y -INF +INF
	scale_limit_z -INF +INF
	parent 10
	child_joints 3
		4 25 26 
	INSTANCE_LIST
	{
	}
	segment_scale_compensate 1
	EXTRA_ATTRIBUTES
	{
		original_name string "Bip001 Spine1"
		wire_colour colour 0.0313726 0.431373 0.52549
	}
}
JOINT be_F_tabard_01
{
	id 7
	visible	0
	scale_pivot	0 0 0
	rotate_pivot	0 0 0
	min_bound	0 0 0
	max_bound	0 0 0
	scale	1 1 1
	translate	24.8567 1.08893e-06 2.30291e-05
	rotation_orient	0 0 0 1
	rotation	5.72248e-07 2.8475e-08 0.0206198 0.999787
	joint_orient	0 0 0 1
	bind_pose_matrix
		0.99915 0.0412307 -3.33386e-08 0
		-0.0412307 0.99915 1.14543e-06 0
		8.05371e-08 -1.14308e-06 1 0
		24.8567 1.08893e-06 2.30291e-05 1
	rotation_order xyz
	inherits_transform 1
	shearing 0 0 0
	rotate_pivot_translate	0 0 0
	scale_pivot_translate	0 0 0
	translate_limit_x -INF +INF
	translate_limit_y -INF +INF
	translate_limit_z -INF +INF
	rotate_limit_x -INF +INF
	rotate_limit_y -INF +INF
	rotate_limit_z -INF +INF
	scale_limit_x -INF +INF
	scale_limit_y -INF +INF
	scale_limit_z -INF +INF
	parent 5
	child_joints 0
	INSTANCE_LIST
	{
	}
	segment_scale_compensate 1
	EXTRA_ATTRIBUTES
	{
		wire_colour colour 0.682353 0.729412 0.796078
	}
}
JOINT bn_F_tabard_01
{
	id 6
	visible	0
	scale_pivot	0 0 0
	rotate_pivot	0 0 0
	min_bound	0 0 0
	max_bound	0 0 0
	scale	1 1 1
	translate	12.9496 -3.06396e-05 -19.7355
	rotation_orient	0 0 0 1
	rotation	0.439913 0.538702 -0.403091 0.594806
	joint_orient	0 0 0 1
	bind_pose_matrix
		0.0946359 -0.00555795 -0.995497 0
		0.953486 0.287989 0.0890343 0
		0.286197 -0.957617 0.0325535 0
		12.9496 -3.06396e-05 -19.7355 1
	rotation_order xyz
	inherits_transform 1
	shearing 0 0 0
	rotate_pivot_translate	0 0 0
	scale_pivot_translate	0 0 0
	translate_limit_x -INF +INF
	translate_limit_y -INF +INF
	translate_limit_z -INF +INF
	rotate_limit_x -INF +INF
	rotate_limit_y -INF +INF
	rotate_limit_z -INF +INF
	scale_limit_x -INF +INF
	scale_limit_y -INF +INF
	scale_limit_z -INF +INF
	parent 9
	child_joints 1
		8 
	INSTANCE_LIST
	{
	}
	segment_scale_compensate 1
	EXTRA_ATTRIBUTES
	{
		wire_colour colour 0.682353 0.729412 0.796078
	}
}
JOINT bn_F_tabard_02
{
	id 8
	visible	0
	scale_pivot	0 0 0
	rotate_pivot	0 0 0
	min_bound	0 0 0
	max_bound	0 0 0
	scale	1 1 1
	translate	19.4102 -1.19977e-05 -6.06006e-07
	rotation_orient	0 0 0 1
	rotation	0.0185543 -0.145473 -0.05675 0.987559
	joint_orient	0 0 0 1
	bind_pose_matrix
		0.951234 -0.117486 0.285221 0
		0.10669 0.992871 0.0531582 0
		-0.289433 -0.0201358 0.956987 0
		19.4102 -1.19977e-05 -6.06006e-07 1
	rotation_order xyz
	inherits_transform 1
	shearing 0 0 0
	rotate_pivot_translate	0 0 0
	scale_pivot_translate	0 0 0
	translate_limit_x -INF +INF
	translate_limit_y -INF +INF
	translate_limit_z -INF +INF
	rotate_limit_x -INF +INF
	rotate_limit_y -INF +INF
	rotate_limit_z -INF +INF
	scale_limit_x -INF +INF
	scale_limit_y -INF +INF
	scale_limit_z -INF +INF
	parent 6
	child_joints 1
		5 
	INSTANCE_LIST
	{
	}
	segment_scale_compensate 1
	EXTRA_ATTRIBUTES
	{
		wire_colour colour 0.682353 0.729412 0.796078
	}
}
JOINT bn_F_tabard_03
{
	id 5
	visible	0
	scale_pivot	0 0 0
	rotate_pivot	0 0 0
	min_bound	0 0 0
	max_bound	0 0 0
	scale	1 1 1
	translate	22.1778 -3.27928e-05 -2.09361e-05
	rotation_orient	0 0 0 1
	rotation	0.0159256 0.140083 -0.362395 0.921299
	joint_orient	0 0 0 1
	bind_pose_matrix
		0.698093 -0.663288 -0.269659 0
		0.672212 0.736832 -0.0721864 0
		0.246574 -0.130875 0.960246 0
		22.1778 -3.27928e-05 -2.09361e-05 1
	rotation_order xyz
	inherits_transform 1
	shearing 0 0 0
	rotate_pivot_translate	0 0 0
	scale_pivot_translate	0 0 0
	translate_limit_x -INF +INF
	translate_limit_y -INF +INF
	translate_limit_z -INF +INF
	rotate_limit_x -INF +INF
	rotate_limit_y -INF +INF
	rotate_limit_z -INF +INF
	scale_limit_x -INF +INF
	scale_limit_y -INF +INF
	scale_limit_z -INF +INF
	parent 8
	child_joints 1
		7 
	INSTANCE_LIST
	{
	}
	segment_scale_compensate 1
	EXTRA_ATTRIBUTES
	{
		wire_colour colour 0.682353 0.729412 0.796078
	}
}
BONE bn_fingers_L_01
{
	id 37
	visible	0
	scale_pivot	0 0 0
	rotate_pivot	0 0 0
	min_bound	0 0 0
	max_bound	0 0 0
	scale	1 1 1
	translate	24.2948 -2.43625 -4.53717
	rotation_orient	0 0 0 1
	rotation	-0.0338191 0.513784 0.0610105 0.855079
	joint_orient	0 0 0 1
	bind_pose_matrix
		0.464608 0.0695863 -0.882778 0
		-0.139089 0.990268 0.00485643 0
		0.874525 0.120528 0.469766 0
		24.2948 -2.43625 -4.53717 1
	rotation_order xyz
	inherits_transform 1
	shearing 0 0 0
	rotate_pivot_translate	0 0 0
	scale_pivot_translate	0 0 0
	translate_limit_x -INF +INF
	translate_limit_y -INF +INF
	translate_limit_z -INF +INF
	rotate_limit_x -INF +INF
	rotate_limit_y -INF +INF
	rotate_limit_z -INF +INF
	scale_limit_x -INF +INF
	scale_limit_y -INF +INF
	scale_limit_z -INF +INF
	parent 24
	child_joints 0
	INSTANCE_LIST
	{
	}
	EXTRA_ATTRIBUTES
	{
		wire_colour colour 0.054902 1 0.00784314
	}
}
BONE bn_fingers_R_01
{
	id 35
	visible	0
	scale_pivot	0 0 0
	rotate_pivot	0 0 0
	min_bound	0 0 0
	max_bound	0 0 0
	scale	1 1 1
	translate	25.1662 2.89668 -4.50303
	rotation_orient	0 0 0 1
	rotation	-0.054164 0.701832 0.142022 0.695937
	joint_orient	0 0 0 1
	bind_pose_matrix
		-0.0254766 0.121648 -0.992246 0
		-0.273704 0.953792 0.123961 0
		0.961477 0.27474 0.00899619 0
		25.1662 2.89668 -4.50303 1
	rotation_order xyz
	inherits_transform 1
	shearing 0 0 0
	rotate_pivot_translate	0 0 0
	scale_pivot_translate	0 0 0
	translate_limit_x -INF +INF
	translate_limit_y -INF +INF
	translate_limit_z -INF +INF
	rotate_limit_x -INF +INF
	rotate_limit_y -INF +INF
	rotate_limit_z -INF +INF
	scale_limit_x -INF +INF
	scale_limit_y -INF +INF
	scale_limit_z -INF +INF
	parent 14
	child_joints 0
	INSTANCE_LIST
	{
	}
	EXTRA_ATTRIBUTES
	{
		wire_colour colour 0.054902 1 0.00784314
	}
}
BONE bn_mouth_01
{
	id 30
	visible	0
	scale_pivot	0 0 0
	rotate_pivot	0 0 0
	min_bound	0 0 0
	max_bound	0 0 0
	scale	1 1 1
	translate	9.78494 -3.41196e-05 3.94773
	rotation_orient	0 0 0 1
	rotation	0.703376 0.703366 0.0725904 0.0725891
	joint_orient	0 0 0 1
	bind_pose_matrix
		1.29938e-05 1 3.241e-06 0
		0.978924 -1.35899e-05 0.20423 0
		0.20423 4.84288e-07 -0.978923 0
		9.78494 -3.41196e-05 3.94773 1
	rotation_order xyz
	inherits_transform 1
	shearing 0 0 0
	rotate_pivot_translate	0 0 0
	scale_pivot_translate	0 0 0
	translate_limit_x -INF +INF
	translate_limit_y -INF +INF
	translate_limit_z -INF +INF
	rotate_limit_x -INF +INF
	rotate_limit_y -INF +INF
	rotate_limit_z -INF +INF
	scale_limit_x -INF +INF
	scale_limit_y -INF +INF
	scale_limit_z -INF +INF
	parent 3
	child_joints 0
	INSTANCE_LIST
	{
	}
	EXTRA_ATTRIBUTES
	{
		wire_colour colour 0 0.988235 0
	}
}
BONE bn_mouth_L_01
{
	id 28
	visible	0
	scale_pivot	0 0 0
	rotate_pivot	0 0 0
	min_bound	0 0 0
	max_bound	0 0 0
	scale	1 1 1
	translate	8.01526 2.79227 3.79136
	rotation_orient	0 0 0 1
	rotation	0.416018 0.849811 -0.0443936 0.320592
	joint_orient	0 0 0 1
	bind_pose_matrix
		-0.4483 0.678609 -0.581824 0
		0.735538 0.649918 0.191292 0
		0.507949 -0.342197 -0.7905 0
		8.01526 2.79227 3.79136 1
	rotation_order xyz
	inherits_transform 1
	shearing 0 0 0
	rotate_pivot_translate	0 0 0
	scale_pivot_translate	0 0 0
	translate_limit_x -INF +INF
	translate_limit_y -INF +INF
	translate_limit_z -INF +INF
	rotate_limit_x -INF +INF
	rotate_limit_y -INF +INF
	rotate_limit_z -INF +INF
	scale_limit_x -INF +INF
	scale_limit_y -INF +INF
	scale_limit_z -INF +INF
	parent 3
	child_joints 0
	INSTANCE_LIST
	{
	}
	EXTRA_ATTRIBUTES
	{
		wire_colour colour 0 0.988235 0
	}
}
BONE bn_mouth_R_01
{
	id 29
	visible	0
	scale_pivot	0 0 0
	rotate_pivot	0 0 0
	min_bound	0 0 0
	max_bound	0 0 0
	scale	1 1 1
	translate	8.00368 -2.80794 3.77693
	rotation_orient	0 0 0 1
	rotation	-0.452459 0.833561 0.0274344 0.31576
	joint_orient	0 0 0 1
	bind_pose_matrix
		-0.391154 -0.736979 -0.551236 0
		-0.771629 0.589057 -0.24 0
		0.501585 0.331473 -0.799086 0
		8.00368 -2.80794 3.77693 1
	rotation_order xyz
	inherits_transform 1
	shearing 0 0 0
	rotate_pivot_translate	0 0 0
	scale_pivot_translate	0 0 0
	translate_limit_x -INF +INF
	translate_limit_y -INF +INF
	translate_limit_z -INF +INF
	rotate_limit_x -INF +INF
	rotate_limit_y -INF +INF
	rotate_limit_z -INF +INF
	scale_limit_x -INF +INF
	scale_limit_y -INF +INF
	scale_limit_z -INF +INF
	parent 3
	child_joints 0
	INSTANCE_LIST
	{
	}
	EXTRA_ATTRIBUTES
	{
		wire_colour colour 0 0.988235 0
	}
}
JOINT bn_shoulderpad_L
{
	id 32
	visible	0
	scale_pivot	0 0 0
	rotate_pivot	0 0 0
	min_bound	0 0 0
	max_bound	0 0 0
	scale	1 1 1
	translate	22.4233 2.86909e-06 2.03357e-06
	rotation_orient	0 0 0 1
	rotation	-0.0256011 0.0616174 -0.029446 0.997337
	joint_orient	0 0 0 1
	bind_pose_matrix
		0.990672 -0.0618901 -0.121399 0
		0.0555802 0.996955 -0.0546945 0
		0.124414 0.047437 0.991096 0
		22.4233 2.86909e-06 2.03357e-06 1
	rotation_order xyz
	inherits_transform 1
	shearing 0 0 0
	rotate_pivot_translate	0 0 0
	scale_pivot_translate	0 0 0
	translate_limit_x -INF +INF
	translate_limit_y -INF +INF
	translate_limit_z -INF +INF
	rotate_limit_x -INF +INF
	rotate_limit_y -INF +INF
	rotate_limit_z -INF +INF
	scale_limit_x -INF +INF
	scale_limit_y -INF +INF
	scale_limit_z -INF +INF
	parent 26
	child_joints 0
	INSTANCE_LIST
	{
	}
	segment_scale_compensate 1
	EXTRA_ATTRIBUTES
	{
		wire_colour colour 0.643137 0.776471 0.807843
	}
}
JOINT bn_shoulderpad_R
{
	id 31
	visible	0
	scale_pivot	0 0 0
	rotate_pivot	0 0 0
	min_bound	0 0 0
	max_bound	0 0 0
	scale	1 1 1
	translate	20.6101 10.7897 -1.6881
	rotation_orient	0 0 0 1
	rotation	0.0688111 0.239593 0.0619359 0.966449
	joint_orient	0 0 0 1
	bind_pose_matrix
		0.877518 0.152689 -0.454586 0
		-0.0867425 0.982858 0.162684 0
		0.471633 -0.103326 0.87572 0
		20.6101 10.7897 -1.6881 1
	rotation_order xyz
	inherits_transform 1
	shearing 0 0 0
	rotate_pivot_translate	0 0 0
	scale_pivot_translate	0 0 0
	translate_limit_x -INF +INF
	translate_limit_y -INF +INF
	translate_limit_z -INF +INF
	rotate_limit_x -INF +INF
	rotate_limit_y -INF +INF
	rotate_limit_z -INF +INF
	scale_limit_x -INF +INF
	scale_limit_y -INF +INF
	scale_limit_z -INF +INF
	parent 25
	child_joints 0
	INSTANCE_LIST
	{
	}
	segment_scale_compensate 1
	EXTRA_ATTRIBUTES
	{
		wire_colour colour 0.643137 0.776471 0.807843
	}
}
BONE bn_thumb_L_01
{
	id 33
	visible	0
	scale_pivot	0 0 0
	rotate_pivot	0 0 0
	min_bound	0 0 0
	max_bound	0 0 0
	scale	1 1 1
	translate	3.80867 -10.8076 -8.92635
	rotation_orient	0 0 0 1
	rotation	0.631191 0.269992 -0.297762 0.663355
	joint_orient	0 0 0 1
	bind_pose_matrix
		0.676884 -0.0542118 -0.73409 0
		0.735877 0.0258711 0.676621 0
		-0.0176891 -0.998195 0.057405 0
		3.80867 -10.8076 -8.92635 1
	rotation_order xyz
	inherits_transform 1
	shearing 0 0 0
	rotate_pivot_translate	0 0 0
	scale_pivot_translate	0 0 0
	translate_limit_x -INF +INF
	translate_limit_y -INF +INF
	translate_limit_z -INF +INF
	rotate_limit_x -INF +INF
	rotate_limit_y -INF +INF
	rotate_limit_z -INF +INF
	scale_limit_x -INF +INF
	scale_limit_y -INF +INF
	scale_limit_z -INF +INF
	parent 24
	child_joints 0
	INSTANCE_LIST
	{
	}
	EXTRA_ATTRIBUTES
	{
		wire_colour colour 0.054902 1 0.00784314
	}
}
BONE bn_thumb_R_01
{
	id 34
	visible	0
	scale_pivot	0 0 0
	rotate_pivot	0 0 0
	min_bound	0 0 0
	max_bound	0 0 0
	scale	1 1 1
	translate	3.80856 10.8074 -8.92633
	rotation_orient	0 0 0 1
	rotation	-0.640343 0.334891 0.256351 0.641945
	joint_orient	0 0 0 1
	bind_pose_matrix
		0.644264 -0.0997631 -0.758269 0
		-0.758017 0.0484909 -0.65043 0
		0.101658 0.993829 -0.0443814 0
		3.80856 10.8074 -8.92633 1
	rotation_order xyz
	inherits_transform 1
	shearing 0 0 0
	rotate_pivot_translate	0 0 0
	scale_pivot_translate	0 0 0
	translate_limit_x -INF +INF
	translate_limit_y -INF +INF
	translate_limit_z -INF +INF
	rotate_limit_x -INF +INF
	rotate_limit_y -INF +INF
	rotate_limit_z -INF +INF
	scale_limit_x -INF +INF
	scale_limit_y -INF +INF
	scale_limit_z -INF +INF
	parent 14
	child_joints 0
	INSTANCE_LIST
	{
	}
	EXTRA_ATTRIBUTES
	{
		wire_colour colour 0.054902 1 0.00784314
	}
}
BONE bn_weapon_01
{
	id 36
	visible	0
	scale_pivot	0 0 0
	rotate_pivot	0 0 0
	min_bound	0 0 0
	max_bound	0 0 0
	scale	1 1 1
	translate	19.9492 -11.104 -8.98744
	rotation_orient	0 0 0 1
	rotation	0.0744505 0.0645532 0.794695 0.598957
	joint_orient	0 0 0 1
	bind_pose_matrix
		-0.271416 0.961588 0.0410017 0
		-0.942364 -0.274167 0.191785 0
		0.19566 0.013415 0.98058 0
		19.9492 -11.104 -8.98744 1
	rotation_order xyz
	inherits_transform 1
	shearing 0 0 0
	rotate_pivot_translate	0 0 0
	scale_pivot_translate	0 0 0
	translate_limit_x -INF +INF
	translate_limit_y -INF +INF
	translate_limit_z -INF +INF
	rotate_limit_x -INF +INF
	rotate_limit_y -INF +INF
	rotate_limit_z -INF +INF
	scale_limit_x -INF +INF
	scale_limit_y -INF +INF
	scale_limit_z -INF +INF
	parent 14
	child_joints 0
	INSTANCE_LIST
	{
	}
	EXTRA_ATTRIBUTES
	{
		wire_colour colour 0.054902 1 0.00784314
	}
}
JOINT root_displacement
{
	id 38
	visible	0
	scale_pivot	0 0 0
	rotate_pivot	0 0 0
	min_bound	0 0 0
	max_bound	0 0 0
	scale	1 1 1
	translate	0 0 -0
	rotation_orient	0 0 0 1
	rotation	0 0 0 1
	joint_orient	0 0 0 1
	bind_pose_matrix
		1 0 0 0
		0 1 0 0
		0 0 1 0
		0 0 -0 1
	rotation_order xyz
	inherits_transform 1
	shearing 0 0 0
	rotate_pivot_translate	0 0 0
	scale_pivot_translate	0 0 0
	translate_limit_x -INF +INF
	translate_limit_y -INF +INF
	translate_limit_z -INF +INF
	rotate_limit_x -INF +INF
	rotate_limit_y -INF +INF
	rotate_limit_z -INF +INF
	scale_limit_x -INF +INF
	scale_limit_y -INF +INF
	scale_limit_z -INF +INF
	parent 0
	child_joints 0
	INSTANCE_LIST
	{
	}
	segment_scale_compensate 1
	EXTRA_ATTRIBUTES
	{
		wire_colour colour 0 0.87451 0.145098
	}
}
ANIMATION_TAKE run_01
{
	id 39
	start_time 0
	end_time 30
	fps 30
	current_time 0
	num_animated_nodes 38
	num_event_tracks 0
	ANIM_NODE 16
	{
		num_animated_attrs 3
		num_animated_attrs_user 0
		ATTR rotation
		{
			num_streams 1
			elements_per_sample 4
			SAMPLED_KEYS
			{

				0.446233 -0.0375255 -0.89076 -0.0775613 
				0.568385 -0.0625668 -0.819223 -0.0435704 
				0.597674 -0.0642886 -0.799125 -0.00716208 
				0.567732 -0.0584993 -0.820696 0.0267544 
				0.486466 -0.0529653 -0.870451 0.0534843 
				0.371735 -0.0535547 -0.923867 0.0735828 
				0.247307 -0.0654682 -0.96334 0.0807989 
				0.134445 -0.0767297 -0.984665 0.0804463 
				0.0554644 -0.0711316 -0.992873 0.0778887 
				0.0145383 -0.0340286 -0.996657 0.0728407 
				0.0749073 0.0219017 -0.995224 0.0586317 
				0.0226657 0.0495419 -0.997617 0.0423293 
				-0.0218884 0.0447671 -0.998295 0.0303886 
				-0.0803482 0.0232658 -0.996332 0.0180253 
				-0.132955 -0.00148986 -0.991094 0.00731088 
				-0.160462 -0.0158083 -0.986915 0.000367836 
				-0.164673 -0.0131221 -0.98626 0.00162657 
				-0.153667 -0.00167401 -0.988083 0.00869688 
				-0.117997 0.0100167 -0.992872 0.0134577 
				-0.0480641 0.0134021 -0.998724 0.00776469 
				0.0729515 0.00558152 -0.997242 -0.0124598 
				0.232519 -0.00832724 -0.971672 -0.041464 
				0.394425 -0.0243647 -0.915768 -0.0721426 
				0.52613 -0.0383805 -0.843886 -0.0978303 
				0.605012 -0.0467752 -0.78669 -0.11354 
				0.617724 -0.0480066 -0.776158 -0.117012 
				0.581186 -0.044489 -0.80481 -0.111917 
				0.522414 -0.0388783 -0.845567 -0.1029 
				0.471891 -0.034099 -0.87583 -0.0952799 
				0.473034 -0.0376636 -0.876208 -0.0841399 
				0.446233 -0.0375255 -0.89076 -0.0775613 
			}
		}
		ATTR scale
		{
			num_streams 1
			elements_per_sample 3
			POSE_KEY
			{
				1 1 1 
			}
		}
		ATTR translate
		{
			num_streams 1
			elements_per_sample 3
			POSE_KEY
			{
				2.64889e-05 -16.5157 1.89818e-05 
			}
		}
	}
	ANIM_NODE 12
	{
		num_animated_attrs 3
		num_animated_attrs_user 0
		ATTR rotation
		{
			num_streams 1
			elements_per_sample 4
			SAMPLED_KEYS
			{

				-1.05108e-07 0.819152 -4.59535e-07 0.573576 
				-3.3485e-07 0.707107 -8.90423e-07 0.707107 
				-3.36312e-07 0.707107 -9.80409e-07 0.707107 
				-3.49162e-07 0.707107 -9.59739e-07 0.707107 
				-5.26719e-07 0.707107 -1.02979e-06 0.707107 
				-6.82375e-07 0.707107 -1.04967e-06 0.707107 
				0.0260475 0.737375 -0.032741 0.674187 
				0.0503595 0.802105 -0.0769004 0.590066 
				0.0668999 0.870195 -0.0955513 0.478702 
				0.0539485 0.823487 -0.100727 0.555709 
				0.0139385 0.694779 -0.100118 0.712084 
				0.0128082 0.64989 -0.0788183 0.755821 
				0.0109857 0.614456 -0.0676041 0.785972 
				0.00649019 0.523268 -0.0399424 0.851207 
				0.00190803 0.42509 -0.0117472 0.905073 
				-9.36899e-07 0.382683 -8.55657e-07 0.92388 
				-0.00118697 0.427688 0.00105317 0.903925 
				-0.00403282 0.531854 0.0035823 0.846819 
				-0.0068217 0.628507 0.0060608 0.77775 
				-0.00795088 0.666016 0.00706431 0.745862 
				-0.0079972 0.665637 0.00719416 0.746198 
				-0.00811846 0.664645 0.00753411 0.747077 
				-0.00826833 0.663417 0.00795431 0.748162 
				-0.00838956 0.662422 0.00829423 0.749038 
				-0.00843586 0.662042 0.00842405 0.749372 
				-0.00722468 0.691294 0.00721381 0.722502 
				-0.00425735 0.757324 0.00424877 0.653012 
				-0.00125081 0.816381 0.00124464 0.577511 
				-5.1909e-07 0.838671 -4.64522e-06 0.544638 
				-3.74471e-07 0.829038 -2.51353e-06 0.559193 
				-1.05108e-07 0.819152 -4.59535e-07 0.573576 
			}
		}
		ATTR scale
		{
			num_streams 1
			elements_per_sample 3
			POSE_KEY
			{
				1 1 1 
			}
		}
		ATTR translate
		{
			num_streams 1
			elements_per_sample 3
			POSE_KEY
			{
				18.3219 8.13414e-07 -21.8944 
			}
		}
	}
	ANIM_NODE 20
	{
		num_animated_attrs 3
		num_animated_attrs_user 0
		ATTR rotation
		{
			num_streams 1
			elements_per_sample 4
			SAMPLED_KEYS
			{

				1.0347e-08 -0.141429 -6.54603e-09 0.989948 
				1.92361e-08 -0.465619 1.52375e-08 0.884985 
				3.7789e-09 -0.601713 -8.81548e-09 0.798713 
				1.01584e-08 -0.643056 -4.11027e-09 0.765819 
				7.78518e-09 -0.608332 -5.9588e-09 0.793683 
				-4.05465e-09 -0.515564 -8.51078e-09 0.856851 
				-2.92721e-08 -0.386181 -1.93016e-08 0.922423 
				-3.59485e-09 -0.248673 1.52201e-08 0.968588 
				7.44066e-09 -0.151533 -3.76037e-09 0.988452 
				-1.0737e-08 -0.127577 -2.85598e-09 0.991829 
				-7.46818e-09 -0.237 -4.12866e-09 0.97151 
				-2.09141e-08 -0.175511 -3.36061e-09 0.984477 
