|XMD_005A#0MAX#0005.0.4|
JOINT Bip001
{
	id 1
	visible	1
	scale_pivot	0 0 0
	rotate_pivot	0 0 0
	min_bound	0 0 0
	max_bound	0 0 0
	scale	1 1 1
	translate	-6.36024 66.3972 19.6839
	rotation_orient	0 0 0 1
	rotation	0.0921234 0.0353215 -0.0682876 0.992775
	joint_orient	0 0 0 1
	bind_pose_matrix
		0.988178 -0.129081 -0.0827144 0
		0.142096 0.9737 0.178092 0
		0.0575509 -0.18774 0.980531 0
		-6.36024 66.3972 19.6839 1
	rotation_order xyz
	inherits_transform 1
	shearing 0 0 0
	rotate_pivot_translate	0 0 0
	scale_pivot_translate	0 0 0
	translate_limit_x -INF +INF
	translate_limit_y -INF +INF
	translate_limit_z -INF +INF
	rotate_limit_x -INF +INF
	rotate_limit_y -INF +INF
	rotate_limit_z -INF +INF
	scale_limit_x -INF +INF
	scale_limit_y -INF +INF
	scale_limit_z -INF +INF
	parent 0
	child_joints 1
		9 
	INSTANCE_LIST
	{
	}
	segment_scale_compensate 1
	EXTRA_ATTRIBUTES
	{
		wire_colour colour 1 0 0
	}
}
JOINT Bip001_Head
{
	id 2
	visible	1
	scale_pivot	0 0 0
	rotate_pivot	0 0 0
	min_bound	0 0 0
	max_bound	0 0 0
	scale	1 1 1
	translate	11.5934 1.31318e-06 7.55927e-06
	rotation_orient	0 0 0 1
	rotation	-0.496097 -0.373822 -0.342505 0.704865
	joint_orient	0 0 0 1
	bind_pose_matrix
		0.485894 -0.111935 0.86682 0
		0.853744 0.273156 -0.443291 0
		-0.187157 0.955435 0.228289 0
		11.5934 1.31318e-06 7.55927e-06 1
	rotation_order xyz
	inherits_transform 1
	shearing 0 0 0
	rotate_pivot_translate	0 0 0
	scale_pivot_translate	0 0 0
	translate_limit_x -INF +INF
	translate_limit_y -INF +INF
	translate_limit_z -INF +INF
	rotate_limit_x -INF +INF
	rotate_limit_y -INF +INF
	rotate_limit_z -INF +INF
	scale_limit_x -INF +INF
	scale_limit_y -INF +INF
	scale_limit_z -INF +INF
	parent 4
	child_joints 1
		3 
	INSTANCE_LIST
	{
	}
	segment_scale_compensate 1
	EXTRA_ATTRIBUTES
	{
		original_name string "Bip001 Head"
		wire_colour colour 0.65098 0.792157 0.941176
	}
}
JOINT Bip001_Jaw
{
	id 3
	visible	1
	scale_pivot	0 0 0
	rotate_pivot	0 0 0
	min_bound	0 0 0
	max_bound	0 0 0
	scale	1 1 1
	translate	3.87302 -3.83991e-05 -2.50609
	rotation_orient	0 0 0 1
	rotation	2.20767e-08 0.793596 2.24036e-06 0.608445
	joint_orient	0 0 0 1
	bind_pose_matrix
		-0.25959 2.76132e-06 -0.965719 0
		-2.69124e-06 1 3.58275e-06 0
		0.965719 3.52902e-06 -0.25959 0
		3.87302 -3.83991e-05 -2.50609 1
	rotation_order xyz
	inherits_transform 1
	shearing 0 0 0
	rotate_pivot_translate	0 0 0
	scale_pivot_translate	0 0 0
	translate_limit_x -INF +INF
	translate_limit_y -INF +INF
	translate_limit_z -INF +INF
	rotate_limit_x -INF +INF
	rotate_limit_y -INF +INF
	rotate_limit_z -INF +INF
	scale_limit_x -INF +INF
	scale_limit_y -INF +INF
	scale_limit_z -INF +INF
	parent 2
	child_joints 3
		28 29 30 
	INSTANCE_LIST
	{
	}
	segment_scale_compensate 1
	EXTRA_ATTRIBUTES
	{
		original_name string "Bip001 Jaw"
		wire_colour colour 0.988235 0 0
	}
}
JOINT Bip001_L_Calf
{
	id 17
	visible	1
	scale_pivot	0 0 0
	rotate_pivot	0 0 0
	min_bound	0 0 0
	max_bound	0 0 0
	scale	1 1 1
	translate	42.8806 -5.30821e-07 -2.0188e-06
	rotation_orient	0 0 0 1
	rotation	-4.22105e-09 -0.587056 -5.04372e-09 0.809546
	joint_orient	0 0 0 1
	bind_pose_matrix
		0.31073 -3.21026e-09 0.950498 0
		1.31222e-08 1 -9.12372e-10 0
		-0.950498 1.27562e-08 0.31073 0
		42.8806 -5.30821e-07 -2.0188e-06 1
	rotation_order xyz
	inherits_transform 1
	shearing 0 0 0
	rotate_pivot_translate	0 0 0
	scale_pivot_translate	0 0 0
	translate_limit_x -INF +INF
	translate_limit_y -INF +INF
	translate_limit_z -INF +INF
	rotate_limit_x -INF +INF
	rotate_limit_y -INF +INF
	rotate_limit_z -INF +INF
	scale_limit_x -INF +INF
	scale_limit_y -INF +INF
	scale_limit_z -INF +INF
	parent 18
	child_joints 1
		21 
	INSTANCE_LIST
	{
	}
	segment_scale_compensate 1
	EXTRA_ATTRIBUTES
	{
		original_name string "Bip001 L Calf"
		wire_colour colour 0.109804 0.109804 0.694118
	}
}
JOINT Bip001_L_Clavicle
{
	id 26
	visible	1
	scale_pivot	0 0 0
	rotate_pivot	0 0 0
	min_bound	0 0 0
	max_bound	0 0 0
	scale	1 1 1
	translate	23.2608 5.60499 11.8075
	rotation_orient	0 0 0 1
	rotation	0.812575 0.57859 -0.0405094 0.057573
	joint_orient	0 0 0 1
	bind_pose_matrix
		0.327185 0.935631 -0.132456 0
		0.94496 -0.323838 0.0466881 0
		0.000788458 -0.140441 -0.990089 0
		23.2608 5.60499 11.8075 1
	rotation_order xyz
	inherits_transform 1
	shearing 0 0 0
	rotate_pivot_translate	0 0 0
	scale_pivot_translate	0 0 0
	translate_limit_x -INF +INF
	translate_limit_y -INF +INF
	translate_limit_z -INF +INF
	rotate_limit_x -INF +INF
	rotate_limit_y -INF +INF
	rotate_limit_z -INF +INF
	scale_limit_x -INF +INF
	scale_limit_y -INF +INF
	scale_limit_z -INF +INF
	parent 11
	child_joints 2
		23 32 
	INSTANCE_LIST
	{
	}
	segment_scale_compensate 1
	EXTRA_ATTRIBUTES
	{
		original_name string "Bip001 L Clavicle"
		wire_colour colour 0.109804 0.109804 0.694118
	}
}
JOINT Bip001_L_Foot
{
	id 21
	visible	1
	scale_pivot	0 0 0
	rotate_pivot	0 0 0
	min_bound	0 0 0
	max_bound	0 0 0
	scale	1 1 1
	translate	55.3239 1.15113e-06 5.60866e-06
	rotation_orient	0 0 0 1
	rotation	-0.196556 -0.138182 0.0425157 0.969775
	joint_orient	0 0 0 1
	bind_pose_matrix
		0.958196 0.136782 0.251297 0
		-0.0281405 0.919116 -0.39298 0
		-0.284724 0.369481 0.884543 0
		55.3239 1.15113e-06 5.60866e-06 1
	rotation_order xyz
	inherits_transform 1
	shearing 0 0 0
	rotate_pivot_translate	0 0 0
	scale_pivot_translate	0 0 0
	translate_limit_x -INF +INF
	translate_limit_y -INF +INF
	translate_limit_z -INF +INF
	rotate_limit_x -INF +INF
	rotate_limit_y -INF +INF
	rotate_limit_z -INF +INF
	scale_limit_x -INF +INF
	scale_limit_y -INF +INF
	scale_limit_z -INF +INF
	parent 17
	child_joints 1
		19 
	INSTANCE_LIST
	{
	}
	segment_scale_compensate 1
	EXTRA_ATTRIBUTES
	{
		original_name string "Bip001 L Foot"
		wire_colour colour 0.109804 0.109804 0.694118
	}
}
JOINT Bip001_L_Forearm
{
	id 27
	visible	1
	scale_pivot	0 0 0
	rotate_pivot	0 0 0
	min_bound	0 0 0
	max_bound	0 0 0
	scale	1 1 1
	translate	50.8825 -1.34376e-06 -1.99853e-06
	rotation_orient	0 0 0 1
	rotation	3.25416e-09 -0.102401 4.92812e-09 0.994743
	joint_orient	0 0 0 1
	bind_pose_matrix
		0.979028 9.13797e-09 0.203725 0
		-1.04709e-08 1 5.46481e-09 0
		-0.203725 -7.48338e-09 0.979028 0
		50.8825 -1.34376e-06 -1.99853e-06 1
	rotation_order xyz
	inherits_transform 1
	shearing 0 0 0
	rotate_pivot_translate	0 0 0
	scale_pivot_translate	0 0 0
	translate_limit_x -INF +INF
	translate_limit_y -INF +INF
	translate_limit_z -INF +INF
	rotate_limit_x -INF +INF
	rotate_limit_y -INF +INF
	rotate_limit_z -INF +INF
	scale_limit_x -INF +INF
	scale_limit_y -INF +INF
	scale_limit_z -INF +INF
	parent 23
	child_joints 1
		24 
	INSTANCE_LIST
	{
	}
	segment_scale_compensate 1
	EXTRA_ATTRIBUTES
	{
		original_name string "Bip001 L Forearm"
		wire_colour colour 0.109804 0.109804 0.694118
	}
}
JOINT Bip001_L_Hand
{
	id 24
	visible	1
	scale_pivot	0 0 0
	rotate_pivot	0 0 0
	min_bound	0 0 0
	max_bound	0 0 0
	scale	1 1 1
	translate	42.1284 9.25608e-07 3.50719e-06
	rotation_orient	0 0 0 1
	rotation	0.810514 0.422181 0.178566 0.364615
	joint_orient	0 0 0 1
	bind_pose_matrix
		0.579755 0.814583 -0.0184055 0
		0.554151 -0.377639 0.741826 0
		0.597328 -0.440277 -0.67034 0
		42.1284 9.25608e-07 3.50719e-06 1
	rotation_order xyz
	inherits_transform 1
	shearing 0 0 0
	rotate_pivot_translate	0 0 0
	scale_pivot_translate	0 0 0
	translate_limit_x -INF +INF
	translate_limit_y -INF +INF
	translate_limit_z -INF +INF
	rotate_limit_x -INF +INF
	rotate_limit_y -INF +INF
	rotate_limit_z -INF +INF
	scale_limit_x -INF +INF
	scale_limit_y -INF +INF
	scale_limit_z -INF +INF
	parent 27
	child_joints 2
		33 37 
	INSTANCE_LIST
	{
	}
	segment_scale_compensate 1
	EXTRA_ATTRIBUTES
	{
		original_name string "Bip001 L Hand"
		wire_colour colour 0.109804 0.109804 0.694118
	}
}
JOINT Bip001_L_Thigh
{
	id 18
	visible	1
	scale_pivot	0 0 0
	rotate_pivot	0 0 0
	min_bound	0 0 0
	max_bound	0 0 0
	scale	1 1 1
	translate	-1.89088e-05 16.5157 -2.30196e-05
	rotation_orient	0 0 0 1
	rotation	0.734938 -0.00630584 -0.677002 0.0386605
	joint_orient	0 0 0 1
	bind_pose_matrix
		0.0832583 -0.0616153 -0.994621 0
		0.0430776 -0.996931 0.0653643 0
		-0.995597 -0.048288 -0.0803485 0
		-1.89088e-05 16.5157 -2.30196e-05 1
	rotation_order xyz
	inherits_transform 1
	shearing 0 0 0
	rotate_pivot_translate	0 0 0
	scale_pivot_translate	0 0 0
	translate_limit_x -INF +INF
	translate_limit_y -INF +INF
	translate_limit_z -INF +INF
	rotate_limit_x -INF +INF
	rotate_limit_y -INF +INF
	rotate_limit_z -INF +INF
	scale_limit_x -INF +INF
	scale_limit_y -INF +INF
	scale_limit_z -INF +INF
	parent 9
	child_joints 1
		17 
	INSTANCE_LIST
	{
	}
	segment_scale_compensate 1
	EXTRA_ATTRIBUTES
	{
		original_name string "Bip001 L Thigh"
		wire_colour colour 0.109804 0.109804 0.694118
	}
}
JOINT Bip001_L_Toe0
{
	id 19
	visible	1
	scale_pivot	0 0 0
	rotate_pivot	0 0 0
	min_bound	0 0 0
	max_bound	0 0 0
	scale	1 1 1
	translate	18.3219 -1.04539e-06 -21.8944
	rotation_orient	0 0 0 1
	rotation	0.110615 0.698402 0.110616 0.6984
	joint_orient	0 0 0 1
	bind_pose_matrix
		-2.14577e-06 0.309017 -0.951057 0
		-5.81145e-07 0.951057 0.309017 0
		1 1.20699e-06 -1.90735e-06 0
		18.3219 -1.04539e-06 -21.8944 1
	rotation_order xyz
	inherits_transform 1
	shearing 0 0 0
	rotate_pivot_translate	0 0 0
	scale_pivot_translate	0 0 0
	translate_limit_x -INF +INF
	translate_limit_y -INF +INF
	translate_limit_z -INF +INF
	rotate_limit_x -INF +INF
	rotate_limit_y -INF +INF
	rotate_limit_z -INF +INF
	scale_limit_x -INF +INF
	scale_limit_y -INF +INF
	scale_limit_z -INF +INF
	parent 21
	child_joints 0
	INSTANCE_LIST
	{
	}
	segment_scale_compensate 1
	EXTRA_ATTRIBUTES
	{
		original_name string "Bip001 L Toe0"
		wire_colour colour 0.423529 0.0313726 0.533333
	}
}
JOINT Bip001_L_UpperArm
{
	id 23
	visible	1
	scale_pivot	0 0 0
	rotate_pivot	0 0 0
	min_bound	0 0 0
	max_bound	0 0 0
	scale	1 1 1
	translate	22.4233 8.49126e-07 1.63342e-06
	rotation_orient	0 0 0 1
	rotation	0.427925 0.601804 0.490969 -0.462235
	joint_orient	0 0 0 1
	bind_pose_matrix
		-0.206437 0.0611683 0.976546 0
		0.968941 0.151658 0.19533 0
		-0.136153 0.986538 -0.0905763 0
		22.4233 8.49126e-07 1.63342e-06 1
	rotation_order xyz
	inherits_transform 1
	shearing 0 0 0
	rotate_pivot_translate	0 0 0
	scale_pivot_translate	0 0 0
	translate_limit_x -INF +INF
	translate_limit_y -INF +INF
	translate_limit_z -INF +INF
	rotate_limit_x -INF +INF
	rotate_limit_y -INF +INF
	rotate_limit_z -INF +INF
	scale_limit_x -INF +INF
	scale_limit_y -INF +INF
	scale_limit_z -INF +INF
	parent 26
	child_joints 1
		27 
	INSTANCE_LIST
	{
	}
	segment_scale_compensate 1
	EXTRA_ATTRIBUTES
	{
		original_name string "Bip001 L UpperArm"
		wire_colour colour 0.109804 0.109804 0.694118
	}
}
JOINT Bip001_Neck
{
	id 4
	visible	1
	scale_pivot	0 0 0
	rotate_pivot	0 0 0
	min_bound	0 0 0
	max_bound	0 0 0
	scale	1 1 1
	translate	32.8698 -5.70032e-06 9.33882
	rotation_orient	0 0 0 1
	rotation	4.5688e-08 0.314404 8.8611e-07 0.949289
	joint_orient	0 0 0 1
	bind_pose_matrix
		0.802301 1.71108e-06 -0.59692 0
		-1.65362e-06 1 6.43935e-07 0
		0.59692 4.7045e-07 0.802301 0
		32.8698 -5.70032e-06 9.33882 1
	rotation_order xyz
	inherits_transform 1
	shearing 0 0 0
	rotate_pivot_translate	0 0 0
	scale_pivot_translate	0 0 0
	translate_limit_x -INF +INF
	translate_limit_y -INF +INF
	translate_limit_z -INF +INF
	rotate_limit_x -INF +INF
	rotate_limit_y -INF +INF
	rotate_limit_z -INF +INF
	scale_limit_x -INF +INF
	scale_limit_y -INF +INF
	scale_limit_z -INF +INF
	parent 11
	child_joints 1
		2 
	INSTANCE_LIST
	{
	}
	segment_scale_compensate 1
	EXTRA_ATTRIBUTES
	{
		original_name string "Bip001 Neck"
		wire_colour colour 0.0313726 0.431373 0.52549
	}
}
JOINT Bip001_Pelvis
{
	id 9
	visible	1
	scale_pivot	0 0 0
	rotate_pivot	0 0 0
	min_bound	0 0 0
	max_bound	0 0 0
	scale	1 1 1
	translate	-22.7548 -1.65426e-06 -7.24435
	rotation_orient	0 0 0 1
	rotation	-0.499999 -0.5 0.5 0.500001
	joint_orient	0 0 0 1
	bind_pose_matrix
		-2.38419e-07 1 1.3411e-06 0
		-1.3411e-06 1.13249e-06 -1 0
		-1 -5.96046e-08 1.13249e-06 0
		-22.7548 -1.65426e-06 -7.24435 1
	rotation_order xyz
	inherits_transform 1
	shearing 0 0 0
	rotate_pivot_translate	0 0 0
	scale_pivot_translate	0 0 0
	translate_limit_x -INF +INF
	translate_limit_y -INF +INF
	translate_limit_z -INF +INF
	rotate_limit_x -INF +INF
	rotate_limit_y -INF +INF
	rotate_limit_z -INF +INF
	scale_limit_x -INF +INF
	scale_limit_y -INF +INF
	scale_limit_z -INF +INF
	parent 1
	child_joints 4
		6 10 16 18 
	INSTANCE_LIST
	{
	}
	segment_scale_compensate 1
	EXTRA_ATTRIBUTES
	{
		original_name string "Bip001 Pelvis"
		wire_colour colour 0.878431 0.776471 0.341176
	}
}
JOINT Bip001_R_Calf
{
	id 20
	visible	1
	scale_pivot	0 0 0
	rotate_pivot	0 0 0
	min_bound	0 0 0
	max_bound	0 0 0
	scale	1 1 1
	translate	42.8806 -5.58943e-07 -8.11597e-08
	rotation_orient	0 0 0 1
	rotation	1.64345e-08 -0.665372 5.23163e-08 0.746512
	joint_orient	0 0 0 1
	bind_pose_matrix
		0.114561 5.62394e-08 0.993416 0
		-9.99796e-08 1 -4.50824e-08 0
		-0.993416 -9.41567e-08 0.114561 0
		42.8806 -5.58943e-07 -8.11597e-08 1
	rotation_order xyz
	inherits_transform 1
	shearing 0 0 0
	rotate_pivot_translate	0 0 0
	scale_pivot_translate	0 0 0
	translate_limit_x -INF +INF
	translate_limit_y -INF +INF
	translate_limit_z -INF +INF
	rotate_limit_x -INF +INF
	rotate_limit_y -INF +INF
	rotate_limit_z -INF +INF
	scale_limit_x -INF +INF
	scale_limit_y -INF +INF
	scale_limit_z -INF +INF
	parent 16
	child_joints 1
		13 
	INSTANCE_LIST
	{
	}
	segment_scale_compensate 1
	EXTRA_ATTRIBUTES
	{
		original_name string "Bip001 R Calf"
		wire_colour colour 0.0235294 0.52549 0.0235294
	}
}
JOINT Bip001_R_Clavicle
{
	id 25
	visible	1
	scale_pivot	0 0 0
	rotate_pivot	0 0 0
	min_bound	0 0 0
	max_bound	0 0 0
	scale	1 1 1
	translate	23.2608 -5.60506 11.8074
	rotation_orient	0 0 0 1
	rotation	0.809207 -0.558519 -0.103255 -0.150265
	joint_orient	0 0 0 1
	bind_pose_matrix
		0.354791 -0.872883 -0.334961 0
		-0.934945 -0.330955 -0.127852 0
		0.0007433 0.358531 -0.933518 0
		23.2608 -5.60506 11.8074 1
	rotation_order xyz
	inherits_transform 1
	shearing 0 0 0
	rotate_pivot_translate	0 0 0
	scale_pivot_translate	0 0 0
	translate_limit_x -INF +INF
	translate_limit_y -INF +INF
	translate_limit_z -INF +INF
	rotate_limit_x -INF +INF
	rotate_limit_y -INF +INF
	rotate_limit_z -INF +INF
	scale_limit_x -INF +INF
	scale_limit_y -INF +INF
	scale_limit_z -INF +INF
	parent 11
	child_joints 2
		15 31 
	INSTANCE_LIST
	{
	}
	segment_scale_compensate 1
	EXTRA_ATTRIBUTES
	{
		original_name string "Bip001 R Clavicle"
		wire_colour colour 0.0235294 0.52549 0.0235294
	}
}
JOINT Bip001_R_Foot
{
	id 13
	visible	1
	scale_pivot	0 0 0
	rotate_pivot	0 0 0
	min_bound	0 0 0
	max_bound	0 0 0
	scale	1 1 1
	translate	55.3239 -9.35166e-08 -5.24539e-06
	rotation_orient	0 0 0 1
	rotation	0.106001 -0.049758 -0.273758 0.954644
	joint_orient	0 0 0 1
	bind_pose_matrix
		0.845161 -0.533231 0.0369654 0
		0.512134 0.827641 0.229629 0
		-0.153039 -0.175142 0.972576 0
		55.3239 -9.35166e-08 -5.24539e-06 1
	rotation_order xyz
	inherits_transform 1
	shearing 0 0 0
	rotate_pivot_translate	0 0 0
	scale_pivot_translate	0 0 0
	translate_limit_x -INF +INF
	translate_limit_y -INF +INF
	translate_limit_z -INF +INF
	rotate_limit_x -INF +INF
	rotate_limit_y -INF +INF
	rotate_limit_z -INF +INF
	scale_limit_x -INF +INF
	scale_limit_y -INF +INF
	scale_limit_z -INF +INF
	parent 20
	child_joints 1
		12 
	INSTANCE_LIST
	{
	}
	segment_scale_compensate 1
	EXTRA_ATTRIBUTES
	{
		original_name string "Bip001 R Foot"
		wire_colour colour 0.0235294 0.52549 0.0235294
	}
}
JOINT Bip001_R_Forearm
{
	id 22
	visible	1
	scale_pivot	0 0 0
	rotate_pivot	0 0 0
	min_bound	0 0 0
	max_bound	0 0 0
	scale	1 1 1
	translate	50.8825 3.33152e-06 -1.98865e-06
	rotation_orient	0 0 0 1
	rotation	6.0277e-09 -0.508682 -2.50909e-08 0.860955
	joint_orient	0 0 0 1
	bind_pose_matrix
		0.482485 -4.93365e-08 0.875904 0
		3.70718e-08 1 3.59057e-08 0
		-0.875904 1.51474e-08 0.482485 0
		50.8825 3.33152e-06 -1.98865e-06 1
	rotation_order xyz
	inherits_transform 1
	shearing 0 0 0
	rotate_pivot_translate	0 0 0
	scale_pivot_translate	0 0 0
	translate_limit_x -INF +INF
	translate_limit_y -INF +INF
	translate_limit_z -INF +INF
	rotate_limit_x -INF +INF
	rotate_limit_y -INF +INF
	rotate_limit_z -INF +INF
	scale_limit_x -INF +INF
	scale_limit_y -INF +INF
	scale_limit_z -INF +INF
	parent 15
	child_joints 1
		14 
	INSTANCE_LIST
	{
	}
	segment_scale_compensate 1
	EXTRA_ATTRIBUTES
	{
		original_name string "Bip001 R Forearm"
		wire_colour colour 0.0235294 0.52549 0.0235294
	}
}
JOINT Bip001_R_Hand
{
	id 14
	visible	1
	scale_pivot	0 0 0
	rotate_pivot	0 0 0
	min_bound	0 0 0
	max_bound	0 0 0
	scale	1 1 1
	translate	42.1285 -3.62815e-06 4.81841e-06
	rotation_orient	0 0 0 1
	rotation	0.438319 0.30475 -0.237766 0.811462
	joint_orient	0 0 0 1
	bind_pose_matrix
		0.701189 -0.11872 -0.703022 0
		0.653032 0.502687 0.566441 0
		0.286152 -0.856278 0.430007 0
		42.1285 -3.62815e-06 4.81841e-06 1
	rotation_order xyz
	inherits_transform 1
	shearing 0 0 0
	rotate_pivot_translate	0 0 0
	scale_pivot_translate	0 0 0
	translate_limit_x -INF +INF
	translate_limit_y -INF +INF
	translate_limit_z -INF +INF
	rotate_limit_x -INF +INF
	rotate_limit_y -INF +INF
	rotate_limit_z -INF +INF
	scale_limit_x -INF +INF
	scale_limit_y -INF +INF
	scale_limit_z -INF +INF
	parent 22
	child_joints 3
		34 35 36 
	INSTANCE_LIST
	{
	}
	segment_scale_compensate 1
	EXTRA_ATTRIBUTES
	{
		original_name string "Bip001 R Hand"
		wire_colour colour 0.0235294 0.52549 0.0235294
	}
}
JOINT Bip001_R_Thigh
{
	id 16
	visible	1
	scale_pivot	0 0 0
	rotate_pivot	0 0 0
	min_bound	0 0 0
	max_bound	0 0 0
	scale	1 1 1
	translate	2.01614e-05 -16.5157 2.36014e-05
	rotation_orient	0 0 0 1
	rotation	0.472193 -0.261746 -0.594693 0.595705
	joint_orient	0 0 0 1
	bind_pose_matrix
		0.15566 -0.955711 -0.249772 0
		0.461333 -0.15325 0.873891 0
		-0.873466 -0.251258 0.417046 0
		2.01614e-05 -16.5157 2.36014e-05 1
	rotation_order xyz
	inherits_transform 1
	shearing 0 0 0
	rotate_pivot_translate	0 0 0
	scale_pivot_translate	0 0 0
	translate_limit_x -INF +INF
	translate_limit_y -INF +INF
	translate_limit_z -INF +INF
	rotate_limit_x -INF +INF
	rotate_limit_y -INF +INF
	rotate_limit_z -INF +INF
	scale_limit_x -INF +INF
	scale_limit_y -INF +INF
	scale_limit_z -INF +INF
	parent 9
	child_joints 1
		20 
	INSTANCE_LIST
	{
	}
	segment_scale_compensate 1
	EXTRA_ATTRIBUTES
	{
		original_name string "Bip001 R Thigh"
		wire_colour colour 0.0235294 0.52549 0.0235294
	}
}
JOINT Bip001_R_Toe0
{
	id 12
	visible	1
	scale_pivot	0 0 0
	rotate_pivot	0 0 0
	min_bound	0 0 0
	max_bound	0 0 0
	scale	1 1 1
	translate	18.3219 1.82993e-06 -21.8944
	rotation_orient	0 0 0 1
	rotation	-9.89769e-07 0.707107 -5.6923e-07 0.707107
	joint_orient	0 0 0 1
	bind_pose_matrix
		1.78814e-07 -2.20476e-06 -1 0
		-5.94732e-07 1 -2.20476e-06 0
		1 5.94732e-07 1.78814e-07 0
		18.3219 1.82993e-06 -21.8944 1
	rotation_order xyz
	inherits_transform 1
	shearing 0 0 0
	rotate_pivot_translate	0 0 0
	scale_pivot_translate	0 0 0
	translate_limit_x -INF +INF
	translate_limit_y -INF +INF
	translate_limit_z -INF +INF
	rotate_limit_x -INF +INF
	rotate_limit_y -INF +INF
	rotate_limit_z -INF +INF
	scale_limit_x -INF +INF
	scale_limit_y -INF +INF
	scale_limit_z -INF +INF
	parent 13
	child_joints 0
	INSTANCE_LIST
	{
	}
	segment_scale_compensate 1
	EXTRA_ATTRIBUTES
	{
		original_name string "Bip001 R Toe0"
		wire_colour colour 0.443137 0.52549 0.0235294
	}
}
JOINT Bip001_R_UpperArm
{
	id 15
	visible	1
	scale_pivot	0 0 0
	rotate_pivot	0 0 0
	min_bound	0 0 0
	max_bound	0 0 0
	scale	1 1 1
	translate	22.4233 -2.81637e-06 -2.61805e-06
	rotation_orient	0 0 0 1
	rotation	0.0691482 -0.588374 0.0111831 0.805549
	joint_orient	0 0 0 1
	bind_pose_matrix
		0.307381 -0.063353 0.949475 0
		-0.0993872 0.990187 0.0982449 0
		-0.946382 -0.124564 0.298068 0
		22.4233 -2.81637e-06 -2.61805e-06 1
	rotation_order xyz
	inherits_transform 1
	shearing 0 0 0
	rotate_pivot_translate	0 0 0
	scale_pivot_translate	0 0 0
	translate_limit_x -INF +INF
	translate_limit_y -INF +INF
	translate_limit_z -INF +INF
	rotate_limit_x -INF +INF
	rotate_limit_y -INF +INF
	rotate_limit_z -INF +INF
	scale_limit_x -INF +INF
	scale_limit_y -INF +INF
	scale_limit_z -INF +INF
	parent 25
	child_joints 1
		22 
	INSTANCE_LIST
	{
	}
	segment_scale_compensate 1
	EXTRA_ATTRIBUTES
	{
		original_name string "Bip001 R UpperArm"
		wire_colour colour 0.0235294 0.52549 0.0235294
	}
}
JOINT Bip001_Spine
{
	id 10
	visible	1
	scale_pivot	0 0 0
	rotate_pivot	0 0 0
	min_bound	0 0 0
	max_bound	0 0 0
	scale	1 1 1
	translate	21.7794 0.00125763 0.0118971
	rotation_orient	0 0 0 1
	rotation	-0.0711391 0.184132 -0.117255 0.973286
	joint_orient	0 0 0 1
	bind_pose_matrix
		0.904693 -0.254442 -0.341744 0
		0.202046 0.962381 -0.181658 0
		0.375109 0.0952968 0.922069 0
		21.7794 0.00125763 0.0118971 1
	rotation_order xyz
	inherits_transform 1
	shearing 0 0 0
	rotate_pivot_translate	0 0 0
	scale_pivot_translate	0 0 0
	translate_limit_x -INF +INF
	translate_limit_y -INF +INF
	translate_limit_z -INF +INF
	rotate_limit_x -INF +INF
	rotate_limit_y -INF +INF
	rotate_limit_z -INF +INF
	scale_limit_x -INF +INF
	scale_limit_y -INF +INF
	scale_limit_z -INF +INF
	parent 9
	child_joints 1
		11 
	INSTANCE_LIST
	{
	}
	segment_scale_compensate 1
	EXTRA_ATTRIBUTES
	{
		original_name string "Bip001 Spine"
		wire_colour colour 0.0313726 0.431373 0.52549
	}
}
JOINT Bip001_Spine1
{
	id 11
	visible	1
	scale_pivot	0 0 0
	rotate_pivot	0 0 0
	min_bound	0 0 0
	max_bound	0 0 0
	scale	1 1 1
	translate	16.2125 -0.00830826 0.0210795
	rotation_orient	0 0 0 1
	rotation	0.188345 0.20479 0.067514 0.958138
	joint_orient	0 0 0 1
	bind_pose_matrix
		0.907006 0.206518 -0.367003 0
		-0.0522331 0.919936 0.388573 0
		0.417866 -0.333269 0.845174 0
		16.2125 -0.00830826 0.0210795 1
	rotation_order xyz
	inherits_transform 1
	shearing 0 0 0
	rotate_pivot_translate	0 0 0
	scale_pivot_translate	0 0 0
	translate_limit_x -INF +INF
	translate_limit_y -INF +INF
	translate_limit_z -INF +INF
	rotate_limit_x -INF +INF
	rotate_limit_y -INF +INF
	rotate_limit_z -INF +INF
	scale_limit_x -INF +INF
	scale_limit_y -INF +INF
	scale_limit_z -INF +INF
	parent 10
	child_joints 3
		4 25 26 
	INSTANCE_LIST
	{
	}
	segment_scale_compensate 1
	EXTRA_ATTRIBUTES
	{
		original_name string "Bip001 Spine1"
		wire_colour colour 0.0313726 0.431373 0.52549
	}
}
JOINT be_F_tabard_01
{
	id 7
	visible	0
	scale_pivot	0 0 0
	rotate_pivot	0 0 0
	min_bound	0 0 0
	max_bound	0 0 0
	scale	1 1 1
	translate	24.8568 3.94611e-07 2.15722e-05
	rotation_orient	0 0 0 1
	rotation	5.76663e-07 1.26063e-08 0.0206198 0.999787
	joint_orient	0 0 0 1
	bind_pose_matrix
		0.99915 0.0412307 -1.42586e-09 0
		-0.0412307 0.99915 1.1536e-06 0
		4.89884e-08 -1.15256e-06 1 0
		24.8568 3.94611e-07 2.15722e-05 1
	rotation_order xyz
	inherits_transform 1
	shearing 0 0 0
	rotate_pivot_translate	0 0 0
	scale_pivot_translate	0 0 0
	translate_limit_x -INF +INF
	translate_limit_y -INF +INF
	translate_limit_z -INF +INF
	rotate_limit_x -INF +INF
	rotate_limit_y -INF +INF
	rotate_limit_z -INF +INF
	scale_limit_x -INF +INF
	scale_limit_y -INF +INF
	scale_limit_z -INF +INF
	parent 5
	child_joints 0
	INSTANCE_LIST
	{
	}
	segment_scale_compensate 1
	EXTRA_ATTRIBUTES
	{
		wire_colour colour 0.682353 0.729412 0.796078
	}
}
JOINT bn_F_tabard_01
{
	id 6
	visible	0
	scale_pivot	0 0 0
	rotate_pivot	0 0 0
	min_bound	0 0 0
	max_bound	0 0 0
	scale	1 1 1
	translate	12.9496 -3.12811e-05 -19.7355
	rotation_orient	0 0 0 1
	rotation	0.144765 0.263247 -0.808081 0.506705
	joint_orient	0 0 0 1
	bind_pose_matrix
		-0.444587 -0.742699 -0.500741 0
		0.895135 -0.347903 -0.278743 0
		0.0328127 -0.572156 0.819488 0
		12.9496 -3.12811e-05 -19.7355 1
	rotation_order xyz
	inherits_transform 1
	shearing 0 0 0
	rotate_pivot_translate	0 0 0
	scale_pivot_translate	0 0 0
	translate_limit_x -INF +INF
	translate_limit_y -INF +INF
	translate_limit_z -INF +INF
	rotate_limit_x -INF +INF
	rotate_limit_y -INF +INF
	rotate_limit_z -INF +INF
	scale_limit_x -INF +INF
	scale_limit_y -INF +INF
	scale_limit_z -INF +INF
	parent 9
	child_joints 1
		8 
	INSTANCE_LIST
	{
	}
	segment_scale_compensate 1
	EXTRA_ATTRIBUTES
	{
		wire_colour colour 0.682353 0.729412 0.796078
	}
}
JOINT bn_F_tabard_02
{
	id 8
	visible	0
	scale_pivot	0 0 0
	rotate_pivot	0 0 0
	min_bound	0 0 0
	max_bound	0 0 0
	scale	1 1 1
	translate	19.4102 -6.68474e-06 5.88735e-08
	rotation_orient	0 0 0 1
	rotation	-0.10716 0.0969865 -0.301083 0.942581
	joint_orient	0 0 0 1
	bind_pose_matrix
		0.799885 -0.588377 -0.118307 0
		0.546805 0.795731 -0.260416 0
		0.247364 0.143612 0.958221 0
		19.4102 -6.68474e-06 5.88735e-08 1
	rotation_order xyz
	inherits_transform 1
	shearing 0 0 0
	rotate_pivot_translate	0 0 0
	scale_pivot_translate	0 0 0
	translate_limit_x -INF +INF
	translate_limit_y -INF +INF
	translate_limit_z -INF +INF
	rotate_limit_x -INF +INF
	rotate_limit_y -INF +INF
	rotate_limit_z -INF +INF
	scale_limit_x -INF +INF
	scale_limit_y -INF +INF
	scale_limit_z -INF +INF
	parent 6
	child_joints 1
		5 
	INSTANCE_LIST
	{
	}
	segment_scale_compensate 1
	EXTRA_ATTRIBUTES
	{
		wire_colour colour 0.682353 0.729412 0.796078
	}
}
JOINT bn_F_tabard_03
{
	id 5
	visible	0
	scale_pivot	0 0 0
	rotate_pivot	0 0 0
	min_bound	0 0 0
	max_bound	0 0 0
	scale	1 1 1
	translate	22.1778 -2.09168e-05 -7.84336e-06
	rotation_orient	0 0 0 1
	rotation	-0.0455211 0.0533282 -0.196612 0.977971
	joint_orient	0 0 0 1
	bind_pose_matrix
		0.917 -0.389417 -0.0864068 0
		0.379707 0.918543 -0.110007 0
		0.122207 0.0680668 0.990168 0
		22.1778 -2.09168e-05 -7.84336e-06 1
	rotation_order xyz
	inherits_transform 1
	shearing 0 0 0
	rotate_pivot_translate	0 0 0
	scale_pivot_translate	0 0 0
	translate_limit_x -INF +INF
	translate_limit_y -INF +INF
	translate_limit_z -INF +INF
	rotate_limit_x -INF +INF
	rotate_limit_y -INF +INF
	rotate_limit_z -INF +INF
	scale_limit_x -INF +INF
	scale_limit_y -INF +INF
	scale_limit_z -INF +INF
	parent 8
	child_joints 1
		7 
	INSTANCE_LIST
	{
	}
	segment_scale_compensate 1
	EXTRA_ATTRIBUTES
	{
		wire_colour colour 0.682353 0.729412 0.796078
	}
}
BONE bn_fingers_L_01
{
	id 37
	visible	0
	scale_pivot	0 0 0
	rotate_pivot	0 0 0
	min_bound	0 0 0
	max_bound	0 0 0
	scale	1 1 1
	translate	24.2948 -2.43627 -4.53717
	rotation_orient	0 0 0 1
	rotation	-0.0338191 0.513784 0.0610105 0.855079
	joint_orient	0 0 0 1
	bind_pose_matrix
		0.464609 0.0695863 -0.882778 0
		-0.139089 0.990268 0.00485636 0
		0.874525 0.120528 0.469766 0
		24.2948 -2.43627 -4.53717 1
	rotation_order xyz
	inherits_transform 1
	shearing 0 0 0
	rotate_pivot_translate	0 0 0
	scale_pivot_translate	0 0 0
	translate_limit_x -INF +INF
	translate_limit_y -INF +INF
	translate_limit_z -INF +INF
	rotate_limit_x -INF +INF
	rotate_limit_y -INF +INF
	rotate_limit_z -INF +INF
	scale_limit_x -INF +INF
	scale_limit_y -INF +INF
	scale_limit_z -INF +INF
	parent 24
	child_joints 0
	INSTANCE_LIST
	{
	}
	EXTRA_ATTRIBUTES
	{
		wire_colour colour 0.054902 1 0.00784314
	}
}
BONE bn_fingers_R_01
{
	id 35
	visible	0
	scale_pivot	0 0 0
	rotate_pivot	0 0 0
	min_bound	0 0 0
	max_bound	0 0 0
	scale	1 1 1
	translate	25.1662 2.89667 -4.50305
	rotation_orient	0 0 0 1
	rotation	-0.0541642 0.701832 0.142021 0.695937
	joint_orient	0 0 0 1
	bind_pose_matrix
		-0.0254767 0.121648 -0.992247 0
		-0.273704 0.953792 0.123961 0
		0.961477 0.27474 0.00899601 0
		25.1662 2.89667 -4.50305 1
	rotation_order xyz
	inherits_transform 1
	shearing 0 0 0
	rotate_pivot_translate	0 0 0
	scale_pivot_translate	0 0 0
	translate_limit_x -INF +INF
	translate_limit_y -INF +INF
	translate_limit_z -INF +INF
	rotate_limit_x -INF +INF
	rotate_limit_y -INF +INF
	rotate_limit_z -INF +INF
	scale_limit_x -INF +INF
	scale_limit_y -INF +INF
	scale_limit_z -INF +INF
	parent 14
	child_joints 0
	INSTANCE_LIST
	{
	}
	EXTRA_ATTRIBUTES
	{
		wire_colour colour 0.054902 1 0.00784314
	}
}
BONE bn_mouth_01
{
	id 30
	visible	0
	scale_pivot	0 0 0
	rotate_pivot	0 0 0
	min_bound	0 0 0
	max_bound	0 0 0
	scale	1 1 1
	translate	9.78494 -3.27398e-05 3.94773
	rotation_orient	0 0 0 1
	rotation	0.703376 0.703366 0.0725904 0.0725891
	joint_orient	0 0 0 1
	bind_pose_matrix
		1.28746e-05 1 3.12925e-06 0
		0.978924 -1.35899e-05 0.20423 0
		0.20423 3.94881e-07 -0.978923 0
		9.78494 -3.27398e-05 3.94773 1
	rotation_order xyz
	inherits_transform 1
	shearing 0 0 0
	rotate_pivot_translate	0 0 0
	scale_pivot_translate	0 0 0
	translate_limit_x -INF +INF
	translate_limit_y -INF +INF
	translate_limit_z -INF +INF
	rotate_limit_x -INF +INF
	rotate_limit_y -INF +INF
	rotate_limit_z -INF +INF
	scale_limit_x -INF +INF
	scale_limit_y -INF +INF
	scale_limit_z -INF +INF
	parent 3
	child_joints 0
	INSTANCE_LIST
	{
	}
	EXTRA_ATTRIBUTES
	{
		wire_colour colour 0 0.988235 0
	}
}
BONE bn_mouth_L_01
{
	id 28
	visible	0
	scale_pivot	0 0 0
	rotate_pivot	0 0 0
	min_bound	0 0 0
	max_bound	0 0 0
	scale	1 1 1
	translate	8.01526 2.79227 3.79135
	rotation_orient	0 0 0 1
	rotation	0.416017 0.849811 -0.0443938 0.320592
	joint_orient	0 0 0 1
	bind_pose_matrix
		-0.4483 0.678609 -0.581824 0
		0.735538 0.649918 0.191291 0
		0.507949 -0.342197 -0.7905 0
		8.01526 2.79227 3.79135 1
	rotation_order xyz
	inherits_transform 1
	shearing 0 0 0
	rotate_pivot_translate	0 0 0
	scale_pivot_translate	0 0 0
	translate_limit_x -INF +INF
	translate_limit_y -INF +INF
	translate_limit_z -INF +INF
	rotate_limit_x -INF +INF
	rotate_limit_y -INF +INF
	rotate_limit_z -INF +INF
	scale_limit_x -INF +INF
	scale_limit_y -INF +INF
	scale_limit_z -INF +INF
	parent 3
	child_joints 0
	INSTANCE_LIST
	{
	}
	EXTRA_ATTRIBUTES
	{
		wire_colour colour 0 0.988235 0
	}
}
BONE bn_mouth_R_01
{
	id 29
	visible	0
	scale_pivot	0 0 0
	rotate_pivot	0 0 0
	min_bound	0 0 0
	max_bound	0 0 0
	scale	1 1 1
	translate	8.00368 -2.80794 3.77692
	rotation_orient	0 0 0 1
	rotation	-0.452459 0.833561 0.0274345 0.31576
	joint_orient	0 0 0 1
	bind_pose_matrix
		-0.391154 -0.736979 -0.551236 0
		-0.771629 0.589057 -0.24 0
		0.501585 0.331473 -0.799087 0
		8.00368 -2.80794 3.77692 1
	rotation_order xyz
	inherits_transform 1
	shearing 0 0 0
	rotate_pivot_translate	0 0 0
	scale_pivot_translate	0 0 0
	translate_limit_x -INF +INF
	translate_limit_y -INF +INF
	translate_limit_z -INF +INF
	rotate_limit_x -INF +INF
	rotate_limit_y -INF +INF
	rotate_limit_z -INF +INF
	scale_limit_x -INF +INF
	scale_limit_y -INF +INF
	scale_limit_z -INF +INF
	parent 3
	child_joints 0
	INSTANCE_LIST
	{
	}
	EXTRA_ATTRIBUTES
	{
		wire_colour colour 0 0.988235 0
	}
}
JOINT bn_shoulderpad_L
{
	id 32
	visible	0
	scale_pivot	0 0 0
	rotate_pivot	0 0 0
	min_bound	0 0 0
	max_bound	0 0 0
	scale	1 1 1
	translate	22.4233 1.59832e-06 2.21081e-06
	rotation_orient	0 0 0 1
	rotation	-0.0950282 -0.248439 -0.308625 0.913235
	joint_orient	0 0 0 1
	bind_pose_matrix
		0.686057 -0.516477 0.512423 0
		0.610912 0.79144 -0.020217 0
		-0.39511 0.326915 0.858495 0
		22.4233 1.59832e-06 2.21081e-06 1
	rotation_order xyz
	inherits_transform 1
	shearing 0 0 0
	rotate_pivot_translate	0 0 0
	scale_pivot_translate	0 0 0
	translate_limit_x -INF +INF
	translate_limit_y -INF +INF
	translate_limit_z -INF +INF
	rotate_limit_x -INF +INF
	rotate_limit_y -INF +INF
	rotate_limit_z -INF +INF
	scale_limit_x -INF +INF
	scale_limit_y -INF +INF
	scale_limit_z -INF +INF
	parent 26
	child_joints 0
	INSTANCE_LIST
	{
	}
	segment_scale_compensate 1
	EXTRA_ATTRIBUTES
	{
		wire_colour colour 0.643137 0.776471 0.807843
	}
}
JOINT bn_shoulderpad_R
{
	id 31
	visible	0
	scale_pivot	0 0 0
	rotate_pivot	0 0 0
	min_bound	0 0 0
	max_bound	0 0 0
	scale	1 1 1
	translate	27.4413 8.46733 -5.06754
	rotation_orient	0 0 0 1
	rotation	0.254856 0.145383 0.0573555 0.954265
	joint_orient	0 0 0 1
	bind_pose_matrix
		0.951148 0.183568 -0.248233 0
		-0.0353613 0.863517 0.503077 0
		0.306702 -0.469724 0.827824 0
		27.4413 8.46733 -5.06754 1
	rotation_order xyz
	inherits_transform 1
	shearing 0 0 0
	rotate_pivot_translate	0 0 0
	scale_pivot_translate	0 0 0
	translate_limit_x -INF +INF
	translate_limit_y -INF +INF
	translate_limit_z -INF +INF
	rotate_limit_x -INF +INF
	rotate_limit_y -INF +INF
	rotate_limit_z -INF +INF
	scale_limit_x -INF +INF
	scale_limit_y -INF +INF
	scale_limit_z -INF +INF
	parent 25
	child_joints 0
	INSTANCE_LIST
	{
	}
	segment_scale_compensate 1
	EXTRA_ATTRIBUTES
	{
		wire_colour colour 0.643137 0.776471 0.807843
	}
}
BONE bn_thumb_L_01
{
	id 33
	visible	0
	scale_pivot	0 0 0
	rotate_pivot	0 0 0
	min_bound	0 0 0
	max_bound	0 0 0
	scale	1 1 1
	translate	3.80866 -10.8076 -8.92635
	rotation_orient	0 0 0 1
	rotation	0.631191 0.269992 -0.297762 0.663355
	joint_orient	0 0 0 1
	bind_pose_matrix
		0.676884 -0.0542119 -0.73409 0
		0.735877 0.0258712 0.676621 0
		-0.0176891 -0.998195 0.0574051 0
		3.80866 -10.8076 -8.92635 1
	rotation_order xyz
	inherits_transform 1
	shearing 0 0 0
	rotate_pivot_translate	0 0 0
	scale_pivot_translate	0 0 0
	translate_limit_x -INF +INF
	translate_limit_y -INF +INF
	translate_limit_z -INF +INF
	rotate_limit_x -INF +INF
	rotate_limit_y -INF +INF
	rotate_limit_z -INF +INF
	scale_limit_x -INF +INF
	scale_limit_y -INF +INF
	scale_limit_z -INF +INF
	parent 24
	child_joints 0
	INSTANCE_LIST
	{
	}
	EXTRA_ATTRIBUTES
	{
		wire_colour colour 0.054902 1 0.00784314
	}
}
BONE bn_thumb_R_01
{
	id 34
	visible	0
	scale_pivot	0 0 0
	rotate_pivot	0 0 0
	min_bound	0 0 0
	max_bound	0 0 0
	scale	1 1 1
	translate	3.80857 10.8074 -8.92633
	rotation_orient	0 0 0 1
	rotation	-0.640343 0.334891 0.256351 0.641945
	joint_orient	0 0 0 1
	bind_pose_matrix
		0.644264 -0.0997638 -0.758269 0
		-0.758017 0.0484908 -0.65043 0
		0.101658 0.993829 -0.0443817 0
		3.80857 10.8074 -8.92633 1
	rotation_order xyz
	inherits_transform 1
	shearing 0 0 0
	rotate_pivot_translate	0 0 0
	scale_pivot_translate	0 0 0
	translate_limit_x -INF +INF
	translate_limit_y -INF +INF
	translate_limit_z -INF +INF
	rotate_limit_x -INF +INF
	rotate_limit_y -INF +INF
	rotate_limit_z -INF +INF
	scale_limit_x -INF +INF
	scale_limit_y -INF +INF
	scale_limit_z -INF +INF
	parent 14
	child_joints 0
	INSTANCE_LIST
	{
	}
	EXTRA_ATTRIBUTES
	{
		wire_colour colour 0.054902 1 0.00784314
	}
}
BONE bn_weapon_01
{
	id 36
	visible	0
	scale_pivot	0 0 0
	rotate_pivot	0 0 0
	min_bound	0 0 0
	max_bound	0 0 0
	scale	1 1 1
	translate	13.1435 -13.0411 -8.60868
	rotation_orient	0 0 0 1
	rotation	0.0311539 0.0128535 0.71787 0.695361
	joint_orient	0 0 0 1
	bind_pose_matrix
		-0.0310061 0.999158 0.0268533 0
		-0.997557 -0.0326167 0.0617806 0
		0.0626045 -0.0248722 0.997728 0
		13.1435 -13.0411 -8.60868 1
	rotation_order xyz
	inherits_transform 1
	shearing 0 0 0
	rotate_pivot_translate	0 0 0
	scale_pivot_translate	0 0 0
	translate_limit_x -INF +INF
	translate_limit_y -INF +INF
	translate_limit_z -INF +INF
	rotate_limit_x -INF +INF
	rotate_limit_y -INF +INF
	rotate_limit_z -INF +INF
	scale_limit_x -INF +INF
	scale_limit_y -INF +INF
	scale_limit_z -INF +INF
	parent 14
	child_joints 0
	INSTANCE_LIST
	{
	}
	EXTRA_ATTRIBUTES
	{
		wire_colour colour 0.054902 1 0.00784314
	}
}
JOINT root_displacement
{
	id 38
	visible	0
	scale_pivot	0 0 0
	rotate_pivot	0 0 0
	min_bound	0 0 0
	max_bound	0 0 0
	scale	1 1 1
	translate	0 0 -0
	rotation_orient	0 0 0 1
	rotation	0 0 0 1
	joint_orient	0 0 0 1
	bind_pose_matrix
		1 0 0 0
		0 1 0 0
		0 0 1 0
		0 0 -0 1
	rotation_order xyz
	inherits_transform 1
	shearing 0 0 0
	rotate_pivot_translate	0 0 0
	scale_pivot_translate	0 0 0
	translate_limit_x -INF +INF
	translate_limit_y -INF +INF
	translate_limit_z -INF +INF
	rotate_limit_x -INF +INF
	rotate_limit_y -INF +INF
	rotate_limit_z -INF +INF
	scale_limit_x -INF +INF
	scale_limit_y -INF +INF
	scale_limit_z -INF +INF
	parent 0
	child_joints 0
	INSTANCE_LIST
	{
	}
	segment_scale_compensate 1
	EXTRA_ATTRIBUTES
	{
		wire_colour colour 0 0.87451 0.145098
	}
}
ANIMATION_TAKE atk_02
{
	id 39
	start_time 0
	end_time 65
	fps 30
	current_time 0
	num_animated_nodes 38
	num_event_tracks 0
	ANIM_NODE 1
	{
		num_animated_attrs 3
		num_animated_attrs_user 0
		ATTR rotation
		{
			num_streams 1
			elements_per_sample 4
			SAMPLED_KEYS
			{

				0.0921234 0.0353215 -0.0682876 0.992775 
				0.0909084 -0.145736 -0.0636822 0.983077 
				0.0885413 -0.317036 -0.0611982 0.942286 
				0.0796886 -0.487759 -0.0485167 0.867979 
				0.0587359 -0.661159 -0.0142478 0.747808 
				0.0335101 0.88607 -0.159312 -0.434025 
				0.0934292 0.928148 -0.201997 -0.298345 
				0.133949 0.94537 -0.195817 -0.223581 
				0.15321 0.965049 -0.139625 -0.160352 
				0.160907 0.978502 -0.0618967 -0.113187 
				0.160321 0.983445 -0.00868787 -0.0840064 
				0.155394 0.985502 0.0134312 -0.0667671 
				0.147646 0.987142 0.0295154 -0.0536661 
				0.138235 0.988578 0.0406318 -0.0442061 
				0.128292 0.989857 0.0478556 -0.0378703 
				0.11893 0.990938 0.0522647 -0.0341327 
				0.11126 0.991741 0.0549382 -0.0324625 
				0.106389 0.992165 0.0569565 -0.0323267 
				0.103345 0.992361 0.0590015 -0.0325177 
				0.100413 0.992549 0.0610298 -0.0322239 
				0.0975885 0.992729 0.0630337 -0.031504 
				0.0948652 0.9929 0.0650053 -0.0304166 
				0.0922381 0.993061 0.0669369 -0.0290201 
				0.089702 0.993211 0.0688206 -0.0273732 
				0.0872515 0.99335 0.0706487 -0.0255344 
				0.0848812 0.993477 0.0724134 -0.0235623 
				0.082586 0.993592 0.0741069 -0.0215155 
				0.0803607 0.993695 0.0757215 -0.0194528 
				0.0782001 0.993787 0.0772495 -0.0174326 
				0.0760989 0.99387 0.0786833 -0.0155134 
				0.0740522 0.993944 0.0800153 -0.0137541 
				0.0720547 0.994012 0.0812379 -0.0122132 
				0.0701014 0.994075 0.0823435 -0.0109492 
				0.0681872 0.994136 0.0833248 -0.0100208 
				0.0663069 0.994197 0.084174 -0.00948658 
				0.0644554 0.99426 0.0848836 -0.00940492 
				0.0626274 0.994324 0.0854461 -0.00983453 
				0.0608179 0.994391 0.0858537 -0.0108339 
				0.0590213 0.994459 0.0860987 -0.0124615 
				0.0572324 0.994525 0.0861731 -0.0147757 
				0.0554456 0.994585 0.0860689 -0.0178351 
				0.0536555 0.994632 0.0857776 -0.0216978 
				0.0518564 0.994655 0.0852907 -0.026422 
				0.0500427 0.994641 0.0845994 -0.0320658 
				0.0482085 0.994573 0.0836944 -0.0386868 
				0.046348 0.994428 0.082566 -0.0463423 
				0.0444554 0.994181 0.0812043 -0.0550889 
				0.0425249 0.993797 0.0795987 -0.0649829 
				0.0405505 0.993239 0.0777382 -0.0760789 
				0.0385265 0.992461 0.0756113 -0.0884308 
				0.0364473 0.991408 0.0732059 -0.10209 
				0.0325475 0.986575 0.0612629 -0.14784 
				0.0267366 0.969753 0.0355509 -0.240003 
				0.0214789 0.935349 0.0039293 -0.353053 
				0.0192952 0.886223 -0.0252299 -0.462168 
				-0.0226603 -0.836042 0.0437128 0.546451 
				-0.0364321 -0.794899 0.046178 0.603884 
				-0.0589923 -0.757789 0.0378315 0.648726 
				-0.0828259 -0.720656 0.0269195 0.687801 
				-0.100337 -0.67855 0.0216963 0.727346 
				-0.110527 -0.630542 0.0232308 0.767894 
				-0.117948 -0.579566 0.0266846 0.805903 
				-0.12331 -0.52592 0.0313892 0.840962 
				-0.12736 -0.469938 0.036651 0.872694 
				-0.130875 -0.41199 0.0417613 0.900773 
				-0.134649 -0.35248 0.0460067 0.924938 
			}
		}
		ATTR scale
		{
			num_streams 1
			elements_per_sample 3
			POSE_KEY
			{
				1 1 1 
			}
		}
		ATTR translate
		{
			num_streams 1
			elements_per_sample 3
			SAMPLED_KEYS
			{

				-6.36024 66.3972 19.6839 
				-6.36024 70.7274 30.9448 
				-6.36024 75.0912 42.299 
				-6.36024 80.1123 53.4665 
				-6.36024 85.7421 64.1673 
				-6.36024 94.887 71.5539 
				1.77421 85.403 67.3631 
				6.64693 74.0999 60.8681 
				-0.23759 71.4444 54.5634 
				-10.9849 71.8433 48.0964 
				-17.299 72.8915 43.0139 
				-17.7225 73.8841 39.0942 
				-16.6632 75.2579 35.1989 
				-14.6225 76.8139 31.5004 
				-12.1018 78.3636 28.1712 
				-9.60245 79.7464 25.3835 
				-7.62577 80.8349 23.3097 
				-6.67315 81.5266 22.1222 
				-6.4177 81.9776 21.4762 
				-6.19703 82.4083 20.9087 
				-6.00927 82.8201 20.4149 
				-5.85254 83.2142 19.9898 
				-5.72495 83.5919 19.6286 
				-5.62463 83.9544 19.3263 
				-5.5497 84.3028 19.0781 
				-5.49829 84.638 18.879 
				-5.46851 84.9611 18.7241 
				-5.45848 85.273 18.6086 
				-5.46634 85.5745 18.5275 
				-5.49019 85.8665 18.476 
				-5.52816 86.1497 18.4491 
				-5.57838 86.4248 18.4419 
				-5.63896 86.6924 18.4496 
				-5.70803 86.9533 18.4672 
				-5.7837 87.208 18.4898 
				-5.8641 87.4572 18.5126 
