|XMD_005A#0MAX#0005.0.4|
JOINT Bip001
{
	id 2
	visible	1
	scale_pivot	0 0 0
	rotate_pivot	0 0 0
	min_bound	0 0 0
	max_bound	0 0 0
	scale	1 1 1
	translate	-6.03549 1.75096 897.006
	rotation_orient	0 0 0 1
	rotation	-0.185611 0.0653397 -0.678666 0.707596
	joint_orient	0 0 0 1
	bind_pose_matrix
		0.0702875 -0.984698 0.159467 0
		0.936187 0.0099234 -0.351363 0
		0.344403 0.173987 0.922559 0
		-6.03549 1.75096 897.006 1
	rotation_order xyz
	inherits_transform 1
	shearing 0 0 0
	rotate_pivot_translate	0 0 0
	scale_pivot_translate	0 0 0
	translate_limit_x -INF +INF
	translate_limit_y -INF +INF
	translate_limit_z -INF +INF
	rotate_limit_x -INF +INF
	rotate_limit_y -INF +INF
	rotate_limit_z -INF +INF
	scale_limit_x -INF +INF
	scale_limit_y -INF +INF
	scale_limit_z -INF +INF
	parent 0
	child_joints 1
		3 
	INSTANCE_LIST
	{
	}
	segment_scale_compensate 1
	EXTRA_ATTRIBUTES
	{
		wire_colour colour 0.65098 0.792157 0.941176
	}
}
JOINT Bip001_Head
{
	id 7
	visible	1
	scale_pivot	0 0 0
	rotate_pivot	0 0 0
	min_bound	0 0 0
	max_bound	0 0 0
	scale	1 1 1
	translate	8.31274 -9.25588e-06 5.53467e-07
	rotation_orient	0 0 0 1
	rotation	-0.00732185 -0.0268695 -0.172749 0.984572
	joint_orient	0 0 0 1
	bind_pose_matrix
		0.938872 -0.339774 0.0554396 0
		0.340561 0.940208 -0.00513443 0
		-0.0503802 0.0237011 0.998449 0
		8.31274 -9.25588e-06 5.53467e-07 1
	rotation_order xyz
	inherits_transform 1
	shearing 0 0 0
	rotate_pivot_translate	0 0 0
	scale_pivot_translate	0 0 0
	translate_limit_x -INF +INF
	translate_limit_y -INF +INF
	translate_limit_z -INF +INF
	rotate_limit_x -INF +INF
	rotate_limit_y -INF +INF
	rotate_limit_z -INF +INF
	scale_limit_x -INF +INF
	scale_limit_y -INF +INF
	scale_limit_z -INF +INF
	parent 6
	child_joints 7
		8 9 10 11 12 13 14 
	INSTANCE_LIST
	{
	}
	segment_scale_compensate 1
	EXTRA_ATTRIBUTES
	{
		original_name string "Bip001 Head"
		wire_colour colour 0.65098 0.792157 0.941176
	}
}
JOINT Bip001_L_Calf
{
	id 51
	visible	1
	scale_pivot	0 0 0
	rotate_pivot	0 0 0
	min_bound	0 0 0
	max_bound	0 0 0
	scale	1 1 1
	translate	55.4182 4.81316e-06 1.4351e-06
	rotation_orient	0 0 0 1
	rotation	6.96312e-09 5.88953e-09 -0.232353 0.972631
	joint_orient	0 0 0 1
	bind_pose_matrix
		0.892024 -0.451988 -1.46925e-08 0
		0.451988 0.892024 1.08082e-08 0
		8.22088e-09 -1.6282e-08 1 0
		55.4182 4.81316e-06 1.4351e-06 1
	rotation_order xyz
	inherits_transform 1
	shearing 0 0 0
	rotate_pivot_translate	0 0 0
	scale_pivot_translate	0 0 0
	translate_limit_x -INF +INF
	translate_limit_y -INF +INF
	translate_limit_z -INF +INF
	rotate_limit_x -INF +INF
	rotate_limit_y -INF +INF
	rotate_limit_z -INF +INF
	scale_limit_x -INF +INF
	scale_limit_y -INF +INF
	scale_limit_z -INF +INF
	parent 50
	child_joints 1
		52 
	INSTANCE_LIST
	{
	}
	segment_scale_compensate 1
	EXTRA_ATTRIBUTES
	{
		original_name string "Bip001 L Calf"
		wire_colour colour 0.109804 0.109804 0.694118
	}
}
JOINT Bip001_L_Clavicle
{
	id 15
	visible	1
	scale_pivot	0 0 0
	rotate_pivot	0 0 0
	min_bound	0 0 0
	max_bound	0 0 0
	scale	1 1 1
	translate	30.7037 -0.0572257 3.87927
	rotation_orient	0 0 0 1
	rotation	0.654004 -0.0109695 0.756359 -0.00895885
	joint_orient	0 0 0 1
	bind_pose_matrix
		-0.144398 -0.0279004 0.989126 0
		-0.00079601 -0.999599 -0.028312 0
		0.989519 -0.00487555 0.144318 0
		30.7037 -0.0572257 3.87927 1
	rotation_order xyz
	inherits_transform 1
	shearing 0 0 0
	rotate_pivot_translate	0 0 0
	scale_pivot_translate	0 0 0
	translate_limit_x -INF +INF
	translate_limit_y -INF +INF
	translate_limit_z -INF +INF
	rotate_limit_x -INF +INF
	rotate_limit_y -INF +INF
	rotate_limit_z -INF +INF
	scale_limit_x -INF +INF
	scale_limit_y -INF +INF
	scale_limit_z -INF +INF
	parent 5
	child_joints 2
		16 31 
	INSTANCE_LIST
	{
	}
	segment_scale_compensate 1
	EXTRA_ATTRIBUTES
	{
		original_name string "Bip001 L Clavicle"
		wire_colour colour 0.109804 0.109804 0.694118
	}
}
JOINT Bip001_L_Finger0
{
	id 19
	visible	1
	scale_pivot	0 0 0
	rotate_pivot	0 0 0
	min_bound	0 0 0
	max_bound	0 0 0
	scale	1 1 1
	translate	4.25014 1.81947 -6.28466
	rotation_orient	0 0 0 1
	rotation	0.562979 0.30482 0.0691018 0.765091
	joint_orient	0 0 0 1
	bind_pose_matrix
		0.804619 0.448953 -0.388624 0
		0.237476 0.356558 0.903588 0
		0.544236 -0.819333 0.180278 0
		4.25014 1.81947 -6.28466 1
	rotation_order xyz
	inherits_transform 1
	shearing 0 0 0
	rotate_pivot_translate	0 0 0
	scale_pivot_translate	0 0 0
	translate_limit_x -INF +INF
	translate_limit_y -INF +INF
	translate_limit_z -INF +INF
	rotate_limit_x -INF +INF
	rotate_limit_y -INF +INF
	rotate_limit_z -INF +INF
	scale_limit_x -INF +INF
	scale_limit_y -INF +INF
	scale_limit_z -INF +INF
	parent 18
	child_joints 1
		20 
	INSTANCE_LIST
	{
	}
	segment_scale_compensate 1
	EXTRA_ATTRIBUTES
	{
		original_name string "Bip001 L Finger0"
		wire_colour colour 0.52549 0.0235294 0.0235294
	}
}
JOINT Bip001_L_Finger01
{
	id 20
	visible	1
	scale_pivot	0 0 0
	rotate_pivot	0 0 0
	min_bound	0 0 0
	max_bound	0 0 0
	scale	1 1 1
	translate	7.53773 8.79935e-06 1.06576e-06
	rotation_orient	0 0 0 1
	rotation	7.85878e-09 -2.52752e-08 0.290837 0.956773
	joint_orient	0 0 0 1
	bind_pose_matrix
		0.830827 0.55653 5.29364e-08 0
		-0.55653 0.830827 3.36211e-10 0
		-4.37939e-08 -2.97401e-08 1 0
		7.53773 8.79935e-06 1.06576e-06 1
	rotation_order xyz
	inherits_transform 1
	shearing 0 0 0
	rotate_pivot_translate	0 0 0
	scale_pivot_translate	0 0 0
	translate_limit_x -INF +INF
	translate_limit_y -INF +INF
	translate_limit_z -INF +INF
	rotate_limit_x -INF +INF
	rotate_limit_y -INF +INF
	rotate_limit_z -INF +INF
	scale_limit_x -INF +INF
	scale_limit_y -INF +INF
	scale_limit_z -INF +INF
	parent 19
	child_joints 0
	INSTANCE_LIST
	{
	}
	segment_scale_compensate 1
	EXTRA_ATTRIBUTES
	{
		original_name string "Bip001 L Finger01"
		wire_colour colour 0.52549 0.0235294 0.0235294
	}
}
JOINT Bip001_L_Finger1
{
	id 21
	visible	1
	scale_pivot	0 0 0
	rotate_pivot	0 0 0
	min_bound	0 0 0
	max_bound	0 0 0
	scale	1 1 1
	translate	10.0508 -1.95599 -5.16901
	rotation_orient	0 0 0 1
	rotation	0.106075 0.185957 -0.0760796 0.973848
	joint_orient	0 0 0 1
	bind_pose_matrix
		0.919264 -0.108729 -0.378328 0
		0.187631 0.96592 0.178306 0
		0.346048 -0.234896 0.908336 0
		10.0508 -1.95599 -5.16901 1
	rotation_order xyz
	inherits_transform 1
	shearing 0 0 0
	rotate_pivot_translate	0 0 0
	scale_pivot_translate	0 0 0
	translate_limit_x -INF +INF
	translate_limit_y -INF +INF
	translate_limit_z -INF +INF
	rotate_limit_x -INF +INF
	rotate_limit_y -INF +INF
	rotate_limit_z -INF +INF
	scale_limit_x -INF +INF
	scale_limit_y -INF +INF
	scale_limit_z -INF +INF
	parent 18
	child_joints 1
		22 
	INSTANCE_LIST
	{
	}
	segment_scale_compensate 1
	EXTRA_ATTRIBUTES
	{
		original_name string "Bip001 L Finger1"
		wire_colour colour 0.423529 0.0313726 0.533333
	}
}
JOINT Bip001_L_Finger11
{
	id 22
	visible	1
	scale_pivot	0 0 0
	rotate_pivot	0 0 0
	min_bound	0 0 0
	max_bound	0 0 0
	scale	1 1 1
	translate	6.62897 4.72402e-06 9.08041e-06
	rotation_orient	0 0 0 1
	rotation	5.77099e-09 -1.69404e-08 0.476511 0.879168
	joint_orient	0 0 0 1
	bind_pose_matrix
		0.545874 0.837868 3.52868e-08 0
		-0.837868 0.545874 -5.99726e-09 0
		-2.42871e-08 -2.6292e-08 1 0
		6.62897 4.72402e-06 9.08041e-06 1
	rotation_order xyz
	inherits_transform 1
	shearing 0 0 0
	rotate_pivot_translate	0 0 0
	scale_pivot_translate	0 0 0
	translate_limit_x -INF +INF
	translate_limit_y -INF +INF
	translate_limit_z -INF +INF
	rotate_limit_x -INF +INF
	rotate_limit_y -INF +INF
	rotate_limit_z -INF +INF
	scale_limit_x -INF +INF
	scale_limit_y -INF +INF
	scale_limit_z -INF +INF
	parent 21
	child_joints 0
	INSTANCE_LIST
	{
	}
	segment_scale_compensate 1
	EXTRA_ATTRIBUTES
	{
		original_name string "Bip001 L Finger11"
		wire_colour colour 0.423529 0.0313726 0.533333
	}
}
JOINT Bip001_L_Finger2
{
	id 23
	visible	1
	scale_pivot	0 0 0
	rotate_pivot	0 0 0
	min_bound	0 0 0
	max_bound	0 0 0
	scale	1 1 1
	translate	10.1465 -2.37493 -2.4773
	rotation_orient	0 0 0 1
	rotation	0.0654536 -0.00023641 0.00360429 0.997849
	joint_orient	0 0 0 1
	bind_pose_matrix
		0.999974 0.00716213 0.000943631 0
		-0.00722403 0.991406 0.130624 0
		2.43308e-08 -0.130627 0.991431 0
		10.1465 -2.37493 -2.4773 1
	rotation_order xyz
	inherits_transform 1
	shearing 0 0 0
	rotate_pivot_translate	0 0 0
	scale_pivot_translate	0 0 0
	translate_limit_x -INF +INF
	translate_limit_y -INF +INF
	translate_limit_z -INF +INF
	rotate_limit_x -INF +INF
	rotate_limit_y -INF +INF
	rotate_limit_z -INF +INF
	scale_limit_x -INF +INF
	scale_limit_y -INF +INF
	scale_limit_z -INF +INF
	parent 18
	child_joints 1
		24 
	INSTANCE_LIST
	{
	}
	segment_scale_compensate 1
	EXTRA_ATTRIBUTES
	{
		original_name string "Bip001 L Finger2"
		wire_colour colour 0.423529 0.0313726 0.533333
	}
}
JOINT Bip001_L_Finger21
{
	id 24
	visible	1
	scale_pivot	0 0 0
	rotate_pivot	0 0 0
	min_bound	0 0 0
	max_bound	0 0 0
	scale	1 1 1
	translate	7.98669 1.61709e-05 2.94438e-05
	rotation_orient	0 0 0 1
	rotation	5.71102e-09 -2.8571e-08 0.454843 0.890572
	joint_orient	0 0 0 1
	bind_pose_matrix
		0.586236 0.81014 5.60843e-08 0
		-0.81014 0.586236 -1.58185e-08 0
		-4.56938e-08 -3.61628e-08 1 0
		7.98669 1.61709e-05 2.94438e-05 1
	rotation_order xyz
	inherits_transform 1
	shearing 0 0 0
	rotate_pivot_translate	0 0 0
	scale_pivot_translate	0 0 0
	translate_limit_x -INF +INF
	translate_limit_y -INF +INF
	translate_limit_z -INF +INF
	rotate_limit_x -INF +INF
	rotate_limit_y -INF +INF
	rotate_limit_z -INF +INF
	scale_limit_x -INF +INF
	scale_limit_y -INF +INF
	scale_limit_z -INF +INF
	parent 23
	child_joints 0
	INSTANCE_LIST
	{
	}
	segment_scale_compensate 1
	EXTRA_ATTRIBUTES
	{
		original_name string "Bip001 L Finger21"
		wire_colour colour 0.423529 0.0313726 0.533333
	}
}
JOINT Bip001_L_Finger3
{
	id 25
	visible	1
	scale_pivot	0 0 0
	rotate_pivot	0 0 0
	min_bound	0 0 0
	max_bound	0 0 0
	scale	1 1 1
	translate	11.0554 -2.89654 0.936576
	rotation_orient	0 0 0 1
	rotation	0.00789189 -0.0338495 0.142926 0.989123
	joint_orient	0 0 0 1
	bind_pose_matrix
		0.956853 0.282208 0.0692185 0
		-0.283277 0.95902 0.00593616 0
		-0.0647067 -0.025288 0.997584 0
		11.0554 -2.89654 0.936576 1
	rotation_order xyz
	inherits_transform 1
	shearing 0 0 0
	rotate_pivot_translate	0 0 0
	scale_pivot_translate	0 0 0
	translate_limit_x -INF +INF
	translate_limit_y -INF +INF
	translate_limit_z -INF +INF
	rotate_limit_x -INF +INF
	rotate_limit_y -INF +INF
	rotate_limit_z -INF +INF
	scale_limit_x -INF +INF
	scale_limit_y -INF +INF
	scale_limit_z -INF +INF
	parent 18
	child_joints 1
		26 
	INSTANCE_LIST
	{
	}
	segment_scale_compensate 1
	EXTRA_ATTRIBUTES
	{
		original_name string "Bip001 L Finger3"
		wire_colour colour 0.423529 0.0313726 0.533333
	}
}
JOINT Bip001_L_Finger31
{
	id 26
	visible	1
	scale_pivot	0 0 0
	rotate_pivot	0 0 0
	min_bound	0 0 0
	max_bound	0 0 0
	scale	1 1 1
	translate	6.23099 -3.09164e-07 -4.28634e-06
	rotation_orient	0 0 0 1
	rotation	7.75566e-09 2.9087e-09 0.262902 0.964823
	joint_orient	0 0 0 1
	bind_pose_matrix
		0.861765 0.507307 -1.53481e-09 0
		-0.507307 0.861765 1.64951e-08 0
		9.69071e-09 -1.34363e-08 1 0
		6.23099 -3.09164e-07 -4.28634e-06 1
	rotation_order xyz
	inherits_transform 1
	shearing 0 0 0
	rotate_pivot_translate	0 0 0
	scale_pivot_translate	0 0 0
	translate_limit_x -INF +INF
	translate_limit_y -INF +INF
	translate_limit_z -INF +INF
	rotate_limit_x -INF +INF
	rotate_limit_y -INF +INF
	rotate_limit_z -INF +INF
	scale_limit_x -INF +INF
	scale_limit_y -INF +INF
	scale_limit_z -INF +INF
	parent 25
	child_joints 0
	INSTANCE_LIST
	{
	}
	segment_scale_compensate 1
	EXTRA_ATTRIBUTES
	{
		original_name string "Bip001 L Finger31"
		wire_colour colour 0.423529 0.0313726 0.533333
	}
}
JOINT Bip001_L_Finger4
{
	id 27
	visible	1
	scale_pivot	0 0 0
	rotate_pivot	0 0 0
	min_bound	0 0 0
	max_bound	0 0 0
	scale	1 1 1
	translate	10.2044 -1.4761 4.11724
	rotation_orient	0 0 0 1
	rotation	0.00481432 -0.0434758 0.0966637 0.994355
	joint_orient	0 0 0 1
	bind_pose_matrix
		0.977532 0.191818 0.0873915 0
		-0.192655 0.981266 0.00116922 0
		-0.08553 -0.0179793 0.996173 0
		10.2044 -1.4761 4.11724 1
	rotation_order xyz
	inherits_transform 1
	shearing 0 0 0
	rotate_pivot_translate	0 0 0
	scale_pivot_translate	0 0 0
	translate_limit_x -INF +INF
	translate_limit_y -INF +INF
	translate_limit_z -INF +INF
	rotate_limit_x -INF +INF
	rotate_limit_y -INF +INF
	rotate_limit_z -INF +INF
	scale_limit_x -INF +INF
	scale_limit_y -INF +INF
	scale_limit_z -INF +INF
	parent 18
	child_joints 1
		28 
	INSTANCE_LIST
	{
	}
	segment_scale_compensate 1
	EXTRA_ATTRIBUTES
	{
		original_name string "Bip001 L Finger4"
		wire_colour colour 0.423529 0.0313726 0.533333
	}
}
JOINT Bip001_L_Finger41
{
	id 28
	visible	1
	scale_pivot	0 0 0
	rotate_pivot	0 0 0
	min_bound	0 0 0
	max_bound	0 0 0
	scale	1 1 1
	translate	4.89965 3.11203e-06 8.85929e-06
	rotation_orient	0 0 0 1
	rotation	8.56002e-09 1.28034e-08 0.341862 0.93975
	joint_orient	0 0 0 1
	bind_pose_matrix
		0.766261 0.642529 -1.82113e-08 0
		-0.642529 0.766261 2.48425e-08 0
		2.99167e-08 -7.33457e-09 1 0
		4.89965 3.11203e-06 8.85929e-06 1
	rotation_order xyz
	inherits_transform 1
	shearing 0 0 0
	rotate_pivot_translate	0 0 0
	scale_pivot_translate	0 0 0
	translate_limit_x -INF +INF
	translate_limit_y -INF +INF
	translate_limit_z -INF +INF
	rotate_limit_x -INF +INF
	rotate_limit_y -INF +INF
	rotate_limit_z -INF +INF
	scale_limit_x -INF +INF
	scale_limit_y -INF +INF
	scale_limit_z -INF +INF
	parent 27
	child_joints 0
	INSTANCE_LIST
	{
	}
	segment_scale_compensate 1
	EXTRA_ATTRIBUTES
	{
		original_name string "Bip001 L Finger41"
		wire_colour colour 0.423529 0.0313726 0.533333
	}
}
JOINT Bip001_L_Foot
{
	id 52
	visible	1
	scale_pivot	0 0 0
	rotate_pivot	0 0 0
	min_bound	0 0 0
	max_bound	0 0 0
	scale	1 1 1
	translate	55.4182 1.10865e-05 1.36739e-06
	rotation_orient	0 0 0 1
	rotation	-0.067956 -0.00684733 -0.178484 0.981569
	joint_orient	0 0 0 1
	bind_pose_matrix
		0.936193 -0.349459 0.0377004 0
		0.35132 0.927051 -0.130963 0
		0.0108159 0.135851 0.99067 0
		55.4182 1.10865e-05 1.36739e-06 1
	rotation_order xyz
	inherits_transform 1
	shearing 0 0 0
	rotate_pivot_translate	0 0 0
	scale_pivot_translate	0 0 0
	translate_limit_x -INF +INF
	translate_limit_y -INF +INF
	translate_limit_z -INF +INF
	rotate_limit_x -INF +INF
	rotate_limit_y -INF +INF
	rotate_limit_z -INF +INF
	scale_limit_x -INF +INF
	scale_limit_y -INF +INF
	scale_limit_z -INF +INF
	parent 51
	child_joints 1
		53 
	INSTANCE_LIST
	{
	}
	segment_scale_compensate 1
	EXTRA_ATTRIBUTES
	{
		original_name string "Bip001 L Foot"
		wire_colour colour 0.109804 0.109804 0.694118
	}
}
JOINT Bip001_L_ForeTwist
{
	id 62
	visible	0
	scale_pivot	0 0 0
	rotate_pivot	0 0 0
	min_bound	0 0 0
	max_bound	0 0 0
	scale	1 1 1
	translate	0 0 0
	rotation_orient	0 0 0 1
	rotation	-0.00647173 -3.46937e-18 -2.24535e-20 0.999979
	joint_orient	0 0 0 1
	bind_pose_matrix
		1 -3.00499e-25 6.93889e-18 0
		8.98117e-20 0.999916 -0.0129432 0
		-6.93831e-18 0.0129432 0.999916 0
		0 0 0 1
	rotation_order xyz
	inherits_transform 1
	shearing 0 0 0
	rotate_pivot_translate	0 0 0
	scale_pivot_translate	0 0 0
	translate_limit_x -INF +INF
	translate_limit_y -INF +INF
	translate_limit_z -INF +INF
	rotate_limit_x -INF +INF
	rotate_limit_y -INF +INF
	rotate_limit_z -INF +INF
	scale_limit_x -INF +INF
	scale_limit_y -INF +INF
	scale_limit_z -INF +INF
	parent 17
	child_joints 0
	INSTANCE_LIST
	{
	}
	segment_scale_compensate 1
	EXTRA_ATTRIBUTES
	{
		original_name string "Bip001 L ForeTwist"
		wire_colour colour 0.313726 0.313726 0.313726
	}
}
JOINT Bip001_L_Forearm
{
	id 17
	visible	1
	scale_pivot	0 0 0
	rotate_pivot	0 0 0
	min_bound	0 0 0
	max_bound	0 0 0
	scale	1 1 1
	translate	37.1165 -1.72966e-05 1.70592e-06
	rotation_orient	0 0 0 1
	rotation	1.04655e-08 2.93832e-08 -0.768703 0.639606
	joint_orient	0 0 0 1
	bind_pose_matrix
		-0.181809 -0.983334 -5.3677e-08 0
		0.983334 -0.181809 -3.17864e-08 0
		2.14977e-08 -5.85615e-08 1 0
		37.1165 -1.72966e-05 1.70592e-06 1
	rotation_order xyz
	inherits_transform 1
	shearing 0 0 0
	rotate_pivot_translate	0 0 0
	scale_pivot_translate	0 0 0
	translate_limit_x -INF +INF
	translate_limit_y -INF +INF
	translate_limit_z -INF +INF
	rotate_limit_x -INF +INF
	rotate_limit_y -INF +INF
	rotate_limit_z -INF +INF
	scale_limit_x -INF +INF
	scale_limit_y -INF +INF
	scale_limit_z -INF +INF
	parent 16
	child_joints 2
		18 62 
	INSTANCE_LIST
	{
	}
	segment_scale_compensate 1
	EXTRA_ATTRIBUTES
	{
		original_name string "Bip001 L Forearm"
		wire_colour colour 0.109804 0.109804 0.694118
	}
}
JOINT Bip001_L_Hand
{
	id 18
	visible	1
	scale_pivot	0 0 0
	rotate_pivot	0 0 0
	min_bound	0 0 0
	max_bound	0 0 0
	scale	1 1 1
	translate	30.2262 -8.41785e-06 -5.09354e-07
	rotation_orient	0 0 0 1
	rotation	-0.668435 -0.257079 -0.305498 0.627516
	joint_orient	0 0 0 1
	bind_pose_matrix
		0.681163 -0.0397286 0.731053 0
		0.727091 -0.0802672 -0.681833 0
		0.0857678 0.995981 -0.0257888 0
		30.2262 -8.41785e-06 -5.09354e-07 1
	rotation_order xyz
	inherits_transform 1
	shearing 0 0 0
	rotate_pivot_translate	0 0 0
	scale_pivot_translate	0 0 0
	translate_limit_x -INF +INF
	translate_limit_y -INF +INF
	translate_limit_z -INF +INF
	rotate_limit_x -INF +INF
	rotate_limit_y -INF +INF
	rotate_limit_z -INF +INF
	scale_limit_x -INF +INF
	scale_limit_y -INF +INF
	scale_limit_z -INF +INF
	parent 17
	child_joints 6
		19 21 23 25 27 29 
	INSTANCE_LIST
	{
	}
	segment_scale_compensate 1
	EXTRA_ATTRIBUTES
	{
		original_name string "Bip001 L Hand"
		wire_colour colour 0.109804 0.109804 0.694118
	}
}
JOINT Bip001_L_Thigh
{
	id 50
	visible	1
	scale_pivot	0 0 0
	rotate_pivot	0 0 0
	min_bound	0 0 0
	max_bound	0 0 0
	scale	1 1 1
	translate	-4.49049e-05 5.34534e-05 13.1784
	rotation_orient	0 0 0 1
	rotation	-0.0096941 0.994073 -0.0799513 -0.0730298
	joint_orient	0 0 0 1
	bind_pose_matrix
		-0.989145 -0.00759561 0.146744 0
		-0.0309509 0.987028 -0.157539 0
		-0.143644 -0.160371 -0.976549 0
		-4.49049e-05 5.34534e-05 13.1784 1
	rotation_order xyz
	inherits_transform 1
	shearing 0 0 0
	rotate_pivot_translate	0 0 0
	scale_pivot_translate	0 0 0
	translate_limit_x -INF +INF
	translate_limit_y -INF +INF
	translate_limit_z -INF +INF
	rotate_limit_x -INF +INF
	rotate_limit_y -INF +INF
	rotate_limit_z -INF +INF
	scale_limit_x -INF +INF
	scale_limit_y -INF +INF
	scale_limit_z -INF +INF
	parent 3
	child_joints 1
		51 
	INSTANCE_LIST
	{
	}
	segment_scale_compensate 1
	EXTRA_ATTRIBUTES
	{
		original_name string "Bip001 L Thigh"
		wire_colour colour 0.109804 0.109804 0.694118
	}
}
JOINT Bip001_L_Toe0
{
	id 53
	visible	1
	scale_pivot	0 0 0
	rotate_pivot	0 0 0
	min_bound	0 0 0
	max_bound	0 0 0
	scale	1 1 1
	translate	12.7462 16.4038 5.46189e-08
	rotation_orient	0 0 0 1
	rotation	-5.92343e-07 1.60669e-07 0.90053 0.434794
	joint_orient	0 0 0 1
	bind_pose_matrix
		-0.621908 0.783091 -1.20656e-06 0
		-0.783091 -0.621908 -2.2572e-07 0
		-9.27128e-07 8.04469e-07 1 0
		12.7462 16.4038 5.46189e-08 1
	rotation_order xyz
	inherits_transform 1
	shearing 0 0 0
	rotate_pivot_translate	0 0 0
	scale_pivot_translate	0 0 0
	translate_limit_x -INF +INF
	translate_limit_y -INF +INF
	translate_limit_z -INF +INF
	rotate_limit_x -INF +INF
	rotate_limit_y -INF +INF
	rotate_limit_z -INF +INF
	scale_limit_x -INF +INF
	scale_limit_y -INF +INF
	scale_limit_z -INF +INF
	parent 52
	child_joints 0
	INSTANCE_LIST
	{
	}
	segment_scale_compensate 1
	EXTRA_ATTRIBUTES
	{
		original_name string "Bip001 L Toe0"
		wire_colour colour 0.423529 0.0313726 0.533333
	}
}
JOINT Bip001_L_UpperArm
{
	id 16
	visible	1
	scale_pivot	0 0 0
	rotate_pivot	0 0 0
	min_bound	0 0 0
	max_bound	0 0 0
	scale	1 1 1
	translate	21.211 2.83827e-06 2.45197e-05
	rotation_orient	0 0 0 1
	rotation	0.603748 0.305939 -0.146145 0.721479
	joint_orient	0 0 0 1
	bind_pose_matrix
		0.770086 0.158538 -0.617926 0
		0.580301 0.22826 0.78176 0
		0.264986 -0.960606 0.0837799 0
		21.211 2.83827e-06 2.45197e-05 1
	rotation_order xyz
	inherits_transform 1
	shearing 0 0 0
	rotate_pivot_translate	0 0 0
	scale_pivot_translate	0 0 0
	translate_limit_x -INF +INF
	translate_limit_y -INF +INF
	translate_limit_z -INF +INF
	rotate_limit_x -INF +INF
	rotate_limit_y -INF +INF
	rotate_limit_z -INF +INF
	scale_limit_x -INF +INF
	scale_limit_y -INF +INF
	scale_limit_z -INF +INF
	parent 15
	child_joints 1
		17 
	INSTANCE_LIST
	{
	}
	segment_scale_compensate 1
	EXTRA_ATTRIBUTES
	{
		original_name string "Bip001 L UpperArm"
		wire_colour colour 0.109804 0.109804 0.694118
	}
}
JOINT Bip001_Neck
{
	id 6
	visible	1
	scale_pivot	0 0 0
	rotate_pivot	0 0 0
	min_bound	0 0 0
	max_bound	0 0 0
	scale	1 1 1
	translate	39.8173 -1.99862 -0.000163544
	rotation_orient	0 0 0 1
	rotation	0.00646923 0.0185112 0.342865 0.93918
	joint_orient	0 0 0 1
	bind_pose_matrix
		0.764202 0.644264 -0.0303345 0
		-0.643785 0.764803 0.0248452 0
		0.0392068 0.000542145 0.999231 0
		39.8173 -1.99862 -0.000163544 1
	rotation_order xyz
	inherits_transform 1
	shearing 0 0 0
	rotate_pivot_translate	0 0 0
	scale_pivot_translate	0 0 0
	translate_limit_x -INF +INF
	translate_limit_y -INF +INF
	translate_limit_z -INF +INF
	rotate_limit_x -INF +INF
	rotate_limit_y -INF +INF
	rotate_limit_z -INF +INF
	scale_limit_x -INF +INF
	scale_limit_y -INF +INF
	scale_limit_z -INF +INF
	parent 5
	child_joints 1
		7 
	INSTANCE_LIST
	{
	}
	segment_scale_compensate 1
	EXTRA_ATTRIBUTES
	{
		original_name string "Bip001 Neck"
		wire_colour colour 0.0313726 0.431373 0.52549
	}
}
JOINT Bip001_Pelvis
{
	id 3
	visible	1
	scale_pivot	0 0 0
	rotate_pivot	0 0 0
	min_bound	0 0 0
	max_bound	0 0 0
	scale	1 1 1
	translate	0 0 0
	rotation_orient	0 0 0 1
	rotation	-0.463487 -0.464569 -0.53227 0.534831
	joint_orient	0 0 0 1
	bind_pose_matrix
		0.00172842 -0.138707 0.990332 0
		0.999992 0.00373661 -0.0012219 0
		-0.00353098 0.990326 0.138712 0
		0 0 0 1
	rotation_order xyz
	inherits_transform 1
	shearing 0 0 0
	rotate_pivot_translate	0 0 0
	scale_pivot_translate	0 0 0
	translate_limit_x -INF +INF
	translate_limit_y -INF +INF
	translate_limit_z -INF +INF
	rotate_limit_x -INF +INF
	rotate_limit_y -INF +INF
	rotate_limit_z -INF +INF
	scale_limit_x -INF +INF
	scale_limit_y -INF +INF
	scale_limit_z -INF +INF
	parent 2
	child_joints 4
		4 50 54 58 
	INSTANCE_LIST
	{
	}
	segment_scale_compensate 1
	EXTRA_ATTRIBUTES
	{
		original_name string "Bip001 Pelvis"
		wire_colour colour 0.878431 0.776471 0.341176
	}
}
JOINT Bip001_R_Calf
{
	id 55
	visible	1
	scale_pivot	0 0 0
	rotate_pivot	0 0 0
	min_bound	0 0 0
	max_bound	0 0 0
	scale	1 1 1
	translate	55.4182 -9.25943e-06 -2.27721e-06
	rotation_orient	0 0 0 1
	rotation	-3.27297e-09 1.73474e-08 -0.835425 0.549604
	joint_orient	0 0 0 1
	bind_pose_matrix
		-0.395871 -0.918306 -1.35998e-08 0
		0.918306 -0.395871 -3.25826e-08 0
		2.4537e-08 -2.53872e-08 1 0
		55.4182 -9.25943e-06 -2.27721e-06 1
	rotation_order xyz
	inherits_transform 1
	shearing 0 0 0
	rotate_pivot_translate	0 0 0
	scale_pivot_translate	0 0 0
	translate_limit_x -INF +INF
	translate_limit_y -INF +INF
	translate_limit_z -INF +INF
	rotate_limit_x -INF +INF
	rotate_limit_y -INF +INF
	rotate_limit_z -INF +INF
	scale_limit_x -INF +INF
	scale_limit_y -INF +INF
	scale_limit_z -INF +INF
	parent 54
	child_joints 1
		56 
	INSTANCE_LIST
	{
	}
	segment_scale_compensate 1
	EXTRA_ATTRIBUTES
	{
		original_name string "Bip001 R Calf"
		wire_colour colour 0.0235294 0.52549 0.0235294
	}
}
JOINT Bip001_R_Clavicle
{
	id 32
	visible	1
	scale_pivot	0 0 0
	rotate_pivot	0 0 0
	min_bound	0 0 0
	max_bound	0 0 0
	scale	1 1 1
	translate	30.7038 -0.0572094 -3.87928
	rotation_orient	0 0 0 1
	rotation	-0.700594 0.0725437 0.706262 -0.0714093
	joint_orient	0 0 0 1
	bind_pose_matrix
		-0.00813818 -0.202515 -0.979245 0
		-0.000779815 -0.979276 0.202528 0
		-0.999967 0.00241183 0.00781155 0
		30.7038 -0.0572094 -3.87928 1
	rotation_order xyz
	inherits_transform 1
	shearing 0 0 0
	rotate_pivot_translate	0 0 0
	scale_pivot_translate	0 0 0
	translate_limit_x -INF +INF
	translate_limit_y -INF +INF
	translate_limit_z -INF +INF
	rotate_limit_x -INF +INF
	rotate_limit_y -INF +INF
	rotate_limit_z -INF +INF
	scale_limit_x -INF +INF
	scale_limit_y -INF +INF
	scale_limit_z -INF +INF
	parent 5
	child_joints 2
		33 49 
	INSTANCE_LIST
	{
	}
	segment_scale_compensate 1
	EXTRA_ATTRIBUTES
	{
		original_name string "Bip001 R Clavicle"
		wire_colour colour 0.0235294 0.52549 0.0235294
	}
}
JOINT Bip001_R_Finger0
{
	id 36
	visible	1
	scale_pivot	0 0 0
	rotate_pivot	0 0 0
	min_bound	0 0 0
	max_bound	0 0 0
	scale	1 1 1
	translate	4.25013 1.81946 6.28469
	rotation_orient	0 0 0 1
	rotation	-0.562979 -0.30482 0.0691018 0.765091
	joint_orient	0 0 0 1
	bind_pose_matrix
		0.804619 0.448953 0.388624 0
		0.237476 0.356558 -0.903588 0
		-0.544236 0.819333 0.180278 0
		4.25013 1.81946 6.28469 1
	rotation_order xyz
	inherits_transform 1
	shearing 0 0 0
	rotate_pivot_translate	0 0 0
	scale_pivot_translate	0 0 0
	translate_limit_x -INF +INF
	translate_limit_y -INF +INF
	translate_limit_z -INF +INF
	rotate_limit_x -INF +INF
	rotate_limit_y -INF +INF
	rotate_limit_z -INF +INF
	scale_limit_x -INF +INF
	scale_limit_y -INF +INF
	scale_limit_z -INF +INF
	parent 35
	child_joints 1
		37 
	INSTANCE_LIST
	{
	}
	segment_scale_compensate 1
	EXTRA_ATTRIBUTES
	{
		original_name string "Bip001 R Finger0"
		wire_colour colour 0.878431 0.776471 0.341176
	}
}
JOINT Bip001_R_Finger01
{
	id 37
	visible	1
	scale_pivot	0 0 0
	rotate_pivot	0 0 0
	min_bound	0 0 0
	max_bound	0 0 0
	scale	1 1 1
	translate	7.53772 -4.8399e-05 3.16915e-06
	rotation_orient	0 0 0 1
	rotation	-2.23127e-08 -1.65072e-08 0.290837 0.956773
	joint_orient	0 0 0 1
	bind_pose_matrix
		0.830827 0.55653 1.86085e-08 0
		-0.55653 0.830827 -5.22982e-08 0
		-4.4566e-08 3.30946e-08 1 0
		7.53772 -4.8399e-05 3.16915e-06 1
	rotation_order xyz
	inherits_transform 1
	shearing 0 0 0
	rotate_pivot_translate	0 0 0
	scale_pivot_translate	0 0 0
	translate_limit_x -INF +INF
	translate_limit_y -INF +INF
	translate_limit_z -INF +INF
	rotate_limit_x -INF +INF
	rotate_limit_y -INF +INF
	rotate_limit_z -INF +INF
	scale_limit_x -INF +INF
	scale_limit_y -INF +INF
	scale_limit_z -INF +INF
	parent 36
	child_joints 0
	INSTANCE_LIST
	{
	}
	segment_scale_compensate 1
	EXTRA_ATTRIBUTES
	{
		original_name string "Bip001 R Finger01"
		wire_colour colour 0.878431 0.776471 0.341176
	}
}
JOINT Bip001_R_Finger1
{
	id 38
	visible	1
	scale_pivot	0 0 0
	rotate_pivot	0 0 0
	min_bound	0 0 0
	max_bound	0 0 0
	scale	1 1 1
	translate	10.0508 -1.95599 5.16901
	rotation_orient	0 0 0 1
	rotation	-0.106075 -0.185957 -0.0760796 0.973848
	joint_orient	0 0 0 1
	bind_pose_matrix
		0.919264 -0.108729 0.378328 0
		0.187631 0.96592 -0.178306 0
		-0.346048 0.234896 0.908336 0
		10.0508 -1.95599 5.16901 1
	rotation_order xyz
	inherits_transform 1
	shearing 0 0 0
	rotate_pivot_translate	0 0 0
	scale_pivot_translate	0 0 0
	translate_limit_x -INF +INF
	translate_limit_y -INF +INF
	translate_limit_z -INF +INF
	rotate_limit_x -INF +INF
	rotate_limit_y -INF +INF
	rotate_limit_z -INF +INF
	scale_limit_x -INF +INF
	scale_limit_y -INF +INF
	scale_limit_z -INF +INF
	parent 35
	child_joints 1
		39 
	INSTANCE_LIST
	{
	}
	segment_scale_compensate 1
	EXTRA_ATTRIBUTES
	{
		original_name string "Bip001 R Finger1"
		wire_colour colour 0.443137 0.52549 0.0235294
	}
}
JOINT Bip001_R_Finger11
{
	id 39
	visible	1
	scale_pivot	0 0 0
	rotate_pivot	0 0 0
	min_bound	0 0 0
	max_bound	0 0 0
	scale	1 1 1
	translate	6.62897 -1.56806e-06 3.66517e-06
	rotation_orient	0 0 0 1
	rotation	-8.50944e-09 4.54998e-09 0.476511 0.879168
	joint_orient	0 0 0 1
	bind_pose_matrix
		0.545874 0.837868 -1.61101e-08 0
		-0.837868 0.545874 -1.06262e-08 0
		-1.09289e-10 1.92987e-08 1 0
		6.62897 -1.56806e-06 3.66517e-06 1
	rotation_order xyz
	inherits_transform 1
	shearing 0 0 0
	rotate_pivot_translate	0 0 0
	scale_pivot_translate	0 0 0
	translate_limit_x -INF +INF
	translate_limit_y -INF +INF
	translate_limit_z -INF +INF
	rotate_limit_x -INF +INF
	rotate_limit_y -INF +INF
	rotate_limit_z -INF +INF
	scale_limit_x -INF +INF
	scale_limit_y -INF +INF
	scale_limit_z -INF +INF
	parent 38
	child_joints 0
	INSTANCE_LIST
	{
	}
	segment_scale_compensate 1
	EXTRA_ATTRIBUTES
	{
		original_name string "Bip001 R Finger11"
		wire_colour colour 0.443137 0.52549 0.0235294
	}
}
JOINT Bip001_R_Finger2
{
	id 40
	visible	1
	scale_pivot	0 0 0
	rotate_pivot	0 0 0
	min_bound	0 0 0
	max_bound	0 0 0
	scale	1 1 1
	translate	10.1465 -2.37493 2.47731
	rotation_orient	0 0 0 1
	rotation	-0.0654536 0.000236423 0.00360427 0.997849
	joint_orient	0 0 0 1
	bind_pose_matrix
		0.999974 0.00716209 -0.000943655 0
		-0.00722399 0.991406 -0.130624 0
		3.37604e-09 0.130627 0.991432 0
		10.1465 -2.37493 2.47731 1
	rotation_order xyz
	inherits_transform 1
	shearing 0 0 0
	rotate_pivot_translate	0 0 0
	scale_pivot_translate	0 0 0
	translate_limit_x -INF +INF
	translate_limit_y -INF +INF
	translate_limit_z -INF +INF
	rotate_limit_x -INF +INF
	rotate_limit_y -INF +INF
	rotate_limit_z -INF +INF
	scale_limit_x -INF +INF
	scale_limit_y -INF +INF
	scale_limit_z -INF +INF
	parent 35
	child_joints 1
		41 
	INSTANCE_LIST
	{
	}
	segment_scale_compensate 1
	EXTRA_ATTRIBUTES
	{
		original_name string "Bip001 R Finger2"
		wire_colour colour 0.443137 0.52549 0.0235294
	}
}
JOINT Bip001_R_Finger21
{
	id 41
	visible	1
	scale_pivot	0 0 0
	rotate_pivot	0 0 0
	min_bound	0 0 0
	max_bound	0 0 0
	scale	1 1 1
	translate	7.98668 3.50548e-06 -4.77876e-06
	rotation_orient	0 0 0 1
	rotation	1.96703e-08 -1.62705e-08 0.454843 0.890572
	joint_orient	0 0 0 1
	bind_pose_matrix
		0.586236 0.81014 4.68738e-08 0
		-0.81014 0.586236 2.02345e-08 0
		-1.10863e-08 -4.98366e-08 1 0
		7.98668 3.50548e-06 -4.77876e-06 1
	rotation_order xyz
	inherits_transform 1
	shearing 0 0 0
	rotate_pivot_translate	0 0 0
	scale_pivot_translate	0 0 0
	translate_limit_x -INF +INF
	translate_limit_y -INF +INF
	translate_limit_z -INF +INF
	rotate_limit_x -INF +INF
	rotate_limit_y -INF +INF
	rotate_limit_z -INF +INF
	scale_limit_x -INF +INF
	scale_limit_y -INF +INF
	scale_limit_z -INF +INF
	parent 40
	child_joints 0
	INSTANCE_LIST
	{
	}
	segment_scale_compensate 1
	EXTRA_ATTRIBUTES
	{
		original_name string "Bip001 R Finger21"
		wire_colour colour 0.443137 0.52549 0.0235294
	}
}
JOINT Bip001_R_Finger3
{
	id 42
	visible	1
	scale_pivot	0 0 0
	rotate_pivot	0 0 0
	min_bound	0 0 0
	max_bound	0 0 0
	scale	1 1 1
	translate	11.0554 -2.89655 -0.936551
	rotation_orient	0 0 0 1
	rotation	-0.00789188 0.0338494 0.142926 0.989123
	joint_orient	0 0 0 1
	bind_pose_matrix
		0.956853 0.282208 -0.0692184 0
		-0.283277 0.95902 -0.00593616 0
		0.0647066 0.025288 0.997584 0
		11.0554 -2.89655 -0.936551 1
	rotation_order xyz
	inherits_transform 1
	shearing 0 0 0
	rotate_pivot_translate	0 0 0
	scale_pivot_translate	0 0 0
	translate_limit_x -INF +INF
	translate_limit_y -INF +INF
	translate_limit_z -INF +INF
	rotate_limit_x -INF +INF
	rotate_limit_y -INF +INF
	rotate_limit_z -INF +INF
	scale_limit_x -INF +INF
	scale_limit_y -INF +INF
	scale_limit_z -INF +INF
	parent 35
	child_joints 1
		43 
	INSTANCE_LIST
	{
	}
	segment_scale_compensate 1
	EXTRA_ATTRIBUTES
	{
		original_name string "Bip001 R Finger3"
		wire_colour colour 0.443137 0.52549 0.0235294
	}
}
JOINT Bip001_R_Finger31
{
	id 43
	visible	1
	scale_pivot	0 0 0
	rotate_pivot	0 0 0
	min_bound	0 0 0
	max_bound	0 0 0
	scale	1 1 1
	translate	6.23097 -7.44477e-06 1.81593e-05
	rotation_orient	0 0 0 1
	rotation	1.69896e-08 1.28519e-08 0.262902 0.964823
	joint_orient	0 0 0 1
	bind_pose_matrix
		0.861765 0.507307 -1.58665e-08 0
		-0.507307 0.861765 3.95415e-08 0
		3.37328e-08 -2.60263e-08 1 0
		6.23097 -7.44477e-06 1.81593e-05 1
	rotation_order xyz
	inherits_transform 1
	shearing 0 0 0
	rotate_pivot_translate	0 0 0
	scale_pivot_translate	0 0 0
	translate_limit_x -INF +INF
	translate_limit_y -INF +INF
	translate_limit_z -INF +INF
	rotate_limit_x -INF +INF
	rotate_limit_y -INF +INF
	rotate_limit_z -INF +INF
	scale_limit_x -INF +INF
	scale_limit_y -INF +INF
	scale_limit_z -INF +INF
	parent 42
	child_joints 0
	INSTANCE_LIST
	{
	}
	segment_scale_compensate 1
	EXTRA_ATTRIBUTES
	{
		original_name string "Bip001 R Finger31"
		wire_colour colour 0.443137 0.52549 0.0235294
	}
}
JOINT Bip001_R_Finger4
{
	id 44
	visible	1
	scale_pivot	0 0 0
	rotate_pivot	0 0 0
	min_bound	0 0 0
	max_bound	0 0 0
	scale	1 1 1
	translate	10.2044 -1.47612 -4.11721
	rotation_orient	0 0 0 1
	rotation	-0.0048143 0.0434758 0.0966637 0.994355
	joint_orient	0 0 0 1
	bind_pose_matrix
		0.977532 0.191818 -0.0873914 0
		-0.192655 0.981266 -0.00116919 0
		0.08553 0.0179793 0.996173 0
		10.2044 -1.47612 -4.11721 1
	rotation_order xyz
	inherits_transform 1
	shearing 0 0 0
	rotate_pivot_translate	0 0 0
	scale_pivot_translate	0 0 0
	translate_limit_x -INF +INF
	translate_limit_y -INF +INF
	translate_limit_z -INF +INF
	rotate_limit_x -INF +INF
	rotate_limit_y -INF +INF
	rotate_limit_z -INF +INF
	scale_limit_x -INF +INF
	scale_limit_y -INF +INF
	scale_limit_z -INF +INF
	parent 35
	child_joints 1
		45 
	INSTANCE_LIST
	{
	}
	segment_scale_compensate 1
	EXTRA_ATTRIBUTES
	{
		original_name string "Bip001 R Finger4"
		wire_colour colour 0.443137 0.52549 0.0235294
	}
}
JOINT Bip001_R_Finger41
{
	id 45
	visible	1
	scale_pivot	0 0 0
	rotate_pivot	0 0 0
	min_bound	0 0 0
	max_bound	0 0 0
	scale	1 1 1
	translate	4.89961 -1.616e-05 2.75758e-05
	rotation_orient	0 0 0 1
	rotation	-2.71173e-08 1.7313e-08 0.341862 0.93975
	joint_orient	0 0 0 1
	bind_pose_matrix
		0.766261 0.642529 -5.10805e-08 0
		-0.642529 0.766261 -3.91297e-08 0
		1.39991e-08 6.28043e-08 1 0
		4.89961 -1.616e-05 2.75758e-05 1
	rotation_order xyz
	inherits_transform 1
	shearing 0 0 0
	rotate_pivot_translate	0 0 0
	scale_pivot_translate	0 0 0
	translate_limit_x -INF +INF
	translate_limit_y -INF +INF
	translate_limit_z -INF +INF
	rotate_limit_x -INF +INF
	rotate_limit_y -INF +INF
	rotate_limit_z -INF +INF
	scale_limit_x -INF +INF
	scale_limit_y -INF +INF
	scale_limit_z -INF +INF
	parent 44
	child_joints 0
	INSTANCE_LIST
	{
	}
	segment_scale_compensate 1
	EXTRA_ATTRIBUTES
	{
		original_name string "Bip001 R Finger41"
		wire_colour colour 0.443137 0.52549 0.0235294
	}
}
JOINT Bip001_R_Foot
{
	id 56
	visible	1
	scale_pivot	0 0 0
	rotate_pivot	0 0 0
	min_bound	0 0 0
	max_bound	0 0 0
	scale	1 1 1
	translate	55.4182 -2.42462e-05 1.73851e-06
	rotation_orient	0 0 0 1
	rotation	0.0163424 0.0506846 -0.104419 0.993107
	joint_orient	0 0 0 1
	bind_pose_matrix
		0.973055 -0.205742 -0.104083 0
		0.209055 0.977659 0.0218746 0
		0.0972575 -0.0430444 0.994328 0
		55.4182 -2.42462e-05 1.73851e-06 1
	rotation_order xyz
	inherits_transform 1
	shearing 0 0 0
	rotate_pivot_translate	0 0 0
	scale_pivot_translate	0 0 0
	translate_limit_x -INF +INF
	translate_limit_y -INF +INF
	translate_limit_z -INF +INF
	rotate_limit_x -INF +INF
	rotate_limit_y -INF +INF
	rotate_limit_z -INF +INF
	scale_limit_x -INF +INF
	scale_limit_y -INF +INF
	scale_limit_z -INF +INF
	parent 55
	child_joints 1
		57 
	INSTANCE_LIST
	{
	}
	segment_scale_compensate 1
	EXTRA_ATTRIBUTES
	{
		original_name string "Bip001 R Foot"
		wire_colour colour 0.0235294 0.52549 0.0235294
	}
}
JOINT Bip001_R_ForeTwist
{
	id 61
	visible	0
	scale_pivot	0 0 0
	rotate_pivot	0 0 0
	min_bound	0 0 0
	max_bound	0 0 0
	scale	1 1 1
	translate	0 0 0
	rotation_orient	0 0 0 1
	rotation	-0.0074656 2.7962e-17 -2.75476e-17 0.999972
	joint_orient	0 0 0 1
	bind_pose_matrix
		1 -5.55112e-17 -5.55111e-17 0
		5.46761e-17 0.999889 -0.0149308 0
		5.63338e-17 0.0149308 0.999889 0
		0 0 0 1
	rotation_order xyz
	inherits_transform 1
	shearing 0 0 0
	rotate_pivot_translate	0 0 0
	scale_pivot_translate	0 0 0
	translate_limit_x -INF +INF
	translate_limit_y -INF +INF
	translate_limit_z -INF +INF
	rotate_limit_x -INF +INF
	rotate_limit_y -INF +INF
	rotate_limit_z -INF +INF
	scale_limit_x -INF +INF
	scale_limit_y -INF +INF
	scale_limit_z -INF +INF
	parent 34
	child_joints 0
	INSTANCE_LIST
	{
	}
	segment_scale_compensate 1
	EXTRA_ATTRIBUTES
	{
		original_name string "Bip001 R ForeTwist"
		wire_colour colour 0.313726 0.313726 0.313726
	}
}
JOINT Bip001_R_Forearm
{
	id 34
	visible	1
	scale_pivot	0 0 0
	rotate_pivot	0 0 0
	min_bound	0 0 0
	max_bound	0 0 0
	scale	1 1 1
	translate	37.1166 -1.60172e-05 5.05389e-06
	rotation_orient	0 0 0 1
	rotation	-4.22334e-08 1.20741e-08 -0.774082 0.633085
	joint_orient	0 0 0 1
	bind_pose_matrix
		-0.198406 -0.98012 5.00965e-08 0
		0.98012 -0.198406 -7.21674e-08 0
		8.06721e-08 3.47821e-08 1 0
		37.1166 -1.60172e-05 5.05389e-06 1
	rotation_order xyz
	inherits_transform 1
	shearing 0 0 0
	rotate_pivot_translate	0 0 0
	scale_pivot_translate	0 0 0
	translate_limit_x -INF +INF
	translate_limit_y -INF +INF
	translate_limit_z -INF +INF
	rotate_limit_x -INF +INF
	rotate_limit_y -INF +INF
	rotate_limit_z -INF +INF
	scale_limit_x -INF +INF
	scale_limit_y -INF +INF
	scale_limit_z -INF +INF
	parent 33
	child_joints 2
		35 61 
	INSTANCE_LIST
	{
	}
	segment_scale_compensate 1
	EXTRA_ATTRIBUTES
	{
		original_name string "Bip001 R Forearm"
		wire_colour colour 0.0235294 0.52549 0.0235294
	}
}
JOINT Bip001_R_Hand
{
	id 35
	visible	1
	scale_pivot	0 0 0
	rotate_pivot	0 0 0
	min_bound	0 0 0
	max_bound	0 0 0
	scale	1 1 1
	translate	30.2261 -3.47843e-05 -9.35791e-06
	rotation_orient	0 0 0 1
	rotation	0.68328 0.135348 -0.0490843 0.715821
	joint_orient	0 0 0 1
	bind_pose_matrix
		0.958543 0.11469 -0.260846 0
		0.255232 0.0614372 0.964926 0
		0.126693 -0.9915 0.0296177 0
		30.2261 -3.47843e-05 -9.35791e-06 1
	rotation_order xyz
	inherits_transform 1
	shearing 0 0 0
	rotate_pivot_translate	0 0 0
	scale_pivot_translate	0 0 0
	translate_limit_x -INF +INF
	translate_limit_y -INF +INF
	translate_limit_z -INF +INF
	rotate_limit_x -INF +INF
	rotate_limit_y -INF +INF
	rotate_limit_z -INF +INF
	scale_limit_x -INF +INF
	scale_limit_y -INF +INF
	scale_limit_z -INF +INF
	parent 34
	child_joints 6
		36 38 40 42 44 46 
	INSTANCE_LIST
	{
	}
	segment_scale_compensate 1
	EXTRA_ATTRIBUTES
	{
		original_name string "Bip001 R Hand"
		wire_colour colour 0.0235294 0.52549 0.0235294
	}
}
JOINT Bip001_R_Thigh
{
	id 54
	visible	1
	scale_pivot	0 0 0
	rotate_pivot	0 0 0
	min_bound	0 0 0
	max_bound	0 0 0
	scale	1 1 1
	translate	3.16308e-05 2.37992e-05 -13.1784
	rotation_orient	0 0 0 1
	rotation	0.201469 0.967458 -0.147785 -0.0399321
	joint_orient	0 0 0 1
	bind_pose_matrix
		-0.915631 0.401629 0.0177171 0
		0.378024 0.87514 -0.302041 0
		-0.136813 -0.269861 -0.95313 0
		3.16308e-05 2.37992e-05 -13.1784 1
	rotation_order xyz
	inherits_transform 1
	shearing 0 0 0
	rotate_pivot_translate	0 0 0
	scale_pivot_translate	0 0 0
	translate_limit_x -INF +INF
	translate_limit_y -INF +INF
	translate_limit_z -INF +INF
	rotate_limit_x -INF +INF
	rotate_limit_y -INF +INF
	rotate_limit_z -INF +INF
	scale_limit_x -INF +INF
	scale_limit_y -INF +INF
	scale_limit_z -INF +INF
	parent 3
	child_joints 1
		55 
	INSTANCE_LIST
	{
	}
	segment_scale_compensate 1
	EXTRA_ATTRIBUTES
	{
		original_name string "Bip001 R Thigh"
		wire_colour colour 0.0235294 0.52549 0.0235294
	}
}
JOINT Bip001_R_Toe0
{
	id 57
	visible	1
	scale_pivot	0 0 0
	rotate_pivot	0 0 0
	min_bound	0 0 0
	max_bound	0 0 0
	scale	1 1 1
	translate	12.7462 16.4038 1.722e-06
	rotation_orient	0 0 0 1
	rotation	-3.38019e-08 4.29186e-07 0.707107 0.707107
	joint_orient	0 0 0 1
	bind_pose_matrix
		-3.57628e-07 1 -6.54764e-07 0
		-1 -3.57628e-07 5.59158e-07 0
		5.59158e-07 6.54765e-07 1 0
		12.7462 16.4038 1.722e-06 1
	rotation_order xyz
	inherits_transform 1
	shearing 0 0 0
	rotate_pivot_translate	0 0 0
	scale_pivot_translate	0 0 0
	translate_limit_x -INF +INF
	translate_limit_y -INF +INF
	translate_limit_z -INF +INF
	rotate_limit_x -INF +INF
	rotate_limit_y -INF +INF
	rotate_limit_z -INF +INF
	scale_limit_x -INF +INF
	scale_limit_y -INF +INF
	scale_limit_z -INF +INF
	parent 56
	child_joints 0
	INSTANCE_LIST
	{
	}
	segment_scale_compensate 1
	EXTRA_ATTRIBUTES
	{
		original_name string "Bip001 R Toe0"
		wire_colour colour 0.443137 0.52549 0.0235294
	}
}
JOINT Bip001_R_UpperArm
{
	id 33
	visible	1
	scale_pivot	0 0 0
	rotate_pivot	0 0 0
	min_bound	0 0 0
	max_bound	0 0 0
	scale	1 1 1
	translate	21.211 -4.17937e-06 2.83683e-05
	rotation_orient	0 0 0 1
	rotation	-0.413172 -0.389809 -0.0849744 0.818607
	joint_orient	0 0 0 1
