|XMD_005A#0MAX#0005.0.4|
JOINT Bip001
{
	id 46
	visible	1
	scale_pivot	0 0 0
	rotate_pivot	0 0 0
	min_bound	0 0 0
	max_bound	0 0 0
	scale	1 1 1
	translate	-3.74887 110.27 7.6566
	rotation_orient	0 0 0 1
	rotation	-0.0453383 -0.270082 0.0703596 0.959192
	joint_orient	0 0 0 1
	bind_pose_matrix
		0.844211 0.159467 0.511741 0
		-0.110487 0.985988 -0.124982 0
		-0.524501 0.0489705 0.850001 0
		-3.74887 110.27 7.6566 1
	rotation_order xyz
	inherits_transform 1
	shearing 0 0 0
	rotate_pivot_translate	0 0 0
	scale_pivot_translate	0 0 0
	translate_limit_x -INF +INF
	translate_limit_y -INF +INF
	translate_limit_z -INF +INF
	rotate_limit_x -INF +INF
	rotate_limit_y -INF +INF
	rotate_limit_z -INF +INF
	scale_limit_x -INF +INF
	scale_limit_y -INF +INF
	scale_limit_z -INF +INF
	parent 0
	child_joints 1
		1 
	INSTANCE_LIST
	{
	}
	segment_scale_compensate 1
	EXTRA_ATTRIBUTES
	{
		wire_colour colour 0.65098 0.792157 0.941176
	}
}
JOINT Bip001_Head
{
	id 5
	visible	1
	scale_pivot	0 0 0
	rotate_pivot	0 0 0
	min_bound	0 0 0
	max_bound	0 0 0
	scale	1 1 1
	translate	8.31272 -1.95076e-07 -4.96663e-06
	rotation_orient	0 0 0 1
	rotation	-0.527233 -0.221337 -0.192412 0.797504
	joint_orient	0 0 0 1
	bind_pose_matrix
		0.827975 -0.0735076 0.555926 0
		0.540291 0.370006 -0.755765 0
		-0.150141 0.926117 0.346071 0
		8.31272 -1.95076e-07 -4.96663e-06 1
	rotation_order xyz
	inherits_transform 1
	shearing 0 0 0
	rotate_pivot_translate	0 0 0
	scale_pivot_translate	0 0 0
	translate_limit_x -INF +INF
	translate_limit_y -INF +INF
	translate_limit_z -INF +INF
	rotate_limit_x -INF +INF
	rotate_limit_y -INF +INF
	rotate_limit_z -INF +INF
	scale_limit_x -INF +INF
	scale_limit_y -INF +INF
	scale_limit_z -INF +INF
	parent 4
	child_joints 0
	INSTANCE_LIST
	{
	}
	segment_scale_compensate 1
	EXTRA_ATTRIBUTES
	{
		original_name string "Bip001 Head"
		wire_colour colour 0.65098 0.792157 0.941176
	}
}
JOINT Bip001_L_Calf
{
	id 20
	visible	1
	scale_pivot	0 0 0
	rotate_pivot	0 0 0
	min_bound	0 0 0
	max_bound	0 0 0
	scale	1 1 1
	translate	55.4182 -1.6102e-06 1.79921e-06
	rotation_orient	0 0 0 1
	rotation	1.7892e-08 -0.266306 -1.22694e-08 0.963888
	joint_orient	0 0 0 1
	bind_pose_matrix
		0.858162 -3.31822e-08 0.513379 0
		1.41232e-08 1 4.10266e-08 0
		-0.513379 -2.79569e-08 0.858162 0
		55.4182 -1.6102e-06 1.79921e-06 1
	rotation_order xyz
	inherits_transform 1
	shearing 0 0 0
	rotate_pivot_translate	0 0 0
	scale_pivot_translate	0 0 0
	translate_limit_x -INF +INF
	translate_limit_y -INF +INF
	translate_limit_z -INF +INF
	rotate_limit_x -INF +INF
	rotate_limit_y -INF +INF
	rotate_limit_z -INF +INF
	scale_limit_x -INF +INF
	scale_limit_y -INF +INF
	scale_limit_z -INF +INF
	parent 19
	child_joints 1
		21 
	INSTANCE_LIST
	{
	}
	segment_scale_compensate 1
	EXTRA_ATTRIBUTES
	{
		original_name string "Bip001 L Calf"
		wire_colour colour 0.109804 0.109804 0.694118
	}
}
JOINT Bip001_L_Clavicle
{
	id 6
	visible	1
	scale_pivot	0 0 0
	rotate_pivot	0 0 0
	min_bound	0 0 0
	max_bound	0 0 0
	scale	1 1 1
	translate	30.7037 3.87927 0.0572286
	rotation_orient	0 0 0 1
	rotation	0.774369 0.632576 0.0092648 -0.0107123
	joint_orient	0 0 0 1
	bind_pose_matrix
		0.199523 0.979496 0.0279015 0
		0.979893 -0.199465 -0.00486922 0
		0.000795996 0.028312 -0.999599 0
		30.7037 3.87927 0.0572286 1
	rotation_order xyz
	inherits_transform 1
	shearing 0 0 0
	rotate_pivot_translate	0 0 0
	scale_pivot_translate	0 0 0
	translate_limit_x -INF +INF
	translate_limit_y -INF +INF
	translate_limit_z -INF +INF
	rotate_limit_x -INF +INF
	rotate_limit_y -INF +INF
	rotate_limit_z -INF +INF
	scale_limit_x -INF +INF
	scale_limit_y -INF +INF
	scale_limit_z -INF +INF
	parent 3
	child_joints 2
		7 12 
	INSTANCE_LIST
	{
	}
	segment_scale_compensate 1
	EXTRA_ATTRIBUTES
	{
		original_name string "Bip001 L Clavicle"
		wire_colour colour 0.109804 0.109804 0.694118
	}
}
JOINT Bip001_L_Foot
{
	id 21
	visible	1
	scale_pivot	0 0 0
	rotate_pivot	0 0 0
	min_bound	0 0 0
	max_bound	0 0 0
	scale	1 1 1
	translate	55.4182 -4.20708e-06 7.50071e-07
	rotation_orient	0 0 0 1
	rotation	-0.000951322 0.100166 0.227625 0.968583
	joint_orient	0 0 0 1
	bind_pose_matrix
		0.876307 0.440757 -0.194471 0
		-0.441138 0.896372 0.0437577 0
		0.193605 0.0474434 0.979932 0
		55.4182 -4.20708e-06 7.50071e-07 1
	rotation_order xyz
	inherits_transform 1
	shearing 0 0 0
	rotate_pivot_translate	0 0 0
	scale_pivot_translate	0 0 0
	translate_limit_x -INF +INF
	translate_limit_y -INF +INF
	translate_limit_z -INF +INF
	rotate_limit_x -INF +INF
	rotate_limit_y -INF +INF
	rotate_limit_z -INF +INF
	scale_limit_x -INF +INF
	scale_limit_y -INF +INF
	scale_limit_z -INF +INF
	parent 20
	child_joints 0
	INSTANCE_LIST
	{
	}
	segment_scale_compensate 1
	EXTRA_ATTRIBUTES
	{
		original_name string "Bip001 L Foot"
		wire_colour colour 0.109804 0.109804 0.694118
	}
}
JOINT Bip001_L_ForeTwist
{
	id 26
	visible	0
	scale_pivot	0 0 0
	rotate_pivot	0 0 0
	min_bound	0 0 0
	max_bound	0 0 0
	scale	1 1 1
	translate	0 0 -0
	rotation_orient	0 0 0 1
	rotation	-0.0620567 -2.94247e-17 2.59799e-17 0.998073
	joint_orient	0 0 0 1
	bind_pose_matrix
		1 5.55116e-17 5.55115e-17 0
		-4.82076e-17 0.992298 -0.123874 0
		-6.19604e-17 0.123874 0.992298 0
		0 0 -0 1
	rotation_order xyz
	inherits_transform 1
	shearing 0 0 0
	rotate_pivot_translate	0 0 0
	scale_pivot_translate	0 0 0
	translate_limit_x -INF +INF
	translate_limit_y -INF +INF
	translate_limit_z -INF +INF
	rotate_limit_x -INF +INF
	rotate_limit_y -INF +INF
	rotate_limit_z -INF +INF
	scale_limit_x -INF +INF
	scale_limit_y -INF +INF
	scale_limit_z -INF +INF
	parent 8
	child_joints 0
	INSTANCE_LIST
	{
	}
	segment_scale_compensate 1
	EXTRA_ATTRIBUTES
	{
		original_name string "Bip001 L ForeTwist"
		wire_colour colour 0.313726 0.313726 0.313726
	}
}
JOINT Bip001_L_Forearm
{
	id 8
	visible	1
	scale_pivot	0 0 0
	rotate_pivot	0 0 0
	min_bound	0 0 0
	max_bound	0 0 0
	scale	1 1 1
	translate	37.1165 -1.38656e-06 -3.73331e-06
	rotation_orient	0 0 0 1
	rotation	1.40806e-09 0.866904 -4.65407e-08 -0.498475
	joint_orient	0 0 0 1
	bind_pose_matrix
		-0.503044 4.88401e-08 0.864261 0
		-4.39575e-08 1 -8.20963e-08 0
		-0.864261 -7.92888e-08 -0.503044 0
		37.1165 -1.38656e-06 -3.73331e-06 1
	rotation_order xyz
	inherits_transform 1
	shearing 0 0 0
	rotate_pivot_translate	0 0 0
	scale_pivot_translate	0 0 0
	translate_limit_x -INF +INF
	translate_limit_y -INF +INF
	translate_limit_z -INF +INF
	rotate_limit_x -INF +INF
	rotate_limit_y -INF +INF
	rotate_limit_z -INF +INF
	scale_limit_x -INF +INF
	scale_limit_y -INF +INF
	scale_limit_z -INF +INF
	parent 7
	child_joints 2
		9 26 
	INSTANCE_LIST
	{
	}
	segment_scale_compensate 1
	EXTRA_ATTRIBUTES
	{
		original_name string "Bip001 L Forearm"
		wire_colour colour 0.109804 0.109804 0.694118
	}
}
JOINT Bip001_L_Hand
{
	id 9
	visible	1
	scale_pivot	0 0 0
	rotate_pivot	0 0 0
	min_bound	0 0 0
	max_bound	0 0 0
	scale	1 1 1
	translate	30.2262 3.81685e-06 7.25618e-07
	rotation_orient	0 0 0 1
	rotation	-0.781173 -0.136385 0.110869 0.599063
	joint_orient	0 0 0 1
	bind_pose_matrix
		0.938214 0.345915 -0.00980879 0
		0.080246 -0.245046 -0.966185 0
		-0.336622 0.905702 -0.257664 0
		30.2262 3.81685e-06 7.25618e-07 1
	rotation_order xyz
	inherits_transform 1
	shearing 0 0 0
	rotate_pivot_translate	0 0 0
	scale_pivot_translate	0 0 0
	translate_limit_x -INF +INF
	translate_limit_y -INF +INF
	translate_limit_z -INF +INF
	rotate_limit_x -INF +INF
	rotate_limit_y -INF +INF
	rotate_limit_z -INF +INF
	scale_limit_x -INF +INF
	scale_limit_y -INF +INF
	scale_limit_z -INF +INF
	parent 8
	child_joints 1
		10 
	INSTANCE_LIST
	{
	}
	segment_scale_compensate 1
	EXTRA_ATTRIBUTES
	{
		original_name string "Bip001 L Hand"
		wire_colour colour 0.109804 0.109804 0.694118
	}
}
JOINT Bip001_L_Thigh
{
	id 19
	visible	1
	scale_pivot	0 0 0
	rotate_pivot	0 0 0
	min_bound	0 0 0
	max_bound	0 0 0
	scale	1 1 1
	translate	-2.11874e-05 13.1784 -2.08511e-05
	rotation_orient	0 0 0 1
	rotation	0.0193791 0.203148 -0.932677 -0.297437
	joint_orient	0 0 0 1
	bind_pose_matrix
		-0.822311 0.562699 0.0846986 0
		-0.546952 -0.740524 -0.390471 0
		-0.156996 -0.367415 0.916711 0
		-2.11874e-05 13.1784 -2.08511e-05 1
	rotation_order xyz
	inherits_transform 1
	shearing 0 0 0
	rotate_pivot_translate	0 0 0
	scale_pivot_translate	0 0 0
	translate_limit_x -INF +INF
	translate_limit_y -INF +INF
	translate_limit_z -INF +INF
	rotate_limit_x -INF +INF
	rotate_limit_y -INF +INF
	rotate_limit_z -INF +INF
	scale_limit_x -INF +INF
	scale_limit_y -INF +INF
	scale_limit_z -INF +INF
	parent 1
	child_joints 1
		20 
	INSTANCE_LIST
	{
	}
	segment_scale_compensate 1
	EXTRA_ATTRIBUTES
	{
		original_name string "Bip001 L Thigh"
		wire_colour colour 0.109804 0.109804 0.694118
	}
}
JOINT Bip001_L_UpperArm
{
	id 7
	visible	1
	scale_pivot	0 0 0
	rotate_pivot	0 0 0
	min_bound	0 0 0
	max_bound	0 0 0
	scale	1 1 1
	translate	21.211 8.24071e-06 -3.70818e-07
	rotation_orient	0 0 0 1
	rotation	-0.467092 0.14751 -0.415449 0.766465
	joint_orient	0 0 0 1
	bind_pose_matrix
		0.611285 -0.774656 0.161983 0
		0.499053 0.218454 -0.838585 0
		0.614228 0.593453 0.520132 0
		21.211 8.24071e-06 -3.70818e-07 1
	rotation_order xyz
	inherits_transform 1
	shearing 0 0 0
	rotate_pivot_translate	0 0 0
	scale_pivot_translate	0 0 0
	translate_limit_x -INF +INF
	translate_limit_y -INF +INF
	translate_limit_z -INF +INF
	rotate_limit_x -INF +INF
	rotate_limit_y -INF +INF
	rotate_limit_z -INF +INF
	scale_limit_x -INF +INF
	scale_limit_y -INF +INF
	scale_limit_z -INF +INF
	parent 6
	child_joints 1
		8 
	INSTANCE_LIST
	{
	}
	segment_scale_compensate 1
	EXTRA_ATTRIBUTES
	{
		original_name string "Bip001 L UpperArm"
		wire_colour colour 0.109804 0.109804 0.694118
	}
}
JOINT Bip001_Neck
{
	id 4
	visible	1
	scale_pivot	0 0 0
	rotate_pivot	0 0 0
	min_bound	0 0 0
	max_bound	0 0 0
	scale	1 1 1
	translate	39.8174 -0.000163624 1.99863
	rotation_orient	0 0 0 1
	rotation	0.00646925 0.342865 -0.0185112 0.93918
	joint_orient	0 0 0 1
	bind_pose_matrix
		0.764202 -0.0303345 -0.644264 0
		0.0392068 0.999231 -0.000542106 0
		0.643785 -0.0248452 0.764803 0
		39.8174 -0.000163624 1.99863 1
	rotation_order xyz
	inherits_transform 1
	shearing 0 0 0
	rotate_pivot_translate	0 0 0
	scale_pivot_translate	0 0 0
	translate_limit_x -INF +INF
	translate_limit_y -INF +INF
	translate_limit_z -INF +INF
	rotate_limit_x -INF +INF
	rotate_limit_y -INF +INF
	rotate_limit_z -INF +INF
	scale_limit_x -INF +INF
	scale_limit_y -INF +INF
	scale_limit_z -INF +INF
	parent 3
	child_joints 1
		5 
	INSTANCE_LIST
	{
	}
	segment_scale_compensate 1
	EXTRA_ATTRIBUTES
	{
		original_name string "Bip001 Neck"
		wire_colour colour 0.0313726 0.431373 0.52549
	}
}
JOINT Bip001_Pelvis
{
	id 1
	visible	1
	scale_pivot	0 0 0
	rotate_pivot	0 0 0
	min_bound	0 0 0
	max_bound	0 0 0
	scale	1 1 1
	translate	0 0 -0
	rotation_orient	0 0 0 1
	rotation	-0.499999 -0.5 0.5 0.500001
	joint_orient	0 0 0 1
	bind_pose_matrix
		-2.38419e-07 1 1.3411e-06 0
		-1.3411e-06 1.13249e-06 -1 0
		-1 -5.96046e-08 1.13249e-06 0
		0 0 -0 1
	rotation_order xyz
	inherits_transform 1
	shearing 0 0 0
	rotate_pivot_translate	0 0 0
	scale_pivot_translate	0 0 0
	translate_limit_x -INF +INF
	translate_limit_y -INF +INF
	translate_limit_z -INF +INF
	rotate_limit_x -INF +INF
	rotate_limit_y -INF +INF
	rotate_limit_z -INF +INF
	scale_limit_x -INF +INF
	scale_limit_y -INF +INF
	scale_limit_z -INF +INF
	parent 46
	child_joints 3
		2 19 22 
	INSTANCE_LIST
	{
	}
	segment_scale_compensate 1
	EXTRA_ATTRIBUTES
	{
		original_name string "Bip001 Pelvis"
		wire_colour colour 0.878431 0.776471 0.341176
	}
}
JOINT Bip001_R_Calf
{
	id 23
	visible	1
	scale_pivot	0 0 0
	rotate_pivot	0 0 0
	min_bound	0 0 0
	max_bound	0 0 0
	scale	1 1 1
	translate	55.4182 -3.06798e-07 3.61386e-07
	rotation_orient	0 0 0 1
	rotation	1.83334e-08 -0.327067 -2.04286e-08 0.945001
	joint_orient	0 0 0 1
	bind_pose_matrix
		0.786054 -5.06026e-08 0.618158 0
		2.66175e-08 1 4.80133e-08 0
		-0.618158 -2.12872e-08 0.786054 0
		55.4182 -3.06798e-07 3.61386e-07 1
	rotation_order xyz
	inherits_transform 1
	shearing 0 0 0
	rotate_pivot_translate	0 0 0
	scale_pivot_translate	0 0 0
	translate_limit_x -INF +INF
	translate_limit_y -INF +INF
	translate_limit_z -INF +INF
	rotate_limit_x -INF +INF
	rotate_limit_y -INF +INF
	rotate_limit_z -INF +INF
	scale_limit_x -INF +INF
	scale_limit_y -INF +INF
	scale_limit_z -INF +INF
	parent 22
	child_joints 1
		24 
	INSTANCE_LIST
	{
	}
	segment_scale_compensate 1
	EXTRA_ATTRIBUTES
	{
		original_name string "Bip001 R Calf"
		wire_colour colour 0.0235294 0.52549 0.0235294
	}
}
JOINT Bip001_R_Clavicle
{
	id 13
	visible	1
	scale_pivot	0 0 0
	rotate_pivot	0 0 0
	min_bound	0 0 0
	max_bound	0 0 0
	scale	1 1 1
	translate	30.7037 -3.87928 0.0572066
	rotation_orient	0 0 0 1
	rotation	-0.617341 0.771729 -0.119499 -0.0951005
	joint_orient	0 0 0 1
	bind_pose_matrix
		-0.219692 -0.930112 0.294327 0
		-0.975569 0.20922 -0.0670224 0
		0.000759274 -0.30186 -0.953352 0
		30.7037 -3.87928 0.0572066 1
	rotation_order xyz
	inherits_transform 1
	shearing 0 0 0
	rotate_pivot_translate	0 0 0
	scale_pivot_translate	0 0 0
	translate_limit_x -INF +INF
	translate_limit_y -INF +INF
	translate_limit_z -INF +INF
	rotate_limit_x -INF +INF
	rotate_limit_y -INF +INF
	rotate_limit_z -INF +INF
	scale_limit_x -INF +INF
	scale_limit_y -INF +INF
	scale_limit_z -INF +INF
	parent 3
	child_joints 2
		14 18 
	INSTANCE_LIST
	{
	}
	segment_scale_compensate 1
	EXTRA_ATTRIBUTES
	{
		original_name string "Bip001 R Clavicle"
		wire_colour colour 0.0235294 0.52549 0.0235294
	}
}
JOINT Bip001_R_Foot
{
	id 24
	visible	1
	scale_pivot	0 0 0
	rotate_pivot	0 0 0
	min_bound	0 0 0
	max_bound	0 0 0
	scale	1 1 1
	translate	55.4182 3.96598e-06 1.57865e-06
	rotation_orient	0 0 0 1
	rotation	0.00814026 0.181861 -0.194501 0.963862
	joint_orient	0 0 0 1
	bind_pose_matrix
		0.858192 -0.371983 -0.353743 0
		0.377904 0.924206 -0.0550518 0
		0.34741 -0.0864362 0.933721 0
		55.4182 3.96598e-06 1.57865e-06 1
	rotation_order xyz
	inherits_transform 1
	shearing 0 0 0
	rotate_pivot_translate	0 0 0
	scale_pivot_translate	0 0 0
	translate_limit_x -INF +INF
	translate_limit_y -INF +INF
	translate_limit_z -INF +INF
	rotate_limit_x -INF +INF
	rotate_limit_y -INF +INF
	rotate_limit_z -INF +INF
	scale_limit_x -INF +INF
	scale_limit_y -INF +INF
	scale_limit_z -INF +INF
	parent 23
	child_joints 0
	INSTANCE_LIST
	{
	}
	segment_scale_compensate 1
	EXTRA_ATTRIBUTES
	{
		original_name string "Bip001 R Foot"
		wire_colour colour 0.0235294 0.52549 0.0235294
	}
}
JOINT Bip001_R_ForeTwist
{
	id 27
	visible	0
	scale_pivot	0 0 0
	rotate_pivot	0 0 0
	min_bound	0 0 0
	max_bound	0 0 0
	scale	1 1 1
	translate	0 0 -0
	rotation_orient	0 0 0 1
	rotation	0.116676 -3.23841e-18 -2.75659e-17 0.99317
	joint_orient	0 0 0 1
	bind_pose_matrix
		1 -5.5511e-17 1.40621e-23 0
		5.39997e-17 0.972773 0.231758 0
		-1.28652e-17 -0.231758 0.972773 0
		0 0 -0 1
	rotation_order xyz
	inherits_transform 1
	shearing 0 0 0
	rotate_pivot_translate	0 0 0
	scale_pivot_translate	0 0 0
	translate_limit_x -INF +INF
	translate_limit_y -INF +INF
	translate_limit_z -INF +INF
	rotate_limit_x -INF +INF
	rotate_limit_y -INF +INF
	rotate_limit_z -INF +INF
	scale_limit_x -INF +INF
	scale_limit_y -INF +INF
	scale_limit_z -INF +INF
	parent 15
	child_joints 0
	INSTANCE_LIST
	{
	}
	segment_scale_compensate 1
	EXTRA_ATTRIBUTES
	{
		original_name string "Bip001 R ForeTwist"
		wire_colour colour 0.313726 0.313726 0.313726
	}
}
JOINT Bip001_R_Forearm
{
	id 15
	visible	1
	scale_pivot	0 0 0
	rotate_pivot	0 0 0
	min_bound	0 0 0
	max_bound	0 0 0
	scale	1 1 1
	translate	37.1165 -7.93218e-07 1.2599e-06
	rotation_orient	0 0 0 1
	rotation	1.68073e-08 -0.243636 -5.6327e-09 0.969867
	joint_orient	0 0 0 1
	bind_pose_matrix
		0.881283 -1.91157e-08 0.47259 0
		2.73621e-09 1 3.53463e-08 0
		-0.47259 -2.9857e-08 0.881283 0
		37.1165 -7.93218e-07 1.2599e-06 1
	rotation_order xyz
	inherits_transform 1
	shearing 0 0 0
	rotate_pivot_translate	0 0 0
	scale_pivot_translate	0 0 0
	translate_limit_x -INF +INF
	translate_limit_y -INF +INF
	translate_limit_z -INF +INF
	rotate_limit_x -INF +INF
	rotate_limit_y -INF +INF
	rotate_limit_z -INF +INF
	scale_limit_x -INF +INF
	scale_limit_y -INF +INF
	scale_limit_z -INF +INF
	parent 14
	child_joints 2
		16 27 
	INSTANCE_LIST
	{
	}
	segment_scale_compensate 1
	EXTRA_ATTRIBUTES
	{
		original_name string "Bip001 R Forearm"
		wire_colour colour 0.0235294 0.52549 0.0235294
	}
}
JOINT Bip001_R_Hand
{
	id 16
	visible	1
	scale_pivot	0 0 0
	rotate_pivot	0 0 0
	min_bound	0 0 0
	max_bound	0 0 0
	scale	1 1 1
	translate	30.2262 -1.65239e-06 1.21345e-06
	rotation_orient	0 0 0 1
	rotation	0.747443 0.257845 -0.314292 0.525419
	joint_orient	0 0 0 1
	bind_pose_matrix
		0.669473 0.05518 -0.740784 0
		0.715719 -0.314901 0.623364 0
		-0.198877 -0.947519 -0.250311 0
		30.2262 -1.65239e-06 1.21345e-06 1
	rotation_order xyz
	inherits_transform 1
	shearing 0 0 0
	rotate_pivot_translate	0 0 0
	scale_pivot_translate	0 0 0
	translate_limit_x -INF +INF
	translate_limit_y -INF +INF
	translate_limit_z -INF +INF
	rotate_limit_x -INF +INF
	rotate_limit_y -INF +INF
	rotate_limit_z -INF +INF
	scale_limit_x -INF +INF
	scale_limit_y -INF +INF
	scale_limit_z -INF +INF
	parent 15
	child_joints 1
		17 
	INSTANCE_LIST
	{
	}
	segment_scale_compensate 1
	EXTRA_ATTRIBUTES
	{
		original_name string "Bip001 R Hand"
		wire_colour colour 0.0235294 0.52549 0.0235294
	}
}
JOINT Bip001_R_Thigh
{
	id 22
	visible	1
	scale_pivot	0 0 0
	rotate_pivot	0 0 0
	min_bound	0 0 0
	max_bound	0 0 0
	scale	1 1 1
	translate	1.98763e-05 -13.1784 1.54827e-05
	rotation_orient	0 0 0 1
	rotation	0.030462 -0.0801887 -0.978832 0.185823
	joint_orient	0 0 0 1
	bind_pose_matrix
		-0.929084 -0.368663 -0.0298325 0
		0.358893 -0.91808 0.168304 0
		-0.089436 0.145662 0.985284 0
		1.98763e-05 -13.1784 1.54827e-05 1
	rotation_order xyz
	inherits_transform 1
	shearing 0 0 0
	rotate_pivot_translate	0 0 0
	scale_pivot_translate	0 0 0
	translate_limit_x -INF +INF
	translate_limit_y -INF +INF
	translate_limit_z -INF +INF
	rotate_limit_x -INF +INF
	rotate_limit_y -INF +INF
	rotate_limit_z -INF +INF
	scale_limit_x -INF +INF
	scale_limit_y -INF +INF
	scale_limit_z -INF +INF
	parent 1
	child_joints 1
		23 
	INSTANCE_LIST
	{
	}
	segment_scale_compensate 1
	EXTRA_ATTRIBUTES
	{
		original_name string "Bip001 R Thigh"
		wire_colour colour 0.0235294 0.52549 0.0235294
	}
}
JOINT Bip001_R_UpperArm
{
	id 14
	visible	1
	scale_pivot	0 0 0
	rotate_pivot	0 0 0
	min_bound	0 0 0
	max_bound	0 0 0
	scale	1 1 1
	translate	21.211 -1.5047e-06 -4.87614e-08
	rotation_orient	0 0 0 1
	rotation	-0.0285893 0.0314817 0.416332 0.908217
	joint_orient	0 0 0 1
	bind_pose_matrix
		0.651352 0.754441 -0.0809898 0
		-0.758041 0.6517 -0.0257169 0
		0.0333792 0.0781444 0.996383 0
		21.211 -1.5047e-06 -4.87614e-08 1
	rotation_order xyz
	inherits_transform 1
	shearing 0 0 0
	rotate_pivot_translate	0 0 0
	scale_pivot_translate	0 0 0
	translate_limit_x -INF +INF
	translate_limit_y -INF +INF
	translate_limit_z -INF +INF
	rotate_limit_x -INF +INF
	rotate_limit_y -INF +INF
	rotate_limit_z -INF +INF
	scale_limit_x -INF +INF
	scale_limit_y -INF +INF
	scale_limit_z -INF +INF
	parent 13
	child_joints 1
		15 
	INSTANCE_LIST
	{
	}
	segment_scale_compensate 1
	EXTRA_ATTRIBUTES
	{
		original_name string "Bip001 R UpperArm"
		wire_colour colour 0.0235294 0.52549 0.0235294
	}
}
JOINT Bip001_Spine
{
	id 2
	visible	1
	scale_pivot	0 0 0
	rotate_pivot	0 0 0
	min_bound	0 0 0
	max_bound	0 0 0
	scale	1 1 1
	translate	12.743 -0.00333508 0.0135195
	rotation_orient	0 0 0 1
	rotation	0.11791 -0.114668 0.00700405 0.986357
	joint_orient	0 0 0 1
	bind_pose_matrix
		0.973604 -0.0132241 0.22786 0
		-0.040858 0.972096 0.230996 0
		-0.224556 -0.234208 0.945897 0
		12.743 -0.00333508 0.0135195 1
	rotation_order xyz
	inherits_transform 1
	shearing 0 0 0
	rotate_pivot_translate	0 0 0
	scale_pivot_translate	0 0 0
	translate_limit_x -INF +INF
	translate_limit_y -INF +INF
	translate_limit_z -INF +INF
	rotate_limit_x -INF +INF
	rotate_limit_y -INF +INF
	rotate_limit_z -INF +INF
	scale_limit_x -INF +INF
	scale_limit_y -INF +INF
	scale_limit_z -INF +INF
	parent 1
	child_joints 1
		3 
	INSTANCE_LIST
	{
	}
	segment_scale_compensate 1
	EXTRA_ATTRIBUTES
	{
		original_name string "Bip001 Spine"
		wire_colour colour 0.0313726 0.431373 0.52549
	}
}
JOINT Bip001_Spine1
{
	id 3
	visible	1
	scale_pivot	0 0 0
	rotate_pivot	0 0 0
	min_bound	0 0 0
	max_bound	0 0 0
	scale	1 1 1
	translate	17.9655 -0.0040834 0.0223916
	rotation_orient	0 0 0 1
	rotation	0.0688693 0.206895 -0.0751882 0.973036
	joint_orient	0 0 0 1
	bind_pose_matrix
		0.903082 -0.117824 -0.412989 0
		0.174819 0.979208 0.102912 0
		0.392276 -0.165137 0.904903 0
		17.9655 -0.0040834 0.0223916 1
	rotation_order xyz
	inherits_transform 1
	shearing 0 0 0
	rotate_pivot_translate	0 0 0
	scale_pivot_translate	0 0 0
	translate_limit_x -INF +INF
	translate_limit_y -INF +INF
	translate_limit_z -INF +INF
	rotate_limit_x -INF +INF
	rotate_limit_y -INF +INF
	rotate_limit_z -INF +INF
	scale_limit_x -INF +INF
	scale_limit_y -INF +INF
	scale_limit_z -INF +INF
	parent 2
	child_joints 5
		4 6 13 40 55 
	INSTANCE_LIST
	{
	}
	segment_scale_compensate 1
	EXTRA_ATTRIBUTES
	{
		original_name string "Bip001 Spine1"
		wire_colour colour 0.0313726 0.431373 0.52549
	}
}
JOINT bn_cape_01
{
	id 55
	visible	0
	scale_pivot	0 0 0
	rotate_pivot	0 0 0
	min_bound	0 0 0
	max_bound	0 0 0
	scale	1 1 1
	translate	35.3632 12.2539 17.027
	rotation_orient	0 0 0 1
	rotation	-0.165417 -0.672738 -0.71183 0.115586
	joint_orient	0 0 0 1
	bind_pose_matrix
		-0.918554 0.0580088 0.391016 0
		0.38712 -0.0681282 0.919509 0
		0.0799789 0.995989 0.0401229 0
		35.3632 12.2539 17.027 1
	rotation_order xyz
	inherits_transform 1
	shearing 0 0 0
	rotate_pivot_translate	0 0 0
	scale_pivot_translate	0 0 0
	translate_limit_x -INF +INF
	translate_limit_y -INF +INF
	translate_limit_z -INF +INF
	rotate_limit_x -INF +INF
	rotate_limit_y -INF +INF
	rotate_limit_z -INF +INF
	scale_limit_x -INF +INF
	scale_limit_y -INF +INF
	scale_limit_z -INF +INF
	parent 3
	child_joints 1
		56 
	INSTANCE_LIST
	{
	}
	segment_scale_compensate 1
	EXTRA_ATTRIBUTES
	{
		wire_colour colour 0.682353 0.729412 0.796078
	}
}
JOINT bn_cape_02
{
	id 56
	visible	0
	scale_pivot	0 0 0
	rotate_pivot	0 0 0
	min_bound	0 0 0
	max_bound	0 0 0
	scale	1 1 1
	translate	37.4656 9.76115e-06 3.38227e-06
	rotation_orient	0 0 0 1
	rotation	3.58661e-09 -0.0136186 -0.0442488 0.998928
	joint_orient	0 0 0 1
	bind_pose_matrix
		0.995713 -0.0884027 0.0272081 0
		0.0884027 0.996084 0.00120522 0
		-0.0272081 0.00120521 0.999629 0
		37.4656 9.76115e-06 3.38227e-06 1
	rotation_order xyz
	inherits_transform 1
	shearing 0 0 0
	rotate_pivot_translate	0 0 0
	scale_pivot_translate	0 0 0
	translate_limit_x -INF +INF
	translate_limit_y -INF +INF
	translate_limit_z -INF +INF
	rotate_limit_x -INF +INF
	rotate_limit_y -INF +INF
	rotate_limit_z -INF +INF
	scale_limit_x -INF +INF
	scale_limit_y -INF +INF
	scale_limit_z -INF +INF
	parent 55
	child_joints 1
		57 
	INSTANCE_LIST
	{
	}
	segment_scale_compensate 1
	EXTRA_ATTRIBUTES
	{
		wire_colour colour 0.682353 0.729412 0.796078
	}
}
JOINT bn_cape_03
{
	id 57
	visible	0
	scale_pivot	0 0 0
	rotate_pivot	0 0 0
	min_bound	0 0 0
	max_bound	0 0 0
	scale	1 1 1
	translate	41.0951 -2.80629e-05 0.00127248
	rotation_orient	0 0 0 1
	rotation	-3.00655e-08 -0.0569425 0.0741965 0.995617
	joint_orient	0 0 0 1
	bind_pose_matrix
		0.982505 0.147742 0.113386 0
		-0.147742 0.98899 -0.00844992 0
		-0.113386 -0.0084498 0.993515 0
		41.0951 -2.80629e-05 0.00127248 1
	rotation_order xyz
	inherits_transform 1
	shearing 0 0 0
	rotate_pivot_translate	0 0 0
	scale_pivot_translate	0 0 0
	translate_limit_x -INF +INF
	translate_limit_y -INF +INF
	translate_limit_z -INF +INF
	rotate_limit_x -INF +INF
	rotate_limit_y -INF +INF
	rotate_limit_z -INF +INF
	scale_limit_x -INF +INF
	scale_limit_y -INF +INF
	scale_limit_z -INF +INF
	parent 56
	child_joints 1
		58 
	INSTANCE_LIST
	{
	}
	segment_scale_compensate 1
	EXTRA_ATTRIBUTES
	{
		wire_colour colour 0.682353 0.729412 0.796078
	}
}
JOINT bn_cape_04
{
	id 58
	visible	0
	scale_pivot	0 0 0
	rotate_pivot	0 0 0
	min_bound	0 0 0
	max_bound	0 0 0
	scale	1 1 1
	translate	49.3999 -4.2934e-06 -1.28439e-05
	rotation_orient	0 0 0 1
	rotation	4.15082e-09 0.0323444 0.0486321 0.998293
	joint_orient	0 0 0 1
	bind_pose_matrix
		0.993178 0.0970982 -0.0645783 0
		-0.0970982 0.99527 0.00314596 0
		0.0645784 0.00314594 0.997908 0
		49.3999 -4.2934e-06 -1.28439e-05 1
	rotation_order xyz
	inherits_transform 1
	shearing 0 0 0
	rotate_pivot_translate	0 0 0
	scale_pivot_translate	0 0 0
	translate_limit_x -INF +INF
	translate_limit_y -INF +INF
	translate_limit_z -INF +INF
	rotate_limit_x -INF +INF
	rotate_limit_y -INF +INF
	rotate_limit_z -INF +INF
	scale_limit_x -INF +INF
	scale_limit_y -INF +INF
	scale_limit_z -INF +INF
	parent 57
	child_joints 0
	INSTANCE_LIST
	{
	}
	segment_scale_compensate 1
	EXTRA_ATTRIBUTES
	{
		wire_colour colour 0.682353 0.729412 0.796078
	}
}
BONE bn_foot_L_01
{
	id 45
	visible	0
	scale_pivot	0 0 0
	rotate_pivot	0 0 0
	min_bound	0 0 0
	max_bound	0 0 0
	scale	1 1 1
	translate	5.30788 0.000808277 0.000388074
	rotation_orient	0 0 0 1
	rotation	-0.160745 -0.836989 -0.0986556 0.51369
	joint_orient	0 0 0 1
	bind_pose_matrix
		-0.420568 0.167728 0.891623 0
		0.370441 0.928856 6.10948e-07 0
		-0.828189 0.330294 -0.45278 0
		5.30788 0.000808277 0.000388074 1
	rotation_order xyz
	inherits_transform 1
	shearing 0 0 0
	rotate_pivot_translate	0 0 0
	scale_pivot_translate	0 0 0
	translate_limit_x -INF +INF
	translate_limit_y -INF +INF
	translate_limit_z -INF +INF
	rotate_limit_x -INF +INF
	rotate_limit_y -INF +INF
	rotate_limit_z -INF +INF
	scale_limit_x -INF +INF
	scale_limit_y -INF +INF
	scale_limit_z -INF +INF
	parent 49
	child_joints 0
	INSTANCE_LIST
	{
	}
	EXTRA_ATTRIBUTES
	{
		wire_colour colour 0.054902 1 0.00784314
	}
}
BONE bn_foot_R_01
{
	id 44
	visible	0
	scale_pivot	0 0 0
	rotate_pivot	0 0 0
	min_bound	0 0 0
	max_bound	0 0 0
	scale	1 1 1
	translate	5.91259 -2.174e-06 6.73868e-07
	rotation_orient	0 0 0 1
	rotation	-0.149169 0.893216 -0.0698684 -0.418368
	joint_orient	0 0 0 1
	bind_pose_matrix
		-0.605433 -0.208019 0.768231 0
		-0.324942 0.945734 6.70552e-08 0
		-0.726542 -0.249631 -0.640173 0
		5.91259 -2.174e-06 6.73868e-07 1
	rotation_order xyz
	inherits_transform 1
	shearing 0 0 0
	rotate_pivot_translate	0 0 0
	scale_pivot_translate	0 0 0
	translate_limit_x -INF +INF
	translate_limit_y -INF +INF
	translate_limit_z -INF +INF
	rotate_limit_x -INF +INF
	rotate_limit_y -INF +INF
	rotate_limit_z -INF +INF
	scale_limit_x -INF +INF
	scale_limit_y -INF +INF
	scale_limit_z -INF +INF
	parent 48
	child_joints 0
	INSTANCE_LIST
	{
	}
	EXTRA_ATTRIBUTES
	{
		wire_colour colour 0.054902 1 0.00784314
	}
}
BONE bn_hand_L_01
{
	id 43
	visible	0
	scale_pivot	0 0 0
	rotate_pivot	0 0 0
	min_bound	0 0 0
	max_bound	0 0 0
	scale	1 1 1
	translate	10.325 0.000288729 1.28221e-05
	rotation_orient	0 0 0 1
	rotation	-0.373248 0.487756 -0.767404 0.184044
	joint_orient	0 0 0 1
	bind_pose_matrix
		-0.653629 -0.646579 0.393327 0
		-0.0816352 -0.456445 -0.885999 0
		0.7524 -0.611223 0.245562 0
		10.325 0.000288729 1.28221e-05 1
	rotation_order xyz
	inherits_transform 1
	shearing 0 0 0
	rotate_pivot_translate	0 0 0
	scale_pivot_translate	0 0 0
	translate_limit_x -INF +INF
	translate_limit_y -INF +INF
	translate_limit_z -INF +INF
	rotate_limit_x -INF +INF
	rotate_limit_y -INF +INF
	rotate_limit_z -INF +INF
	scale_limit_x -INF +INF
	scale_limit_y -INF +INF
	scale_limit_z -INF +INF
	parent 39
	child_joints 0
	INSTANCE_LIST
	{
	}
	EXTRA_ATTRIBUTES
	{
		wire_colour colour 0.054902 1 0.00784314
	}
}
BONE bn_hand_R_01
{
	id 42
	visible	0
	scale_pivot	0 0 0
	rotate_pivot	0 0 0
	min_bound	0 0 0
	max_bound	0 0 0
	scale	1 1 1
	translate	10.3252 0.000370408 -1.12972e-05
	rotation_orient	0 0 0 1
	rotation	-0.167201 -0.0548977 -0.0984936 0.979454
	joint_orient	0 0 0 1
	bind_pose_matrix
		0.974571 -0.174582 0.140476 0
		0.211298 0.924686 -0.316717 0
		-0.0746031 0.338345 0.93806 0
		10.3252 0.000370408 -1.12972e-05 1
	rotation_order xyz
	inherits_transform 1
	shearing 0 0 0
	rotate_pivot_translate	0 0 0
	scale_pivot_translate	0 0 0
	translate_limit_x -INF +INF
	translate_limit_y -INF +INF
	translate_limit_z -INF +INF
	rotate_limit_x -INF +INF
	rotate_limit_y -INF +INF
	rotate_limit_z -INF +INF
	scale_limit_x -INF +INF
	scale_limit_y -INF +INF
	scale_limit_z -INF +INF
	parent 38
	child_joints 0
	INSTANCE_LIST
	{
	}
	EXTRA_ATTRIBUTES
	{
		wire_colour colour 0.054902 1 0.00784314
	}
}
BONE bn_head_01
{
	id 41
	visible	0
	scale_pivot	0 0 0
	rotate_pivot	0 0 0
	min_bound	0 0 0
	max_bound	0 0 0
	scale	1 1 1
	translate	-1.66141e-07 7.80851 -0.0272944
	rotation_orient	0 0 0 1
	rotation	-0.344022 -0.124399 0.125935 0.922125
	joint_orient	0 0 0 1
	bind_pose_matrix
		0.93733 0.317848 0.142773 0
		-0.146664 0.731578 -0.665795 0
		-0.316072 0.603131 0.732347 0
		-1.66141e-07 7.80851 -0.0272944 1
	rotation_order xyz
	inherits_transform 1
	shearing 0 0 0
	rotate_pivot_translate	0 0 0
	scale_pivot_translate	0 0 0
	translate_limit_x -INF +INF
	translate_limit_y -INF +INF
	translate_limit_z -INF +INF
	rotate_limit_x -INF +INF
	rotate_limit_y -INF +INF
	rotate_limit_z -INF +INF
	scale_limit_x -INF +INF
	scale_limit_y -INF +INF
	scale_limit_z -INF +INF
	parent 35
	child_joints 0
	INSTANCE_LIST
	{
	}
	EXTRA_ATTRIBUTES
	{
		wire_colour colour 0.054902 1 0.00784314
	}
}
BONE bn_hips_01
{
	id 40
	visible	0
	scale_pivot	0 0 0
	rotate_pivot	0 0 0
	min_bound	0 0 0
	max_bound	0 0 0
	scale	1 1 1
	translate	60.35 29.9753 11.3902
	rotation_orient	0 0 0 1
	rotation	0.706625 0.557099 -0.423699 -0.103928
	joint_orient	0 0 0 1
	bind_pose_matrix
		0.0202401 0.875389 -0.482996 0
		0.699251 -0.35768 -0.618961 0
		-0.71459 -0.325208 -0.619356 0
		60.35 29.9753 11.3902 1
	rotation_order xyz
	inherits_transform 1
	shearing 0 0 0
	rotate_pivot_translate	0 0 0
	scale_pivot_translate	0 0 0
	translate_limit_x -INF +INF
	translate_limit_y -INF +INF
	translate_limit_z -INF +INF
	rotate_limit_x -INF +INF
	rotate_limit_y -INF +INF
	rotate_limit_z -INF +INF
	scale_limit_x -INF +INF
	scale_limit_y -INF +INF
	scale_limit_z -INF +INF
	parent 3
	child_joints 4
		30 31 51 54 
	INSTANCE_LIST
	{
	}
	EXTRA_ATTRIBUTES
	{
		wire_colour colour 0.054902 1 0.00784314
	}
}
BONE bn_lowerarm_L_01
{
	id 39
	visible	0
	scale_pivot	0 0 0
	rotate_pivot	0 0 0
	min_bound	0 0 0
	max_bound	0 0 0
	scale	1 1 1
	translate	9.04212 -0.000536442 0.00028751
	rotation_orient	0 0 0 1
	rotation	1.14263e-07 2.44257e-07 0.487678 0.873024
	joint_orient	0 0 0 1
	bind_pose_matrix
		0.52434 0.851509 -3.15037e-07 0
		-0.851509 0.52434 4.37746e-07 0
		5.37931e-07 3.87284e-08 1 0
		9.04212 -0.000536442 0.00028751 1
	rotation_order xyz
	inherits_transform 1
	shearing 0 0 0
	rotate_pivot_translate	0 0 0
	scale_pivot_translate	0 0 0
	translate_limit_x -INF +INF
	translate_limit_y -INF +INF
	translate_limit_z -INF +INF
	rotate_limit_x -INF +INF
	rotate_limit_y -INF +INF
	rotate_limit_z -INF +INF
	scale_limit_x -INF +INF
	scale_limit_y -INF +INF
	scale_limit_z -INF +INF
	parent 33
	child_joints 1
		43 
	INSTANCE_LIST
	{
	}
	EXTRA_ATTRIBUTES
	{
		wire_colour colour 0.054902 1 0.00784314
	}
}
BONE bn_lowerarm_R_01
{
	id 38
	visible	0
	scale_pivot	0 0 0
	rotate_pivot	0 0 0
	min_bound	0 0 0
	max_bound	0 0 0
	scale	1 1 1
	translate	9.042 6.98374e-06 -4.36785e-06
	rotation_orient	0 0 0 1
	rotation	6.95572e-08 3.03064e-08 0.778013 0.628248
	joint_orient	0 0 0 1
	bind_pose_matrix
		-0.210608 0.977571 7.01528e-08 0
		-0.977571 -0.210608 1.34556e-07 0
		1.46313e-07 -4.02408e-08 1 0
		9.042 6.98374e-06 -4.36785e-06 1
	rotation_order xyz
	inherits_transform 1
	shearing 0 0 0
	rotate_pivot_translate	0 0 0
	scale_pivot_translate	0 0 0
	translate_limit_x -INF +INF
	translate_limit_y -INF +INF
	translate_limit_z -INF +INF
	rotate_limit_x -INF +INF
	rotate_limit_y -INF +INF
	rotate_limit_z -INF +INF
	scale_limit_x -INF +INF
	scale_limit_y -INF +INF
	scale_limit_z -INF +INF
	parent 32
	child_joints 1
		42 
	INSTANCE_LIST
	{
	}
	EXTRA_ATTRIBUTES
	{
		wire_colour colour 0.054902 1 0.00784314
	}
}
BONE bn_lowerleg_L_01
{
	id 37
	visible	0
	scale_pivot	0 0 0
	rotate_pivot	0 0 0
	min_bound	0 0 0
	max_bound	0 0 0
	scale	1 1 1
	translate	10.2157 1.06645e-06 -1.59915e-06
	rotation_orient	0 0 0 1
	rotation	0.226464 0.827403 -0.122226 0.499179
	joint_orient	0 0 0 1
	bind_pose_matrix
		-0.399069 0.252729 -0.881404 0
		0.49678 0.867549 0.0238317 0
		0.770684 -0.428353 -0.471762 0
		10.2157 1.06645e-06 -1.59915e-06 1
	rotation_order xyz
	inherits_transform 1
	shearing 0 0 0
	rotate_pivot_translate	0 0 0
	scale_pivot_translate	0 0 0
	translate_limit_x -INF +INF
	translate_limit_y -INF +INF
	translate_limit_z -INF +INF
	rotate_limit_x -INF +INF
	rotate_limit_y -INF +INF
	rotate_limit_z -INF +INF
	scale_limit_x -INF +INF
	scale_limit_y -INF +INF
	scale_limit_z -INF +INF
	parent 50
	child_joints 1
		49 
	INSTANCE_LIST
	{
	}
	EXTRA_ATTRIBUTES
	{
		wire_colour colour 0.054902 1 0.00784314
	}
}
BONE bn_lowerleg_L_02
{
	id 49
	visible	0
	scale_pivot	0 0 0
	rotate_pivot	0 0 0
	min_bound	0 0 0
	max_bound	0 0 0
	scale	1 1 1
	translate	5.30777 4.61725e-07 3.73608e-07
	rotation_orient	0 0 0 1
	rotation	0 0 0 1
	joint_orient	0 0 0 1
	bind_pose_matrix
		1 0 0 0
		0 1 0 0
		0 0 1 0
		5.30777 4.61725e-07 3.73608e-07 1
	rotation_order xyz
	inherits_transform 1
	shearing 0 0 0
	rotate_pivot_translate	0 0 0
	scale_pivot_translate	0 0 0
	translate_limit_x -INF +INF
	translate_limit_y -INF +INF
	translate_limit_z -INF +INF
	rotate_limit_x -INF +INF
	rotate_limit_y -INF +INF
	rotate_limit_z -INF +INF
	scale_limit_x -INF +INF
	scale_limit_y -INF +INF
	scale_limit_z -INF +INF
	parent 37
	child_joints 1
		45 
	INSTANCE_LIST
	{
	}
	EXTRA_ATTRIBUTES
	{
		wire_colour colour 0.054902 1 0.00784314
	}
}
BONE bn_lowerleg_R_01
{
	id 36
	visible	0
	scale_pivot	0 0 0
	rotate_pivot	0 0 0
	min_bound	0 0 0
	max_bound	0 0 0
	scale	1 1 1
	translate	6.82528 1.86266e-06 -6.07212e-07
	rotation_orient	0 0 0 1
	rotation	-0.102493 0.498475 0.547685 0.664123
	joint_orient	0 0 0 1
	bind_pose_matrix
		-0.0968714 0.62528 -0.774365 0
		-0.82964 0.379074 0.409878 0
		0.54983 0.68215 0.482036 0
		6.82528 1.86266e-06 -6.07212e-07 1
	rotation_order xyz
	inherits_transform 1
	shearing 0 0 0
	rotate_pivot_translate	0 0 0
	scale_pivot_translate	0 0 0
	translate_limit_x -INF +INF
	translate_limit_y -INF +INF
	translate_limit_z -INF +INF
	rotate_limit_x -INF +INF
	rotate_limit_y -INF +INF
	rotate_limit_z -INF +INF
	scale_limit_x -INF +INF
	scale_limit_y -INF +INF
	scale_limit_z -INF +INF
	parent 47
	child_joints 1
		48 
	INSTANCE_LIST
	{
	}
	EXTRA_ATTRIBUTES
	{
		wire_colour colour 0.054902 1 0.00784314
	}
}
BONE bn_lowerleg_R_02
{
	id 48
	visible	0
	scale_pivot	0 0 0
	rotate_pivot	0 0 0
	min_bound	0 0 0
	max_bound	0 0 0
	scale	1 1 1
	translate	5.91257 2.38613e-06 -1.307e-05
	rotation_orient	0 0 0 1
	rotation	0 0 0 1
	joint_orient	0 0 0 1
	bind_pose_matrix
		1 0 0 0
		0 1 0 0
		0 0 1 0
		5.91257 2.38613e-06 -1.307e-05 1
	rotation_order xyz
	inherits_transform 1
	shearing 0 0 0
	rotate_pivot_translate	0 0 0
	scale_pivot_translate	0 0 0
	translate_limit_x -INF +INF
	translate_limit_y -INF +INF
	translate_limit_z -INF +INF
	rotate_limit_x -INF +INF
	rotate_limit_y -INF +INF
	rotate_limit_z -INF +INF
	scale_limit_x -INF +INF
	scale_limit_y -INF +INF
	scale_limit_z -INF +INF
	parent 36
	child_joints 1
		44 
	INSTANCE_LIST
	{
	}
	EXTRA_ATTRIBUTES
	{
		wire_colour colour 0.054902 1 0.00784314
	}
}
BONE bn_pistol_cannon_01
{
	id 11
	visible	0
	scale_pivot	0 0 0
	rotate_pivot	0 0 0
	min_bound	0 0 0
	max_bound	0 0 0
	scale	1 1 1
	translate	32.163 7.53958 3.00547e-06
	rotation_orient	0 0 0 1
	rotation	0 0 0 1
	joint_orient	0 0 0 1
	bind_pose_matrix
		1 0 0 0
		0 1 0 0
		0 0 1 0
		32.163 7.53958 3.00547e-06 1
	rotation_order xyz
	inherits_transform 1
	shearing 0 0 0
	rotate_pivot_translate	0 0 0
	scale_pivot_translate	0 0 0
	translate_limit_x -INF +INF
	translate_limit_y -INF +INF
	translate_limit_z -INF +INF
	rotate_limit_x -INF +INF
	rotate_limit_y -INF +INF
	rotate_limit_z -INF +INF
	scale_limit_x -INF +INF
	scale_limit_y -INF +INF
	scale_limit_z -INF +INF
	parent 10
	child_joints 0
	INSTANCE_LIST
	{
	}
	EXTRA_ATTRIBUTES
	{
		wire_colour colour 0.054902 1 0.00784314
	}
}
BONE bn_pistol_handle_01
{
	id 10
	visible	0
	scale_pivot	0 0 0
	rotate_pivot	0 0 0
	min_bound	0 0 0
	max_bound	0 0 0
	scale	1 1 1
	translate	22.8752 -5.52926 -2.43406
	rotation_orient	0 0 0 1
	rotation	1 5.26074e-08 -3.1921e-07 -4.01339e-07
	joint_orient	0 0 0 1
	bind_pose_matrix
		1 1.05215e-07 -6.3842e-07 0
		1.05214e-07 -1 -8.02679e-07 0
		-6.3842e-07 8.02678e-07 -1 0
		22.8752 -5.52926 -2.43406 1
	rotation_order xyz
	inherits_transform 1
	shearing 0 0 0
	rotate_pivot_translate	0 0 0
	scale_pivot_translate	0 0 0
	translate_limit_x -INF +INF
	translate_limit_y -INF +INF
	translate_limit_z -INF +INF
	rotate_limit_x -INF +INF
	rotate_limit_y -INF +INF
	rotate_limit_z -INF +INF
	scale_limit_x -INF +INF
	scale_limit_y -INF +INF
	scale_limit_z -INF +INF
	parent 9
	child_joints 1
		11 
	INSTANCE_LIST
	{
	}
	EXTRA_ATTRIBUTES
	{
		wire_colour colour 0.054902 1 0.00784314
	}
}
BONE bn_shoulder_L_01
{
	id 53
	visible	0
	scale_pivot	0 0 0
	rotate_pivot	0 0 0
	min_bound	0 0 0
	max_bound	0 0 0
	scale	1 1 1
	translate	3.044 5.10339 -0.273093
	rotation_orient	0 0 0 1
	rotation	0.618773 -0.14351 -0.0480055 0.770857
	joint_orient	0 0 0 1
	bind_pose_matrix
		0.954201 -0.251611 0.161842 0
		-0.10359 0.229631 0.967749 0
		-0.28066 -0.940192 0.19305 0
		3.044 5.10339 -0.273093 1
	rotation_order xyz
	inherits_transform 1
	shearing 0 0 0
	rotate_pivot_translate	0 0 0
	scale_pivot_translate	0 0 0
	translate_limit_x -INF +INF
	translate_limit_y -INF +INF
	translate_limit_z -INF +INF
	rotate_limit_x -INF +INF
	rotate_limit_y -INF +INF
	rotate_limit_z -INF +INF
	scale_limit_x -INF +INF
	scale_limit_y -INF +INF
	scale_limit_z -INF +INF
	parent 35
	child_joints 1
		33 
	INSTANCE_LIST
	{
	}
	EXTRA_ATTRIBUTES
	{
		wire_colour colour 0.054902 1 0.00784314
	}
}
BONE bn_shoulder_R_01
{
	id 52
	visible	0
	scale_pivot	0 0 0
	rotate_pivot	0 0 0
	min_bound	0 0 0
	max_bound	0 0 0
	scale	1 1 1
	translate	-3.04365 5.10339 -0.273117
	rotation_orient	0 0 0 1
	rotation	-0.231566 0.75433 0.607049 -0.094101
	joint_orient	0 0 0 1
	bind_pose_matrix
		-0.875045 -0.463603 -0.139178 0
		-0.235107 0.155737 0.959412 0
		-0.423111 0.872249 -0.245273 0
		-3.04365 5.10339 -0.273117 1
	rotation_order xyz
	inherits_transform 1
	shearing 0 0 0
	rotate_pivot_translate	0 0 0
	scale_pivot_translate	0 0 0
	translate_limit_x -INF +INF
	translate_limit_y -INF +INF
	translate_limit_z -INF +INF
	rotate_limit_x -INF +INF
	rotate_limit_y -INF +INF
	rotate_limit_z -INF +INF
	scale_limit_x -INF +INF
	scale_limit_y -INF +INF
	scale_limit_z -INF +INF
	parent 35
	child_joints 1
		32 
	INSTANCE_LIST
	{
	}
	EXTRA_ATTRIBUTES
	{
		wire_colour colour 0.054902 1 0.00784314
	}
}
JOINT bn_shoulderpad_L
{
	id 12
	visible	0
	scale_pivot	0 0 0
	rotate_pivot	0 0 0
	min_bound	0 0 0
	max_bound	0 0 0
	scale	1 1 1
	translate	21.211 8.25307e-06 1.00677e-07
	rotation_orient	0 0 0 1
	rotation	-0.248505 0.0784792 -0.22103 0.939804
	joint_orient	0 0 0 1
	bind_pose_matrix
		0.889974 -0.454454 -0.0376563 0
		0.376444 0.778783 -0.501785 0
		0.257364 0.4324 0.864173 0
		21.211 8.25307e-06 1.00677e-07 1
	rotation_order xyz
	inherits_transform 1
	shearing 0 0 0
	rotate_pivot_translate	0 0 0
	scale_pivot_translate	0 0 0
	translate_limit_x -INF +INF
	translate_limit_y -INF +INF
	translate_limit_z -INF +INF
	rotate_limit_x -INF +INF
	rotate_limit_y -INF +INF
	rotate_limit_z -INF +INF
	scale_limit_x -INF +INF
	scale_limit_y -INF +INF
	scale_limit_z -INF +INF
	parent 6
	child_joints 0
	INSTANCE_LIST
	{
	}
	segment_scale_compensate 1
	EXTRA_ATTRIBUTES
	{
		wire_colour colour 0.643137 0.776471 0.807843
	}
}
JOINT bn_shoulderpad_R
{
	id 18
	visible	0
	scale_pivot	0 0 0
	rotate_pivot	0 0 0
	min_bound	0 0 0
	max_bound	0 0 0
	scale	1 1 1
	translate	21.211 -1.5047e-06 -4.87614e-08
	rotation_orient	0 0 0 1
	rotation	-0.0146345 0.0161149 0.213114 0.976785
