|XMD_005A#0MAX#0005.0.4|
JOINT Bip001
{
	id 2
	visible	1
	scale_pivot	0 0 0
	rotate_pivot	0 0 0
	min_bound	0 0 0
	max_bound	0 0 0
	scale	1 1 1
	translate	19.8294 119.103 -2.70667
	rotation_orient	0 0 0 1
	rotation	-0.0343464 -0.532482 0.0346066 0.845036
	joint_orient	0 0 0 1
	bind_pose_matrix
		0.430532 0.0950653 0.897555 0
		-0.02191 0.995245 -0.0949026 0
		-0.90231 0.0211932 0.430568 0
		19.8294 119.103 -2.70667 1
	rotation_order xyz
	inherits_transform 1
	shearing 0 0 0
	rotate_pivot_translate	0 0 0
	scale_pivot_translate	0 0 0
	translate_limit_x -INF +INF
	translate_limit_y -INF +INF
	translate_limit_z -INF +INF
	rotate_limit_x -INF +INF
	rotate_limit_y -INF +INF
	rotate_limit_z -INF +INF
	scale_limit_x -INF +INF
	scale_limit_y -INF +INF
	scale_limit_z -INF +INF
	parent 0
	child_joints 1
		3 
	INSTANCE_LIST
	{
	}
	segment_scale_compensate 1
	EXTRA_ATTRIBUTES
	{
		wire_colour colour 1 0 0
	}
}
JOINT Bip001_Head
{
	id 7
	visible	1
	scale_pivot	0 0 0
	rotate_pivot	0 0 0
	min_bound	0 0 0
	max_bound	0 0 0
	scale	1 1 1
	translate	8.31273 -2.31035e-08 -7.93113e-07
	rotation_orient	0 0 0 1
	rotation	-0.159153 -0.384968 -0.0528867 0.907565
	joint_orient	0 0 0 1
	bind_pose_matrix
		0.698006 0.0265411 0.7156 0
		0.218533 0.943747 -0.248163 0
		-0.681932 0.329602 0.652941 0
		8.31273 -2.31035e-08 -7.93113e-07 1
	rotation_order xyz
	inherits_transform 1
	shearing 0 0 0
	rotate_pivot_translate	0 0 0
	scale_pivot_translate	0 0 0
	translate_limit_x -INF +INF
	translate_limit_y -INF +INF
	translate_limit_z -INF +INF
	rotate_limit_x -INF +INF
	rotate_limit_y -INF +INF
	rotate_limit_z -INF +INF
	scale_limit_x -INF +INF
	scale_limit_y -INF +INF
	scale_limit_z -INF +INF
	parent 6
	child_joints 7
		8 9 10 11 12 13 14 
	INSTANCE_LIST
	{
	}
	segment_scale_compensate 1
	EXTRA_ATTRIBUTES
	{
		original_name string "Bip001 Head"
		wire_colour colour 0.65098 0.792157 0.941176
	}
}
JOINT Bip001_L_Calf
{
	id 51
	visible	1
	scale_pivot	0 0 0
	rotate_pivot	0 0 0
	min_bound	0 0 0
	max_bound	0 0 0
	scale	1 1 1
	translate	55.4182 -2.14533e-07 3.15286e-07
	rotation_orient	0 0 0 1
	rotation	-5.34615e-09 -0.173556 -1.59336e-09 0.984824
	joint_orient	0 0 0 1
	bind_pose_matrix
		0.939757 -1.28264e-09 0.341844 0
		4.99406e-09 1 -9.97695e-09 0
		-0.341844 1.10831e-08 0.939756 0
		55.4182 -2.14533e-07 3.15286e-07 1
	rotation_order xyz
	inherits_transform 1
	shearing 0 0 0
	rotate_pivot_translate	0 0 0
	scale_pivot_translate	0 0 0
	translate_limit_x -INF +INF
	translate_limit_y -INF +INF
	translate_limit_z -INF +INF
	rotate_limit_x -INF +INF
	rotate_limit_y -INF +INF
	rotate_limit_z -INF +INF
	scale_limit_x -INF +INF
	scale_limit_y -INF +INF
	scale_limit_z -INF +INF
	parent 50
	child_joints 1
		52 
	INSTANCE_LIST
	{
	}
	segment_scale_compensate 1
	EXTRA_ATTRIBUTES
	{
		original_name string "Bip001 L Calf"
		wire_colour colour 0.109804 0.109804 0.694118
	}
}
JOINT Bip001_L_Clavicle
{
	id 15
	visible	1
	scale_pivot	0 0 0
	rotate_pivot	0 0 0
	min_bound	0 0 0
	max_bound	0 0 0
	scale	1 1 1
	translate	30.7037 3.87927 0.0572281
	rotation_orient	0 0 0 1
	rotation	0.665841 0.739085 0.0760608 -0.0679955
	joint_orient	0 0 0 1
	bind_pose_matrix
		-0.104065 0.973883 0.201798 0
		0.99457 0.101741 0.0218825 0
		0.000779808 0.202979 -0.979183 0
		30.7037 3.87927 0.0572281 1
	rotation_order xyz
	inherits_transform 1
	shearing 0 0 0
	rotate_pivot_translate	0 0 0
	scale_pivot_translate	0 0 0
	translate_limit_x -INF +INF
	translate_limit_y -INF +INF
	translate_limit_z -INF +INF
	rotate_limit_x -INF +INF
	rotate_limit_y -INF +INF
	rotate_limit_z -INF +INF
	scale_limit_x -INF +INF
	scale_limit_y -INF +INF
	scale_limit_z -INF +INF
	parent 5
	child_joints 2
		16 31 
	INSTANCE_LIST
	{
	}
	segment_scale_compensate 1
	EXTRA_ATTRIBUTES
	{
		original_name string "Bip001 L Clavicle"
		wire_colour colour 0.109804 0.109804 0.694118
	}
}
JOINT Bip001_L_Finger0
{
	id 19
	visible	1
	scale_pivot	0 0 0
	rotate_pivot	0 0 0
	min_bound	0 0 0
	max_bound	0 0 0
	scale	1 1 1
	translate	4.25013 -6.28468 -1.81946
	rotation_orient	0 0 0 1
	rotation	0.81312 0.253382 -0.347625 0.39216
	joint_orient	0 0 0 1
	bind_pose_matrix
		0.629909 0.139412 -0.764055 0
		0.68471 -0.564016 0.461583 0
		-0.366589 -0.813911 -0.450735 0
		4.25013 -6.28468 -1.81946 1
	rotation_order xyz
	inherits_transform 1
	shearing 0 0 0
	rotate_pivot_translate	0 0 0
	scale_pivot_translate	0 0 0
	translate_limit_x -INF +INF
	translate_limit_y -INF +INF
	translate_limit_z -INF +INF
	rotate_limit_x -INF +INF
	rotate_limit_y -INF +INF
	rotate_limit_z -INF +INF
	scale_limit_x -INF +INF
	scale_limit_y -INF +INF
	scale_limit_z -INF +INF
	parent 18
	child_joints 1
		20 
	INSTANCE_LIST
	{
	}
	segment_scale_compensate 1
	EXTRA_ATTRIBUTES
	{
		original_name string "Bip001 L Finger0"
		wire_colour colour 0.52549 0.0235294 0.0235294
	}
}
JOINT Bip001_L_Finger01
{
	id 20
	visible	1
	scale_pivot	0 0 0
	rotate_pivot	0 0 0
	min_bound	0 0 0
	max_bound	0 0 0
	scale	1 1 1
	translate	7.53773 -7.10421e-07 -2.22625e-06
	rotation_orient	0 0 0 1
	rotation	-3.3815e-08 0.392341 8.9607e-09 0.91982
	joint_orient	0 0 0 1
	bind_pose_matrix
		0.692138 -1.00495e-08 -0.721765 0
		-4.30184e-08 1 -5.51761e-08 0
		0.721765 6.92387e-08 0.692138 0
		7.53773 -7.10421e-07 -2.22625e-06 1
	rotation_order xyz
	inherits_transform 1
	shearing 0 0 0
	rotate_pivot_translate	0 0 0
	scale_pivot_translate	0 0 0
	translate_limit_x -INF +INF
	translate_limit_y -INF +INF
	translate_limit_z -INF +INF
	rotate_limit_x -INF +INF
	rotate_limit_y -INF +INF
	rotate_limit_z -INF +INF
	scale_limit_x -INF +INF
	scale_limit_y -INF +INF
	scale_limit_z -INF +INF
	parent 19
	child_joints 0
	INSTANCE_LIST
	{
	}
	segment_scale_compensate 1
	EXTRA_ATTRIBUTES
	{
		original_name string "Bip001 L Finger01"
		wire_colour colour 0.52549 0.0235294 0.0235294
	}
}
JOINT Bip001_L_Finger1
{
	id 21
	visible	1
	scale_pivot	0 0 0
	rotate_pivot	0 0 0
	min_bound	0 0 0
	max_bound	0 0 0
	scale	1 1 1
	translate	10.0508 -5.16902 1.956
	rotation_orient	0 0 0 1
	rotation	0.15527 0.0693465 -0.0471982 0.984304
	joint_orient	0 0 0 1
	bind_pose_matrix
		0.985927 -0.0713799 -0.151173 0
		0.11445 0.947327 0.29912 0
		0.121859 -0.312213 0.942164 0
		10.0508 -5.16902 1.956 1
	rotation_order xyz
	inherits_transform 1
	shearing 0 0 0
	rotate_pivot_translate	0 0 0
	scale_pivot_translate	0 0 0
	translate_limit_x -INF +INF
	translate_limit_y -INF +INF
	translate_limit_z -INF +INF
	rotate_limit_x -INF +INF
	rotate_limit_y -INF +INF
	rotate_limit_z -INF +INF
	scale_limit_x -INF +INF
	scale_limit_y -INF +INF
	scale_limit_z -INF +INF
	parent 18
	child_joints 1
		22 
	INSTANCE_LIST
	{
	}
	segment_scale_compensate 1
	EXTRA_ATTRIBUTES
	{
		original_name string "Bip001 L Finger1"
		wire_colour colour 0.423529 0.0313726 0.533333
	}
}
JOINT Bip001_L_Finger11
{
	id 22
	visible	1
	scale_pivot	0 0 0
	rotate_pivot	0 0 0
	min_bound	0 0 0
	max_bound	0 0 0
	scale	1 1 1
	translate	6.62898 1.27831e-06 -3.6736e-06
	rotation_orient	0 0 0 1
	rotation	-1.91995e-09 0.0836345 -4.80359e-09 0.996496
	joint_orient	0 0 0 1
	bind_pose_matrix
		0.986011 -9.89466e-09 -0.166683 0
		9.25237e-09 1 -4.62994e-09 0
		0.166683 3.02296e-09 0.986011 0
		6.62898 1.27831e-06 -3.6736e-06 1
	rotation_order xyz
	inherits_transform 1
	shearing 0 0 0
	rotate_pivot_translate	0 0 0
	scale_pivot_translate	0 0 0
	translate_limit_x -INF +INF
	translate_limit_y -INF +INF
	translate_limit_z -INF +INF
	rotate_limit_x -INF +INF
	rotate_limit_y -INF +INF
	rotate_limit_z -INF +INF
	scale_limit_x -INF +INF
	scale_limit_y -INF +INF
	scale_limit_z -INF +INF
	parent 21
	child_joints 0
	INSTANCE_LIST
	{
	}
	segment_scale_compensate 1
	EXTRA_ATTRIBUTES
	{
		original_name string "Bip001 L Finger11"
		wire_colour colour 0.423529 0.0313726 0.533333
	}
}
JOINT Bip001_L_Finger2
{
	id 23
	visible	1
	scale_pivot	0 0 0
	rotate_pivot	0 0 0
	min_bound	0 0 0
	max_bound	0 0 0
	scale	1 1 1
	translate	10.1465 -2.47731 2.37494
	rotation_orient	0 0 0 1
	rotation	0.0897261 0.209528 0.0967245 0.968861
	joint_orient	0 0 0 1
	bind_pose_matrix
		0.893485 0.225025 -0.388649 0
		-0.149825 0.965187 0.214397 0
		0.423364 -0.133331 0.896095 0
		10.1465 -2.47731 2.37494 1
	rotation_order xyz
	inherits_transform 1
	shearing 0 0 0
	rotate_pivot_translate	0 0 0
	scale_pivot_translate	0 0 0
	translate_limit_x -INF +INF
	translate_limit_y -INF +INF
	translate_limit_z -INF +INF
	rotate_limit_x -INF +INF
	rotate_limit_y -INF +INF
	rotate_limit_z -INF +INF
	scale_limit_x -INF +INF
	scale_limit_y -INF +INF
	scale_limit_z -INF +INF
	parent 18
	child_joints 1
		24 
	INSTANCE_LIST
	{
	}
	segment_scale_compensate 1
	EXTRA_ATTRIBUTES
	{
		original_name string "Bip001 L Finger2"
		wire_colour colour 0.423529 0.0313726 0.533333
	}
}
JOINT Bip001_L_Finger21
{
	id 24
	visible	1
	scale_pivot	0 0 0
	rotate_pivot	0 0 0
	min_bound	0 0 0
	max_bound	0 0 0
	scale	1 1 1
	translate	7.98667 4.92224e-06 -1.93994e-07
	rotation_orient	0 0 0 1
	rotation	1.48674e-08 0.71806 -1.37971e-08 0.695981
	joint_orient	0 0 0 1
	bind_pose_matrix
		-0.0312197 2.14625e-09 -0.999513 0
		4.05565e-08 1 8.80515e-10 0
		0.999513 -4.05092e-08 -0.0312197 0
		7.98667 4.92224e-06 -1.93994e-07 1
	rotation_order xyz
	inherits_transform 1
	shearing 0 0 0
	rotate_pivot_translate	0 0 0
	scale_pivot_translate	0 0 0
	translate_limit_x -INF +INF
	translate_limit_y -INF +INF
	translate_limit_z -INF +INF
	rotate_limit_x -INF +INF
	rotate_limit_y -INF +INF
	rotate_limit_z -INF +INF
	scale_limit_x -INF +INF
	scale_limit_y -INF +INF
	scale_limit_z -INF +INF
	parent 23
	child_joints 0
	INSTANCE_LIST
	{
	}
	segment_scale_compensate 1
	EXTRA_ATTRIBUTES
	{
		original_name string "Bip001 L Finger21"
		wire_colour colour 0.423529 0.0313726 0.533333
	}
}
JOINT Bip001_L_Finger3
{
	id 25
	visible	1
	scale_pivot	0 0 0
	rotate_pivot	0 0 0
	min_bound	0 0 0
	max_bound	0 0 0
	scale	1 1 1
	translate	11.0554 0.936558 2.89654
	rotation_orient	0 0 0 1
	rotation	0.016033 0.390516 0.0748305 0.91741
	joint_orient	0 0 0 1
	bind_pose_matrix
		0.683795 0.149823 -0.714127 0
		-0.124778 0.988287 0.0878626 0
		0.718926 0.0290274 0.69448 0
		11.0554 0.936558 2.89654 1
	rotation_order xyz
	inherits_transform 1
	shearing 0 0 0
	rotate_pivot_translate	0 0 0
	scale_pivot_translate	0 0 0
	translate_limit_x -INF +INF
	translate_limit_y -INF +INF
	translate_limit_z -INF +INF
	rotate_limit_x -INF +INF
	rotate_limit_y -INF +INF
	rotate_limit_z -INF +INF
	scale_limit_x -INF +INF
	scale_limit_y -INF +INF
	scale_limit_z -INF +INF
	parent 18
	child_joints 1
		26 
	INSTANCE_LIST
	{
	}
	segment_scale_compensate 1
	EXTRA_ATTRIBUTES
	{
		original_name string "Bip001 L Finger3"
		wire_colour colour 0.423529 0.0313726 0.533333
	}
}
JOINT Bip001_L_Finger31
{
	id 26
	visible	1
	scale_pivot	0 0 0
	rotate_pivot	0 0 0
	min_bound	0 0 0
	max_bound	0 0 0
	scale	1 1 1
	translate	6.23099 7.74655e-08 1.93484e-06
	rotation_orient	0 0 0 1
	rotation	6.5022e-09 0.630432 -2.50021e-09 0.776244
	joint_orient	0 0 0 1
	bind_pose_matrix
		0.205111 4.31684e-09 -0.978739 0
		1.20799e-08 1 6.94217e-09 0
		0.978739 -1.3247e-08 0.205111 0
		6.23099 7.74655e-08 1.93484e-06 1
	rotation_order xyz
	inherits_transform 1
	shearing 0 0 0
	rotate_pivot_translate	0 0 0
	scale_pivot_translate	0 0 0
	translate_limit_x -INF +INF
	translate_limit_y -INF +INF
	translate_limit_z -INF +INF
	rotate_limit_x -INF +INF
	rotate_limit_y -INF +INF
	rotate_limit_z -INF +INF
	scale_limit_x -INF +INF
	scale_limit_y -INF +INF
	scale_limit_z -INF +INF
	parent 25
	child_joints 0
	INSTANCE_LIST
	{
	}
	segment_scale_compensate 1
	EXTRA_ATTRIBUTES
	{
		original_name string "Bip001 L Finger31"
		wire_colour colour 0.423529 0.0313726 0.533333
	}
}
JOINT Bip001_L_Finger4
{
	id 27
	visible	1
	scale_pivot	0 0 0
	rotate_pivot	0 0 0
	min_bound	0 0 0
	max_bound	0 0 0
	scale	1 1 1
	translate	10.2044 4.11723 1.4761
	rotation_orient	0 0 0 1
	rotation	-0.0023565 0.42731 0.0853642 0.900063
	joint_orient	0 0 0 1
	bind_pose_matrix
		0.620239 0.151652 -0.769614 0
		-0.15568 0.985415 0.0687119 0
		0.768809 0.0771959 0.634802 0
		10.2044 4.11723 1.4761 1
	rotation_order xyz
	inherits_transform 1
	shearing 0 0 0
	rotate_pivot_translate	0 0 0
	scale_pivot_translate	0 0 0
	translate_limit_x -INF +INF
	translate_limit_y -INF +INF
	translate_limit_z -INF +INF
	rotate_limit_x -INF +INF
	rotate_limit_y -INF +INF
	rotate_limit_z -INF +INF
	scale_limit_x -INF +INF
	scale_limit_y -INF +INF
	scale_limit_z -INF +INF
	parent 18
	child_joints 1
		28 
	INSTANCE_LIST
	{
	}
	segment_scale_compensate 1
	EXTRA_ATTRIBUTES
	{
		original_name string "Bip001 L Finger4"
		wire_colour colour 0.423529 0.0313726 0.533333
	}
}
JOINT Bip001_L_Finger41
{
	id 28
	visible	1
	scale_pivot	0 0 0
	rotate_pivot	0 0 0
	min_bound	0 0 0
	max_bound	0 0 0
	scale	1 1 1
	translate	4.89964 -1.90876e-06 1.20258e-07
	rotation_orient	0 0 0 1
	rotation	-1.5746e-08 0.627012 6.70946e-09 0.779009
	joint_orient	0 0 0 1
	bind_pose_matrix
		0.213711 -9.29238e-09 -0.976897 0
		-3.01993e-08 1 -1.61187e-08 0
		0.976897 3.29464e-08 0.213711 0
		4.89964 -1.90876e-06 1.20258e-07 1
	rotation_order xyz
	inherits_transform 1
	shearing 0 0 0
	rotate_pivot_translate	0 0 0
	scale_pivot_translate	0 0 0
	translate_limit_x -INF +INF
	translate_limit_y -INF +INF
	translate_limit_z -INF +INF
	rotate_limit_x -INF +INF
	rotate_limit_y -INF +INF
	rotate_limit_z -INF +INF
	scale_limit_x -INF +INF
	scale_limit_y -INF +INF
	scale_limit_z -INF +INF
	parent 27
	child_joints 0
	INSTANCE_LIST
	{
	}
	segment_scale_compensate 1
	EXTRA_ATTRIBUTES
	{
		original_name string "Bip001 L Finger41"
		wire_colour colour 0.423529 0.0313726 0.533333
	}
}
JOINT Bip001_L_Foot
{
	id 52
	visible	1
	scale_pivot	0 0 0
	rotate_pivot	0 0 0
	min_bound	0 0 0
	max_bound	0 0 0
	scale	1 1 1
	translate	55.4182 -6.94004e-07 2.86694e-06
	rotation_orient	0 0 0 1
	rotation	-0.00131002 0.173307 0.0575267 0.983186
	joint_orient	0 0 0 1
	bind_pose_matrix
		0.933311 0.112665 -0.340936 0
		-0.113573 0.993378 0.0173636 0
		0.340634 0.0225155 0.939926 0
		55.4182 -6.94004e-07 2.86694e-06 1
	rotation_order xyz
	inherits_transform 1
	shearing 0 0 0
	rotate_pivot_translate	0 0 0
	scale_pivot_translate	0 0 0
	translate_limit_x -INF +INF
	translate_limit_y -INF +INF
	translate_limit_z -INF +INF
	rotate_limit_x -INF +INF
	rotate_limit_y -INF +INF
	rotate_limit_z -INF +INF
	scale_limit_x -INF +INF
	scale_limit_y -INF +INF
	scale_limit_z -INF +INF
	parent 51
	child_joints 1
		53 
	INSTANCE_LIST
	{
	}
	segment_scale_compensate 1
	EXTRA_ATTRIBUTES
	{
		original_name string "Bip001 L Foot"
		wire_colour colour 0.109804 0.109804 0.694118
	}
}
JOINT Bip001_L_ForeTwist
{
	id 62
	visible	1
	scale_pivot	0 0 0
	rotate_pivot	0 0 0
	min_bound	0 0 0
	max_bound	0 0 0
	scale	1 1 1
	translate	0 0 -0
	rotation_orient	0 0 0 1
	rotation	-0.0556446 -2.77124e-17 -1.54445e-18 0.998451
	joint_orient	0 0 0 1
	bind_pose_matrix
		1 -2.04727e-23 5.55108e-17 0
		6.1682e-18 0.993807 -0.111117 0
		-5.5167e-17 0.111117 0.993807 0
		0 0 -0 1
	rotation_order xyz
	inherits_transform 1
	shearing 0 0 0
	rotate_pivot_translate	0 0 0
	scale_pivot_translate	0 0 0
	translate_limit_x -INF +INF
	translate_limit_y -INF +INF
	translate_limit_z -INF +INF
	rotate_limit_x -INF +INF
	rotate_limit_y -INF +INF
	rotate_limit_z -INF +INF
	scale_limit_x -INF +INF
	scale_limit_y -INF +INF
	scale_limit_z -INF +INF
	parent 17
	child_joints 0
	INSTANCE_LIST
	{
	}
	segment_scale_compensate 1
	EXTRA_ATTRIBUTES
	{
		original_name string "Bip001 L ForeTwist"
		wire_colour colour 0.313726 0.313726 0.313726
	}
}
JOINT Bip001_L_Forearm
{
	id 17
	visible	1
	scale_pivot	0 0 0
	rotate_pivot	0 0 0
	min_bound	0 0 0
	max_bound	0 0 0
	scale	1 1 1
	translate	37.1165 -1.23867e-06 -2.84106e-06
	rotation_orient	0 0 0 1
	rotation	4.42074e-09 -0.67661 -4.00735e-08 0.736342
	joint_orient	0 0 0 1
	bind_pose_matrix
		0.084399 -6.49978e-08 0.996432 0
		5.30334e-08 1 6.07386e-08 0
		-0.996432 4.77179e-08 0.084399 0
		37.1165 -1.23867e-06 -2.84106e-06 1
	rotation_order xyz
	inherits_transform 1
	shearing 0 0 0
	rotate_pivot_translate	0 0 0
	scale_pivot_translate	0 0 0
	translate_limit_x -INF +INF
	translate_limit_y -INF +INF
	translate_limit_z -INF +INF
	rotate_limit_x -INF +INF
	rotate_limit_y -INF +INF
	rotate_limit_z -INF +INF
	scale_limit_x -INF +INF
	scale_limit_y -INF +INF
	scale_limit_z -INF +INF
	parent 16
	child_joints 2
		18 62 
	INSTANCE_LIST
	{
	}
	segment_scale_compensate 1
	EXTRA_ATTRIBUTES
	{
		original_name string "Bip001 L Forearm"
		wire_colour colour 0.109804 0.109804 0.694118
	}
}
JOINT Bip001_L_Hand
{
	id 18
	visible	1
	scale_pivot	0 0 0
	rotate_pivot	0 0 0
	min_bound	0 0 0
	max_bound	0 0 0
	scale	1 1 1
	translate	30.2262 -7.63421e-07 -6.41415e-06
	rotation_orient	0 0 0 1
	rotation	-0.769123 -0.37607 0.0352679 0.515536
	joint_orient	0 0 0 1
	bind_pose_matrix
		0.714655 0.614852 0.333505 0
		0.542124 -0.185588 -0.819548 0
		-0.442006 0.766495 -0.465957 0
		30.2262 -7.63421e-07 -6.41415e-06 1
	rotation_order xyz
	inherits_transform 1
	shearing 0 0 0
	rotate_pivot_translate	0 0 0
	scale_pivot_translate	0 0 0
	translate_limit_x -INF +INF
	translate_limit_y -INF +INF
	translate_limit_z -INF +INF
	rotate_limit_x -INF +INF
	rotate_limit_y -INF +INF
	rotate_limit_z -INF +INF
	scale_limit_x -INF +INF
	scale_limit_y -INF +INF
	scale_limit_z -INF +INF
	parent 17
	child_joints 6
		19 21 23 25 27 29 
	INSTANCE_LIST
	{
	}
	segment_scale_compensate 1
	EXTRA_ATTRIBUTES
	{
		original_name string "Bip001 L Hand"
		wire_colour colour 0.109804 0.109804 0.694118
	}
}
JOINT Bip001_L_Thigh
{
	id 50
	visible	1
	scale_pivot	0 0 0
	rotate_pivot	0 0 0
	min_bound	0 0 0
	max_bound	0 0 0
	scale	1 1 1
	translate	-1.78535e-05 13.1784 -2.34338e-05
	rotation_orient	0 0 0 1
	rotation	-0.0711751 0.210826 -0.974898 -0.00783035
	joint_orient	0 0 0 1
	bind_pose_matrix
		-0.989746 -0.0147436 0.142079 0
		-0.0452787 -0.910982 -0.409953 0
		0.135475 -0.412183 0.900973 0
		-1.78535e-05 13.1784 -2.34338e-05 1
	rotation_order xyz
	inherits_transform 1
	shearing 0 0 0
	rotate_pivot_translate	0 0 0
	scale_pivot_translate	0 0 0
	translate_limit_x -INF +INF
	translate_limit_y -INF +INF
	translate_limit_z -INF +INF
	rotate_limit_x -INF +INF
	rotate_limit_y -INF +INF
	rotate_limit_z -INF +INF
	scale_limit_x -INF +INF
	scale_limit_y -INF +INF
	scale_limit_z -INF +INF
	parent 3
	child_joints 1
		51 
	INSTANCE_LIST
	{
	}
	segment_scale_compensate 1
	EXTRA_ATTRIBUTES
	{
		original_name string "Bip001 L Thigh"
		wire_colour colour 0.109804 0.109804 0.694118
	}
}
JOINT Bip001_L_Toe0
{
	id 53
	visible	1
	scale_pivot	0 0 0
	rotate_pivot	0 0 0
	min_bound	0 0 0
	max_bound	0 0 0
	scale	1 1 1
	translate	12.7462 1.81526e-06 -16.4038
	rotation_orient	0 0 0 1
	rotation	-1.75702e-07 0.707107 -3.50102e-08 0.707106
	joint_orient	0 0 0 1
	bind_pose_matrix
		-1.3113e-06 -2.97992e-07 -1 0
		-1.98968e-07 1 -2.97992e-07 0
		1 1.98968e-07 -1.3113e-06 0
		12.7462 1.81526e-06 -16.4038 1
	rotation_order xyz
	inherits_transform 1
	shearing 0 0 0
	rotate_pivot_translate	0 0 0
	scale_pivot_translate	0 0 0
	translate_limit_x -INF +INF
	translate_limit_y -INF +INF
	translate_limit_z -INF +INF
	rotate_limit_x -INF +INF
	rotate_limit_y -INF +INF
	rotate_limit_z -INF +INF
	scale_limit_x -INF +INF
	scale_limit_y -INF +INF
	scale_limit_z -INF +INF
	parent 52
	child_joints 0
	INSTANCE_LIST
	{
	}
	segment_scale_compensate 1
	EXTRA_ATTRIBUTES
	{
		original_name string "Bip001 L Toe0"
		wire_colour colour 0.423529 0.0313726 0.533333
	}
}
JOINT Bip001_L_UpperArm
{
	id 16
	visible	1
	scale_pivot	0 0 0
	rotate_pivot	0 0 0
	min_bound	0 0 0
	max_bound	0 0 0
	scale	1 1 1
	translate	21.211 5.56959e-06 1.28047e-08
	rotation_orient	0 0 0 1
	rotation	-0.391321 -0.122582 -0.462423 0.786134
	joint_orient	0 0 0 1
	bind_pose_matrix
		0.542277 -0.631115 0.554644 0
		0.822991 0.266066 -0.501892 0
		0.16918 0.728631 0.663683 0
		21.211 5.56959e-06 1.28047e-08 1
	rotation_order xyz
	inherits_transform 1
	shearing 0 0 0
	rotate_pivot_translate	0 0 0
	scale_pivot_translate	0 0 0
	translate_limit_x -INF +INF
	translate_limit_y -INF +INF
	translate_limit_z -INF +INF
	rotate_limit_x -INF +INF
	rotate_limit_y -INF +INF
	rotate_limit_z -INF +INF
	scale_limit_x -INF +INF
	scale_limit_y -INF +INF
	scale_limit_z -INF +INF
	parent 15
	child_joints 1
		17 
	INSTANCE_LIST
	{
	}
	segment_scale_compensate 1
	EXTRA_ATTRIBUTES
	{
		original_name string "Bip001 L UpperArm"
		wire_colour colour 0.109804 0.109804 0.694118
	}
}
JOINT Bip001_Neck
{
	id 6
	visible	1
	scale_pivot	0 0 0
	rotate_pivot	0 0 0
	min_bound	0 0 0
	max_bound	0 0 0
	scale	1 1 1
	translate	39.8148 0.00324428 1.99909
	rotation_orient	0 0 0 1
	rotation	-0.265931 0.108324 -0.0810487 0.954452
	joint_orient	0 0 0 1
	bind_pose_matrix
		0.963394 -0.212328 -0.163673 0
		0.0971008 0.845423 -0.525196 0
		0.249887 0.490078 0.835093 0
		39.8148 0.00324428 1.99909 1
	rotation_order xyz
	inherits_transform 1
	shearing 0 0 0
	rotate_pivot_translate	0 0 0
	scale_pivot_translate	0 0 0
	translate_limit_x -INF +INF
	translate_limit_y -INF +INF
	translate_limit_z -INF +INF
	rotate_limit_x -INF +INF
	rotate_limit_y -INF +INF
	rotate_limit_z -INF +INF
	scale_limit_x -INF +INF
	scale_limit_y -INF +INF
	scale_limit_z -INF +INF
	parent 5
	child_joints 1
		7 
	INSTANCE_LIST
	{
	}
	segment_scale_compensate 1
	EXTRA_ATTRIBUTES
	{
		original_name string "Bip001 Neck"
		wire_colour colour 0.0313726 0.431373 0.52549
	}
}
JOINT Bip001_Pelvis
{
	id 3
	visible	1
	scale_pivot	0 0 0
	rotate_pivot	0 0 0
	min_bound	0 0 0
	max_bound	0 0 0
	scale	1 1 1
	translate	0 0 -0
	rotation_orient	0 0 0 1
	rotation	-0.463487 -0.53227 0.464569 0.534831
	joint_orient	0 0 0 1
	bind_pose_matrix
		0.00172842 0.990332 0.138707 0
		-0.00353095 0.138712 -0.990326 0
		-0.999992 0.00122193 0.00373662 0
		0 0 -0 1
	rotation_order xyz
	inherits_transform 1
	shearing 0 0 0
	rotate_pivot_translate	0 0 0
	scale_pivot_translate	0 0 0
	translate_limit_x -INF +INF
	translate_limit_y -INF +INF
	translate_limit_z -INF +INF
	rotate_limit_x -INF +INF
	rotate_limit_y -INF +INF
	rotate_limit_z -INF +INF
	scale_limit_x -INF +INF
	scale_limit_y -INF +INF
	scale_limit_z -INF +INF
	parent 2
	child_joints 4
		4 50 54 58 
	INSTANCE_LIST
	{
	}
	segment_scale_compensate 1
	EXTRA_ATTRIBUTES
	{
		original_name string "Bip001 Pelvis"
		wire_colour colour 0.878431 0.776471 0.341176
	}
}
JOINT Bip001_R_Calf
{
	id 55
	visible	1
	scale_pivot	0 0 0
	rotate_pivot	0 0 0
	min_bound	0 0 0
	max_bound	0 0 0
	scale	1 1 1
	translate	55.4182 -4.93928e-07 1.66074e-07
	rotation_orient	0 0 0 1
	rotation	6.29248e-09 -0.152785 2.72439e-08 0.988259
	joint_orient	0 0 0 1
	bind_pose_matrix
		0.953313 5.19253e-08 0.301983 0
		-5.57709e-08 1 4.11224e-09 0
		-0.301983 -2.07621e-08 0.953313 0
		55.4182 -4.93928e-07 1.66074e-07 1
	rotation_order xyz
	inherits_transform 1
	shearing 0 0 0
	rotate_pivot_translate	0 0 0
	scale_pivot_translate	0 0 0
	translate_limit_x -INF +INF
	translate_limit_y -INF +INF
	translate_limit_z -INF +INF
	rotate_limit_x -INF +INF
	rotate_limit_y -INF +INF
	rotate_limit_z -INF +INF
	scale_limit_x -INF +INF
	scale_limit_y -INF +INF
	scale_limit_z -INF +INF
	parent 54
	child_joints 1
		56 
	INSTANCE_LIST
	{
	}
	segment_scale_compensate 1
	EXTRA_ATTRIBUTES
	{
		original_name string "Bip001 R Calf"
		wire_colour colour 0.0235294 0.52549 0.0235294
	}
}
JOINT Bip001_R_Clavicle
{
	id 32
	visible	1
	scale_pivot	0 0 0
	rotate_pivot	0 0 0
	min_bound	0 0 0
	max_bound	0 0 0
	scale	1 1 1
	translate	30.7037 -3.87927 0.0572066
	rotation_orient	0 0 0 1
	rotation	-0.630814 0.715165 -0.225976 -0.198867
	joint_orient	0 0 0 1
	bind_pose_matrix
		-0.125052 -0.812393 0.569544 0
		-0.99215 0.102017 -0.0723239 0
		0.000651956 -0.574117 -0.818773 0
		30.7037 -3.87927 0.0572066 1
	rotation_order xyz
	inherits_transform 1
	shearing 0 0 0
	rotate_pivot_translate	0 0 0
	scale_pivot_translate	0 0 0
	translate_limit_x -INF +INF
	translate_limit_y -INF +INF
	translate_limit_z -INF +INF
	rotate_limit_x -INF +INF
	rotate_limit_y -INF +INF
	rotate_limit_z -INF +INF
	scale_limit_x -INF +INF
	scale_limit_y -INF +INF
	scale_limit_z -INF +INF
	parent 5
	child_joints 2
		33 49 
	INSTANCE_LIST
	{
	}
	segment_scale_compensate 1
	EXTRA_ATTRIBUTES
	{
		original_name string "Bip001 R Clavicle"
		wire_colour colour 0.0235294 0.52549 0.0235294
	}
}
JOINT Bip001_R_Finger0
{
	id 36
	visible	1
	scale_pivot	0 0 0
	rotate_pivot	0 0 0
	min_bound	0 0 0
	max_bound	0 0 0
	scale	1 1 1
	translate	4.25013 6.28469 -1.81946
	rotation_orient	0 0 0 1
	rotation	-0.590178 0.143858 0.248095 0.754615
	joint_orient	0 0 0 1
	bind_pose_matrix
		0.835508 0.204628 -0.509955 0
		-0.544236 0.180278 -0.819334 0
		-0.0757254 0.962095 0.261989 0
		4.25013 6.28469 -1.81946 1
	rotation_order xyz
	inherits_transform 1
	shearing 0 0 0
	rotate_pivot_translate	0 0 0
	scale_pivot_translate	0 0 0
	translate_limit_x -INF +INF
	translate_limit_y -INF +INF
	translate_limit_z -INF +INF
	rotate_limit_x -INF +INF
	rotate_limit_y -INF +INF
	rotate_limit_z -INF +INF
	scale_limit_x -INF +INF
	scale_limit_y -INF +INF
	scale_limit_z -INF +INF
	parent 35
	child_joints 1
		37 
	INSTANCE_LIST
	{
	}
	segment_scale_compensate 1
	EXTRA_ATTRIBUTES
	{
		original_name string "Bip001 R Finger0"
		wire_colour colour 0.878431 0.776471 0.341176
	}
}
JOINT Bip001_R_Finger01
{
	id 37
	visible	1
	scale_pivot	0 0 0
	rotate_pivot	0 0 0
	min_bound	0 0 0
	max_bound	0 0 0
	scale	1 1 1
	translate	7.53773 2.13664e-07 4.07788e-07
	rotation_orient	0 0 0 1
	rotation	-5.4744e-10 0.509045 4.74118e-09 0.86074
	joint_orient	0 0 0 1
	bind_pose_matrix
		0.481747 7.60451e-09 -0.87631 0
		-8.71919e-09 1 3.88454e-09 0
		0.87631 5.76935e-09 0.481747 0
		7.53773 2.13664e-07 4.07788e-07 1
	rotation_order xyz
	inherits_transform 1
	shearing 0 0 0
	rotate_pivot_translate	0 0 0
	scale_pivot_translate	0 0 0
	translate_limit_x -INF +INF
	translate_limit_y -INF +INF
	translate_limit_z -INF +INF
	rotate_limit_x -INF +INF
	rotate_limit_y -INF +INF
	rotate_limit_z -INF +INF
	scale_limit_x -INF +INF
	scale_limit_y -INF +INF
	scale_limit_z -INF +INF
	parent 36
	child_joints 0
	INSTANCE_LIST
	{
	}
	segment_scale_compensate 1
	EXTRA_ATTRIBUTES
	{
		original_name string "Bip001 R Finger01"
		wire_colour colour 0.878431 0.776471 0.341176
	}
}
JOINT Bip001_R_Finger1
{
	id 38
	visible	1
	scale_pivot	0 0 0
	rotate_pivot	0 0 0
	min_bound	0 0 0
	max_bound	0 0 0
	scale	1 1 1
	translate	10.0508 5.16902 1.956
	rotation_orient	0 0 0 1
	rotation	-0.179548 0.379042 0.116595 0.900275
	joint_orient	0 0 0 1
	bind_pose_matrix
		0.685466 0.0738234 -0.724353 0
		-0.346048 0.908336 -0.234896 0
		0.640615 0.411674 0.64818 0
		10.0508 5.16902 1.956 1
	rotation_order xyz
	inherits_transform 1
	shearing 0 0 0
	rotate_pivot_translate	0 0 0
	scale_pivot_translate	0 0 0
	translate_limit_x -INF +INF
	translate_limit_y -INF +INF
	translate_limit_z -INF +INF
	rotate_limit_x -INF +INF
	rotate_limit_y -INF +INF
	rotate_limit_z -INF +INF
	scale_limit_x -INF +INF
	scale_limit_y -INF +INF
	scale_limit_z -INF +INF
	parent 35
	child_joints 1
		39 
	INSTANCE_LIST
	{
	}
	segment_scale_compensate 1
	EXTRA_ATTRIBUTES
	{
		original_name string "Bip001 R Finger1"
		wire_colour colour 0.443137 0.52549 0.0235294
	}
}
JOINT Bip001_R_Finger11
{
	id 39
	visible	1
	scale_pivot	0 0 0
	rotate_pivot	0 0 0
	min_bound	0 0 0
	max_bound	0 0 0
	scale	1 1 1
	translate	6.62896 1.41413e-07 -2.33291e-06
	rotation_orient	0 0 0 1
	rotation	-3.72311e-08 0.734885 8.84282e-09 0.678192
	joint_orient	0 0 0 1
	bind_pose_matrix
		-0.0801126 -4.2727e-08 -0.996786 0
		-6.67155e-08 1 -3.75028e-08 0
		0.996786 6.34966e-08 -0.0801126 0
		6.62896 1.41413e-07 -2.33291e-06 1
	rotation_order xyz
	inherits_transform 1
	shearing 0 0 0
	rotate_pivot_translate	0 0 0
	scale_pivot_translate	0 0 0
	translate_limit_x -INF +INF
	translate_limit_y -INF +INF
	translate_limit_z -INF +INF
	rotate_limit_x -INF +INF
	rotate_limit_y -INF +INF
	rotate_limit_z -INF +INF
	scale_limit_x -INF +INF
	scale_limit_y -INF +INF
	scale_limit_z -INF +INF
	parent 38
	child_joints 0
	INSTANCE_LIST
	{
	}
	segment_scale_compensate 1
	EXTRA_ATTRIBUTES
	{
		original_name string "Bip001 R Finger11"
		wire_colour colour 0.443137 0.52549 0.0235294
	}
}
JOINT Bip001_R_Finger2
{
	id 40
	visible	1
	scale_pivot	0 0 0
	rotate_pivot	0 0 0
	min_bound	0 0 0
	max_bound	0 0 0
	scale	1 1 1
	translate	10.1465 2.47731 2.37493
	rotation_orient	0 0 0 1
	rotation	-0.058055 0.460858 -0.0302299 0.885057
	joint_orient	0 0 0 1
	bind_pose_matrix
		0.573391 -0.107021 -0.812262 0
		2.6077e-08 0.991432 -0.130627 0
		0.819282 0.0749006 0.568478 0
		10.1465 2.47731 2.37493 1
	rotation_order xyz
	inherits_transform 1
	shearing 0 0 0
	rotate_pivot_translate	0 0 0
	scale_pivot_translate	0 0 0
	translate_limit_x -INF +INF
	translate_limit_y -INF +INF
	translate_limit_z -INF +INF
	rotate_limit_x -INF +INF
	rotate_limit_y -INF +INF
	rotate_limit_z -INF +INF
	scale_limit_x -INF +INF
	scale_limit_y -INF +INF
	scale_limit_z -INF +INF
	parent 35
	child_joints 1
		41 
	INSTANCE_LIST
	{
	}
	segment_scale_compensate 1
	EXTRA_ATTRIBUTES
	{
		original_name string "Bip001 R Finger2"
		wire_colour colour 0.443137 0.52549 0.0235294
	}
}
JOINT Bip001_R_Finger21
{
	id 41
	visible	1
	scale_pivot	0 0 0
	rotate_pivot	0 0 0
	min_bound	0 0 0
	max_bound	0 0 0
	scale	1 1 1
	translate	7.98668 2.79804e-06 2.93525e-06
	rotation_orient	0 0 0 1
	rotation	-5.52255e-10 0.71806 -1.04775e-09 0.695981
	joint_orient	0 0 0 1
	bind_pose_matrix
		-0.0312197 -2.25153e-09 -0.999513 0
		6.65321e-10 1 -2.27341e-09 0
		0.999512 -7.35972e-10 -0.0312197 0
		7.98668 2.79804e-06 2.93525e-06 1
	rotation_order xyz
	inherits_transform 1
	shearing 0 0 0
	rotate_pivot_translate	0 0 0
	scale_pivot_translate	0 0 0
	translate_limit_x -INF +INF
	translate_limit_y -INF +INF
	translate_limit_z -INF +INF
	rotate_limit_x -INF +INF
	rotate_limit_y -INF +INF
	rotate_limit_z -INF +INF
	scale_limit_x -INF +INF
	scale_limit_y -INF +INF
	scale_limit_z -INF +INF
	parent 40
	child_joints 0
	INSTANCE_LIST
	{
	}
	segment_scale_compensate 1
	EXTRA_ATTRIBUTES
	{
		original_name string "Bip001 R Finger21"
		wire_colour colour 0.443137 0.52549 0.0235294
	}
}
JOINT Bip001_R_Finger3
{
	id 42
	visible	1
	scale_pivot	0 0 0
	rotate_pivot	0 0 0
	min_bound	0 0 0
	max_bound	0 0 0
	scale	1 1 1
	translate	11.0554 -0.936558 2.89654
	rotation_orient	0 0 0 1
	rotation	0.00851188 0.58066 -0.0336989 0.813404
	joint_orient	0 0 0 1
	bind_pose_matrix
		0.323396 -0.0449367 -0.945196 0
		0.0647067 0.997584 -0.0252881 0
		0.944049 -0.0529825 0.325522 0
		11.0554 -0.936558 2.89654 1
	rotation_order xyz
	inherits_transform 1
	shearing 0 0 0
	rotate_pivot_translate	0 0 0
	scale_pivot_translate	0 0 0
	translate_limit_x -INF +INF
	translate_limit_y -INF +INF
	translate_limit_z -INF +INF
	rotate_limit_x -INF +INF
	rotate_limit_y -INF +INF
	rotate_limit_z -INF +INF
	scale_limit_x -INF +INF
	scale_limit_y -INF +INF
	scale_limit_z -INF +INF
	parent 35
	child_joints 1
		43 
	INSTANCE_LIST
	{
	}
	segment_scale_compensate 1
	EXTRA_ATTRIBUTES
	{
		original_name string "Bip001 R Finger3"
		wire_colour colour 0.443137 0.52549 0.0235294
	}
}
JOINT Bip001_R_Finger31
{
	id 43
	visible	1
	scale_pivot	0 0 0
	rotate_pivot	0 0 0
	min_bound	0 0 0
	max_bound	0 0 0
	scale	1 1 1
	translate	6.23099 -1.3568e-06 2.0394e-06
	rotation_orient	0 0 0 1
	rotation	-2.33872e-08 0.560379 1.24594e-08 0.828236
	joint_orient	0 0 0 1
	bind_pose_matrix
		0.371951 -5.57277e-09 -0.928253 0
		-4.68501e-08 1 -2.47764e-08 0
		0.928252 5.27043e-08 0.371951 0
		6.23099 -1.3568e-06 2.0394e-06 1
	rotation_order xyz
	inherits_transform 1
	shearing 0 0 0
	rotate_pivot_translate	0 0 0
	scale_pivot_translate	0 0 0
	translate_limit_x -INF +INF
	translate_limit_y -INF +INF
	translate_limit_z -INF +INF
	rotate_limit_x -INF +INF
	rotate_limit_y -INF +INF
	rotate_limit_z -INF +INF
	scale_limit_x -INF +INF
	scale_limit_y -INF +INF
	scale_limit_z -INF +INF
	parent 42
	child_joints 0
	INSTANCE_LIST
	{
	}
	segment_scale_compensate 1
	EXTRA_ATTRIBUTES
	{
		original_name string "Bip001 R Finger31"
		wire_colour colour 0.443137 0.52549 0.0235294
	}
}
JOINT Bip001_R_Finger4
{
	id 44
	visible	1
	scale_pivot	0 0 0
	rotate_pivot	0 0 0
	min_bound	0 0 0
	max_bound	0 0 0
	scale	1 1 1
	translate	10.2044 -4.11723 1.47611
	rotation_orient	0 0 0 1
	rotation	0.0156617 0.541951 -0.0408415 0.839271
	joint_orient	0 0 0 1
	bind_pose_matrix
		0.409243 -0.0515785 -0.910966 0
		0.08553 0.996173 -0.0179793 0
		0.908408 -0.070557 0.412088 0
		10.2044 -4.11723 1.47611 1
	rotation_order xyz
	inherits_transform 1
	shearing 0 0 0
	rotate_pivot_translate	0 0 0
	scale_pivot_translate	0 0 0
	translate_limit_x -INF +INF
	translate_limit_y -INF +INF
	translate_limit_z -INF +INF
	rotate_limit_x -INF +INF
	rotate_limit_y -INF +INF
	rotate_limit_z -INF +INF
	scale_limit_x -INF +INF
	scale_limit_y -INF +INF
	scale_limit_z -INF +INF
	parent 35
	child_joints 1
		45 
	INSTANCE_LIST
	{
	}
	segment_scale_compensate 1
	EXTRA_ATTRIBUTES
	{
		original_name string "Bip001 R Finger4"
		wire_colour colour 0.443137 0.52549 0.0235294
	}
}
JOINT Bip001_R_Finger41
{
	id 45
	visible	1
	scale_pivot	0 0 0
	rotate_pivot	0 0 0
	min_bound	0 0 0
	max_bound	0 0 0
	scale	1 1 1
	translate	4.89964 -1.96772e-06 -3.6089e-06
	rotation_orient	0 0 0 1
	rotation	-1.40037e-09 0.627012 -1.54354e-08 0.779009
	joint_orient	0 0 0 1
	bind_pose_matrix
		0.213711 -2.58048e-08 -0.976897 0
		2.22925e-08 1 -2.15382e-08 0
		0.976897 -1.71746e-08 0.213711 0
		4.89964 -1.96772e-06 -3.6089e-06 1
	rotation_order xyz
	inherits_transform 1
	shearing 0 0 0
	rotate_pivot_translate	0 0 0
	scale_pivot_translate	0 0 0
	translate_limit_x -INF +INF
	translate_limit_y -INF +INF
	translate_limit_z -INF +INF
	rotate_limit_x -INF +INF
	rotate_limit_y -INF +INF
	rotate_limit_z -INF +INF
	scale_limit_x -INF +INF
	scale_limit_y -INF +INF
	scale_limit_z -INF +INF
	parent 44
	child_joints 0
	INSTANCE_LIST
	{
	}
	segment_scale_compensate 1
	EXTRA_ATTRIBUTES
	{
		original_name string "Bip001 R Finger41"
		wire_colour colour 0.443137 0.52549 0.0235294
	}
}
JOINT Bip001_R_Foot
{
	id 56
	visible	1
	scale_pivot	0 0 0
	rotate_pivot	0 0 0
	min_bound	0 0 0
	max_bound	0 0 0
	scale	1 1 1
	translate	55.4182 -3.69289e-06 -1.5442e-06
	rotation_orient	0 0 0 1
	rotation	0.0760336 0.0738396 -0.178774 0.978165
	joint_orient	0 0 0 1
	bind_pose_matrix
		0.925175 -0.338512 -0.17164 0
		0.360969 0.924518 0.122346 0
		0.117269 -0.175148 0.977533 0
		55.4182 -3.69289e-06 -1.5442e-06 1
	rotation_order xyz
	inherits_transform 1
	shearing 0 0 0
	rotate_pivot_translate	0 0 0
	scale_pivot_translate	0 0 0
	translate_limit_x -INF +INF
	translate_limit_y -INF +INF
	translate_limit_z -INF +INF
	rotate_limit_x -INF +INF
	rotate_limit_y -INF +INF
	rotate_limit_z -INF +INF
	scale_limit_x -INF +INF
	scale_limit_y -INF +INF
	scale_limit_z -INF +INF
	parent 55
	child_joints 1
		57 
	INSTANCE_LIST
	{
	}
	segment_scale_compensate 1
	EXTRA_ATTRIBUTES
	{
		original_name string "Bip001 R Foot"
		wire_colour colour 0.0235294 0.52549 0.0235294
	}
}
JOINT Bip001_R_ForeTwist
{
	id 61
	visible	1
	scale_pivot	0 0 0
	rotate_pivot	0 0 0
	min_bound	0 0 0
	max_bound	0 0 0
	scale	1 1 1
	translate	0 0 -0
	rotation_orient	0 0 0 1
	rotation	0.0177193 1.38767e-17 -2.45904e-19 0.999843
	joint_orient	0 0 0 1
	bind_pose_matrix
		1 3.77918e-23 -2.77577e-17 0
		9.83501e-19 0.999372 0.035433 0
		2.77403e-17 -0.035433 0.999372 0
		0 0 -0 1
	rotation_order xyz
	inherits_transform 1
	shearing 0 0 0
	rotate_pivot_translate	0 0 0
	scale_pivot_translate	0 0 0
	translate_limit_x -INF +INF
	translate_limit_y -INF +INF
	translate_limit_z -INF +INF
	rotate_limit_x -INF +INF
	rotate_limit_y -INF +INF
	rotate_limit_z -INF +INF
	scale_limit_x -INF +INF
	scale_limit_y -INF +INF
	scale_limit_z -INF +INF
	parent 34
	child_joints 0
	INSTANCE_LIST
	{
	}
	segment_scale_compensate 1
	EXTRA_ATTRIBUTES
	{
		original_name string "Bip001 R ForeTwist"
		wire_colour colour 0.313726 0.313726 0.313726
	}
}
JOINT Bip001_R_Forearm
{
	id 34
	visible	1
	scale_pivot	0 0 0
	rotate_pivot	0 0 0
	min_bound	0 0 0
	max_bound	0 0 0
	scale	1 1 1
	translate	37.1165 2.12511e-07 6.83929e-07
	rotation_orient	0 0 0 1
	rotation	1.4258e-09 -0.214303 -1.25802e-09 0.976767
	joint_orient	0 0 0 1
	bind_pose_matrix
		0.908149 -3.0687e-09 0.418648 0
		1.84648e-09 1 3.32455e-09 0
		-0.418648 -2.24615e-09 0.908148 0
		37.1165 2.12511e-07 6.83929e-07 1
	rotation_order xyz
	inherits_transform 1
	shearing 0 0 0
	rotate_pivot_translate	0 0 0
	scale_pivot_translate	0 0 0
	translate_limit_x -INF +INF
	translate_limit_y -INF +INF
	translate_limit_z -INF +INF
	rotate_limit_x -INF +INF
	rotate_limit_y -INF +INF
	rotate_limit_z -INF +INF
	scale_limit_x -INF +INF
	scale_limit_y -INF +INF
	scale_limit_z -INF +INF
	parent 33
	child_joints 2
		35 61 
	INSTANCE_LIST
	{
	}
	segment_scale_compensate 1
	EXTRA_ATTRIBUTES
	{
		original_name string "Bip001 R Forearm"
		wire_colour colour 0.0235294 0.52549 0.0235294
	}
}
JOINT Bip001_R_Hand
{
	id 35
	visible	1
	scale_pivot	0 0 0
	rotate_pivot	0 0 0
	min_bound	0 0 0
	max_bound	0 0 0
	scale	1 1 1
	translate	30.2262 -9.3651e-07 4.04937e-07
	rotation_orient	0 0 0 1
	rotation	0.658412 0.261385 -0.301231 0.638303
	joint_orient	0 0 0 1
	bind_pose_matrix
		0.681875 -0.0403552 -0.730355 0
		0.728752 -0.0484932 0.683059 0
		-0.0629822 -0.998008 -0.00365734 0
		30.2262 -9.3651e-07 4.04937e-07 1
	rotation_order xyz
	inherits_transform 1
	shearing 0 0 0
	rotate_pivot_translate	0 0 0
	scale_pivot_translate	0 0 0
	translate_limit_x -INF +INF
	translate_limit_y -INF +INF
	translate_limit_z -INF +INF
	rotate_limit_x -INF +INF
	rotate_limit_y -INF +INF
	rotate_limit_z -INF +INF
	scale_limit_x -INF +INF
	scale_limit_y -INF +INF
	scale_limit_z -INF +INF
	parent 34
	child_joints 6
		36 38 40 42 44 46 
	INSTANCE_LIST
	{
	}
	segment_scale_compensate 1
	EXTRA_ATTRIBUTES
	{
		original_name string "Bip001 R Hand"
		wire_colour colour 0.0235294 0.52549 0.0235294
	}
}
JOINT Bip001_R_Thigh
{
	id 54
	visible	1
	scale_pivot	0 0 0
	rotate_pivot	0 0 0
	min_bound	0 0 0
	max_bound	0 0 0
	scale	1 1 1
	translate	1.7634e-05 -13.1784 1.40204e-05
	rotation_orient	0 0 0 1
	rotation	-0.00309673 -0.122296 -0.962711 0.24129
	joint_orient	0 0 0 1
	bind_pose_matrix
		-0.883539 -0.463828 0.0649801 0
		0.465343 -0.853646 0.233977 0
		-0.0530551 0.236966 0.970068 0
		1.7634e-05 -13.1784 1.40204e-05 1
	rotation_order xyz
	inherits_transform 1
	shearing 0 0 0
	rotate_pivot_translate	0 0 0
	scale_pivot_translate	0 0 0
	translate_limit_x -INF +INF
	translate_limit_y -INF +INF
	translate_limit_z -INF +INF
	rotate_limit_x -INF +INF
	rotate_limit_y -INF +INF
	rotate_limit_z -INF +INF
	scale_limit_x -INF +INF
	scale_limit_y -INF +INF
	scale_limit_z -INF +INF
	parent 3
	child_joints 1
		55 
	INSTANCE_LIST
	{
	}
	segment_scale_compensate 1
	EXTRA_ATTRIBUTES
	{
		original_name string "Bip001 R Thigh"
		wire_colour colour 0.0235294 0.52549 0.0235294
	}
}
JOINT Bip001_R_Toe0
{
	id 57
	visible	1
	scale_pivot	0 0 0
	rotate_pivot	0 0 0
	min_bound	0 0 0
	max_bound	0 0 0
	scale	1 1 1
	translate	12.7462 -4.82897e-08 -16.4038
	rotation_orient	0 0 0 1
	rotation	-9.86749e-08 0.707107 -2.77295e-08 0.707107
	joint_orient	0 0 0 1
	bind_pose_matrix
		-1.19209e-07 -1.78763e-07 -1 0
		-1.00332e-07 1 -1.78763e-07 0
		1 1.00332e-07 -1.19209e-07 0
		12.7462 -4.82897e-08 -16.4038 1
	rotation_order xyz
	inherits_transform 1
	shearing 0 0 0
	rotate_pivot_translate	0 0 0
	scale_pivot_translate	0 0 0
	translate_limit_x -INF +INF
	translate_limit_y -INF +INF
	translate_limit_z -INF +INF
	rotate_limit_x -INF +INF
	rotate_limit_y -INF +INF
	rotate_limit_z -INF +INF
	scale_limit_x -INF +INF
	scale_limit_y -INF +INF
	scale_limit_z -INF +INF
	parent 56
	child_joints 0
	INSTANCE_LIST
	{
	}
	segment_scale_compensate 1
	EXTRA_ATTRIBUTES
	{
		original_name string "Bip001 R Toe0"
		wire_colour colour 0.443137 0.52549 0.0235294
	}
}
JOINT Bip001_R_UpperArm
{
	id 33
	visible	1
	scale_pivot	0 0 0
	rotate_pivot	0 0 0
	min_bound	0 0 0
	max_bound	0 0 0
	scale	1 1 1
	translate	21.211 -5.75169e-06 -9.84178e-07
	rotation_orient	0 0 0 1
	rotation	-0.165821 -0.0272387 0.555669 0.814244
	joint_orient	0 0 0 1
	bind_pose_matrix
		0.380981 0.913934 -0.139925 0
		-0.895867 0.327471 -0.30031 0
