|XMD_005A#0MAX#0005.0.4|
JOINT Bip001
{
	id 46
	visible	1
	scale_pivot	0 0 0
	rotate_pivot	0 0 0
	min_bound	0 0 0
	max_bound	0 0 0
	scale	1 1 1
	translate	-17.5646 -0.759324 2604.41
	rotation_orient	0 0 0 1
	rotation	-0.185611 0.0653397 -0.678666 0.707596
	joint_orient	0 0 0 1
	bind_pose_matrix
		0.0702875 -0.984698 0.159467 0
		0.936187 0.0099234 -0.351363 0
		0.344404 0.173987 0.922559 0
		-17.5646 -0.759324 2604.41 1
	rotation_order xyz
	inherits_transform 1
	shearing 0 0 0
	rotate_pivot_translate	0 0 0
	scale_pivot_translate	0 0 0
	translate_limit_x -INF +INF
	translate_limit_y -INF +INF
	translate_limit_z -INF +INF
	rotate_limit_x -INF +INF
	rotate_limit_y -INF +INF
	rotate_limit_z -INF +INF
	scale_limit_x -INF +INF
	scale_limit_y -INF +INF
	scale_limit_z -INF +INF
	parent 0
	child_joints 1
		1 
	INSTANCE_LIST
	{
	}
	segment_scale_compensate 1
	EXTRA_ATTRIBUTES
	{
		wire_colour colour 0.65098 0.792157 0.941176
	}
}
JOINT Bip001_Head
{
	id 5
	visible	1
	scale_pivot	0 0 0
	rotate_pivot	0 0 0
	min_bound	0 0 0
	max_bound	0 0 0
	scale	1 1 1
	translate	8.31278 -5.3348e-05 3.01766e-06
	rotation_orient	0 0 0 1
	rotation	-0.00732184 -0.0268695 -0.172749 0.984572
	joint_orient	0 0 0 1
	bind_pose_matrix
		0.938872 -0.339774 0.0554396 0
		0.340561 0.940208 -0.00513439 0
		-0.0503802 0.0237011 0.998449 0
		8.31278 -5.3348e-05 3.01766e-06 1
	rotation_order xyz
	inherits_transform 1
	shearing 0 0 0
	rotate_pivot_translate	0 0 0
	scale_pivot_translate	0 0 0
	translate_limit_x -INF +INF
	translate_limit_y -INF +INF
	translate_limit_z -INF +INF
	rotate_limit_x -INF +INF
	rotate_limit_y -INF +INF
	rotate_limit_z -INF +INF
	scale_limit_x -INF +INF
	scale_limit_y -INF +INF
	scale_limit_z -INF +INF
	parent 4
	child_joints 0
	INSTANCE_LIST
	{
	}
	segment_scale_compensate 1
	EXTRA_ATTRIBUTES
	{
		original_name string "Bip001 Head"
		wire_colour colour 0.65098 0.792157 0.941176
	}
}
JOINT Bip001_L_Calf
{
	id 20
	visible	1
	scale_pivot	0 0 0
	rotate_pivot	0 0 0
	min_bound	0 0 0
	max_bound	0 0 0
	scale	1 1 1
	translate	55.4183 -1.55937e-05 -7.20429e-06
	rotation_orient	0 0 0 1
	rotation	-1.19927e-08 -5.88601e-09 -0.232354 0.972631
	joint_orient	0 0 0 1
	bind_pose_matrix
		0.892024 -0.451989 1.70229e-08 0
		0.451989 0.892024 -2.05937e-08 0
		-5.87674e-09 2.60642e-08 1 0
		55.4183 -1.55937e-05 -7.20429e-06 1
	rotation_order xyz
	inherits_transform 1
	shearing 0 0 0
	rotate_pivot_translate	0 0 0
	scale_pivot_translate	0 0 0
	translate_limit_x -INF +INF
	translate_limit_y -INF +INF
	translate_limit_z -INF +INF
	rotate_limit_x -INF +INF
	rotate_limit_y -INF +INF
	rotate_limit_z -INF +INF
	scale_limit_x -INF +INF
	scale_limit_y -INF +INF
	scale_limit_z -INF +INF
	parent 19
	child_joints 1
		21 
	INSTANCE_LIST
	{
	}
	segment_scale_compensate 1
	EXTRA_ATTRIBUTES
	{
		original_name string "Bip001 L Calf"
		wire_colour colour 0.109804 0.109804 0.694118
	}
}
JOINT Bip001_L_Clavicle
{
	id 6
	visible	1
	scale_pivot	0 0 0
	rotate_pivot	0 0 0
	min_bound	0 0 0
	max_bound	0 0 0
	scale	1 1 1
	translate	30.7035 -0.057206 3.87927
	rotation_orient	0 0 0 1
	rotation	0.654004 -0.0109695 0.756359 -0.00895885
	joint_orient	0 0 0 1
	bind_pose_matrix
		-0.144398 -0.0279004 0.989126 0
		-0.000796003 -0.999599 -0.028312 0
		0.989519 -0.00487555 0.144318 0
		30.7035 -0.057206 3.87927 1
	rotation_order xyz
	inherits_transform 1
	shearing 0 0 0
	rotate_pivot_translate	0 0 0
	scale_pivot_translate	0 0 0
	translate_limit_x -INF +INF
	translate_limit_y -INF +INF
	translate_limit_z -INF +INF
	rotate_limit_x -INF +INF
	rotate_limit_y -INF +INF
	rotate_limit_z -INF +INF
	scale_limit_x -INF +INF
	scale_limit_y -INF +INF
	scale_limit_z -INF +INF
	parent 3
	child_joints 2
		7 12 
	INSTANCE_LIST
	{
	}
	segment_scale_compensate 1
	EXTRA_ATTRIBUTES
	{
		original_name string "Bip001 L Clavicle"
		wire_colour colour 0.109804 0.109804 0.694118
	}
}
JOINT Bip001_L_Foot
{
	id 21
	visible	1
	scale_pivot	0 0 0
	rotate_pivot	0 0 0
	min_bound	0 0 0
	max_bound	0 0 0
	scale	1 1 1
	translate	55.4181 -2.92815e-05 7.09525e-06
	rotation_orient	0 0 0 1
	rotation	-0.067956 -0.00684734 -0.178484 0.981569
	joint_orient	0 0 0 1
	bind_pose_matrix
		0.936193 -0.349458 0.0377004 0
		0.35132 0.927051 -0.130963 0
		0.0108158 0.135851 0.99067 0
		55.4181 -2.92815e-05 7.09525e-06 1
	rotation_order xyz
	inherits_transform 1
	shearing 0 0 0
	rotate_pivot_translate	0 0 0
	scale_pivot_translate	0 0 0
	translate_limit_x -INF +INF
	translate_limit_y -INF +INF
	translate_limit_z -INF +INF
	rotate_limit_x -INF +INF
	rotate_limit_y -INF +INF
	rotate_limit_z -INF +INF
	scale_limit_x -INF +INF
	scale_limit_y -INF +INF
	scale_limit_z -INF +INF
	parent 20
	child_joints 0
	INSTANCE_LIST
	{
	}
	segment_scale_compensate 1
	EXTRA_ATTRIBUTES
	{
		original_name string "Bip001 L Foot"
		wire_colour colour 0.109804 0.109804 0.694118
	}
}
JOINT Bip001_L_ForeTwist
{
	id 26
	visible	0
	scale_pivot	0 0 0
	rotate_pivot	0 0 0
	min_bound	0 0 0
	max_bound	0 0 0
	scale	1 1 1
	translate	0 0 0
	rotation_orient	0 0 0 1
	rotation	-0.00647173 1.05877e-17 -2.76876e-17 0.999979
	joint_orient	0 0 0 1
	bind_pose_matrix
		1 -5.55112e-17 -2.08167e-17 0
		5.52371e-17 0.999916 -0.0129432 0
		2.15334e-17 0.0129432 0.999916 0
		0 0 0 1
	rotation_order xyz
	inherits_transform 1
	shearing 0 0 0
	rotate_pivot_translate	0 0 0
	scale_pivot_translate	0 0 0
	translate_limit_x -INF +INF
	translate_limit_y -INF +INF
	translate_limit_z -INF +INF
	rotate_limit_x -INF +INF
	rotate_limit_y -INF +INF
	rotate_limit_z -INF +INF
	scale_limit_x -INF +INF
	scale_limit_y -INF +INF
	scale_limit_z -INF +INF
	parent 8
	child_joints 0
	INSTANCE_LIST
	{
	}
	segment_scale_compensate 1
	EXTRA_ATTRIBUTES
	{
		original_name string "Bip001 L ForeTwist"
		wire_colour colour 0.313726 0.313726 0.313726
	}
}
JOINT Bip001_L_Forearm
{
	id 8
	visible	1
	scale_pivot	0 0 0
	rotate_pivot	0 0 0
	min_bound	0 0 0
	max_bound	0 0 0
	scale	1 1 1
	translate	37.1165 6.99134e-05 -4.39917e-06
	rotation_orient	0 0 0 1
	rotation	7.42461e-09 5.41595e-09 -0.768703 0.639606
	joint_orient	0 0 0 1
	bind_pose_matrix
		-0.181809 -0.983334 -1.83428e-08 0
		0.983334 -0.181809 1.17113e-09 0
		-4.48649e-09 -1.78242e-08 1 0
		37.1165 6.99134e-05 -4.39917e-06 1
	rotation_order xyz
	inherits_transform 1
	shearing 0 0 0
	rotate_pivot_translate	0 0 0
	scale_pivot_translate	0 0 0
	translate_limit_x -INF +INF
	translate_limit_y -INF +INF
	translate_limit_z -INF +INF
	rotate_limit_x -INF +INF
	rotate_limit_y -INF +INF
	rotate_limit_z -INF +INF
	scale_limit_x -INF +INF
	scale_limit_y -INF +INF
	scale_limit_z -INF +INF
	parent 7
	child_joints 2
		9 26 
	INSTANCE_LIST
	{
	}
	segment_scale_compensate 1
	EXTRA_ATTRIBUTES
	{
		original_name string "Bip001 L Forearm"
		wire_colour colour 0.109804 0.109804 0.694118
	}
}
JOINT Bip001_L_Hand
{
	id 9
	visible	1
	scale_pivot	0 0 0
	rotate_pivot	0 0 0
	min_bound	0 0 0
	max_bound	0 0 0
	scale	1 1 1
	translate	30.2263 0.000140006 9.94818e-06
	rotation_orient	0 0 0 1
	rotation	-0.668435 -0.257079 -0.305498 0.627516
	joint_orient	0 0 0 1
	bind_pose_matrix
		0.681163 -0.0397286 0.731053 0
		0.727091 -0.0802672 -0.681833 0
		0.0857678 0.995981 -0.0257888 0
		30.2263 0.000140006 9.94818e-06 1
	rotation_order xyz
	inherits_transform 1
	shearing 0 0 0
	rotate_pivot_translate	0 0 0
	scale_pivot_translate	0 0 0
	translate_limit_x -INF +INF
	translate_limit_y -INF +INF
	translate_limit_z -INF +INF
	rotate_limit_x -INF +INF
	rotate_limit_y -INF +INF
	rotate_limit_z -INF +INF
	scale_limit_x -INF +INF
	scale_limit_y -INF +INF
	scale_limit_z -INF +INF
	parent 8
	child_joints 1
		10 
	INSTANCE_LIST
	{
	}
	segment_scale_compensate 1
	EXTRA_ATTRIBUTES
	{
		original_name string "Bip001 L Hand"
		wire_colour colour 0.109804 0.109804 0.694118
	}
}
JOINT Bip001_L_Thigh
{
	id 19
	visible	1
	scale_pivot	0 0 0
	rotate_pivot	0 0 0
	min_bound	0 0 0
	max_bound	0 0 0
	scale	1 1 1
	translate	-1.53536e-05 0.000133905 13.1784
	rotation_orient	0 0 0 1
	rotation	-0.0160966 0.986727 -0.077328 -0.141887
	joint_orient	0 0 0 1
	bind_pose_matrix
		-0.959218 -0.00982233 0.282496 0
		-0.0537095 0.987523 -0.148035 0
		-0.277517 -0.157171 -0.947777 0
		-1.53536e-05 0.000133905 13.1784 1
	rotation_order xyz
	inherits_transform 1
	shearing 0 0 0
	rotate_pivot_translate	0 0 0
	scale_pivot_translate	0 0 0
	translate_limit_x -INF +INF
	translate_limit_y -INF +INF
	translate_limit_z -INF +INF
	rotate_limit_x -INF +INF
	rotate_limit_y -INF +INF
	rotate_limit_z -INF +INF
	scale_limit_x -INF +INF
	scale_limit_y -INF +INF
	scale_limit_z -INF +INF
	parent 1
	child_joints 1
		20 
	INSTANCE_LIST
	{
	}
	segment_scale_compensate 1
	EXTRA_ATTRIBUTES
	{
		original_name string "Bip001 L Thigh"
		wire_colour colour 0.109804 0.109804 0.694118
	}
}
JOINT Bip001_L_UpperArm
{
	id 7
	visible	1
	scale_pivot	0 0 0
	rotate_pivot	0 0 0
	min_bound	0 0 0
	max_bound	0 0 0
	scale	1 1 1
	translate	21.211 9.63096e-06 8.52353e-05
	rotation_orient	0 0 0 1
	rotation	0.603748 0.305939 -0.146145 0.721479
	joint_orient	0 0 0 1
	bind_pose_matrix
		0.770086 0.158538 -0.617926 0
		0.580301 0.22826 0.78176 0
		0.264986 -0.960606 0.0837799 0
		21.211 9.63096e-06 8.52353e-05 1
	rotation_order xyz
	inherits_transform 1
	shearing 0 0 0
	rotate_pivot_translate	0 0 0
	scale_pivot_translate	0 0 0
	translate_limit_x -INF +INF
	translate_limit_y -INF +INF
	translate_limit_z -INF +INF
	rotate_limit_x -INF +INF
	rotate_limit_y -INF +INF
	rotate_limit_z -INF +INF
	scale_limit_x -INF +INF
	scale_limit_y -INF +INF
	scale_limit_z -INF +INF
	parent 6
	child_joints 1
		8 
	INSTANCE_LIST
	{
	}
	segment_scale_compensate 1
	EXTRA_ATTRIBUTES
	{
		original_name string "Bip001 L UpperArm"
		wire_colour colour 0.109804 0.109804 0.694118
	}
}
JOINT Bip001_Neck
{
	id 4
	visible	1
	scale_pivot	0 0 0
	rotate_pivot	0 0 0
	min_bound	0 0 0
	max_bound	0 0 0
	scale	1 1 1
	translate	39.8171 -1.9986 -0.000164034
	rotation_orient	0 0 0 1
	rotation	0.00646923 0.0185112 0.342865 0.93918
	joint_orient	0 0 0 1
	bind_pose_matrix
		0.764202 0.644264 -0.0303345 0
		-0.643785 0.764803 0.0248452 0
		0.0392068 0.000542146 0.999231 0
		39.8171 -1.9986 -0.000164034 1
	rotation_order xyz
	inherits_transform 1
	shearing 0 0 0
	rotate_pivot_translate	0 0 0
	scale_pivot_translate	0 0 0
	translate_limit_x -INF +INF
	translate_limit_y -INF +INF
	translate_limit_z -INF +INF
	rotate_limit_x -INF +INF
	rotate_limit_y -INF +INF
	rotate_limit_z -INF +INF
	scale_limit_x -INF +INF
	scale_limit_y -INF +INF
	scale_limit_z -INF +INF
	parent 3
	child_joints 1
		5 
	INSTANCE_LIST
	{
	}
	segment_scale_compensate 1
	EXTRA_ATTRIBUTES
	{
		original_name string "Bip001 Neck"
		wire_colour colour 0.0313726 0.431373 0.52549
	}
}
JOINT Bip001_Pelvis
{
	id 1
	visible	1
	scale_pivot	0 0 0
	rotate_pivot	0 0 0
	min_bound	0 0 0
	max_bound	0 0 0
	scale	1 1 1
	translate	-2.42335 12.4969 2.93924e-05
	rotation_orient	0 0 0 1
	rotation	-0.499999 -0.5 -0.5 0.500001
	joint_orient	0 0 0 1
	bind_pose_matrix
		0 -1.40071e-06 1 0
		1 1.37091e-06 0 0
		-1.40071e-06 1 1.37091e-06 0
		-2.42335 12.4969 2.93924e-05 1
	rotation_order xyz
	inherits_transform 1
	shearing 0 0 0
	rotate_pivot_translate	0 0 0
	scale_pivot_translate	0 0 0
	translate_limit_x -INF +INF
	translate_limit_y -INF +INF
	translate_limit_z -INF +INF
	rotate_limit_x -INF +INF
	rotate_limit_y -INF +INF
	rotate_limit_z -INF +INF
	scale_limit_x -INF +INF
	scale_limit_y -INF +INF
	scale_limit_z -INF +INF
	parent 46
	child_joints 3
		2 19 22 
	INSTANCE_LIST
	{
	}
	segment_scale_compensate 1
	EXTRA_ATTRIBUTES
	{
		original_name string "Bip001 Pelvis"
		wire_colour colour 0.878431 0.776471 0.341176
	}
}
JOINT Bip001_R_Calf
{
	id 23
	visible	1
	scale_pivot	0 0 0
	rotate_pivot	0 0 0
	min_bound	0 0 0
	max_bound	0 0 0
	scale	1 1 1
	translate	55.4183 -4.02795e-05 -5.33562e-06
	rotation_orient	0 0 0 1
	rotation	-1.85006e-08 1.91389e-09 -0.835425 0.549604
	joint_orient	0 0 0 1
	bind_pose_matrix
		-0.395871 -0.918306 2.8808e-08 0
		0.918306 -0.395871 -2.35339e-08 0
		3.30155e-08 1.71382e-08 1 0
		55.4183 -4.02795e-05 -5.33562e-06 1
	rotation_order xyz
	inherits_transform 1
	shearing 0 0 0
	rotate_pivot_translate	0 0 0
	scale_pivot_translate	0 0 0
	translate_limit_x -INF +INF
	translate_limit_y -INF +INF
	translate_limit_z -INF +INF
	rotate_limit_x -INF +INF
	rotate_limit_y -INF +INF
	rotate_limit_z -INF +INF
	scale_limit_x -INF +INF
	scale_limit_y -INF +INF
	scale_limit_z -INF +INF
	parent 22
	child_joints 1
		24 
	INSTANCE_LIST
	{
	}
	segment_scale_compensate 1
	EXTRA_ATTRIBUTES
	{
		original_name string "Bip001 R Calf"
		wire_colour colour 0.0235294 0.52549 0.0235294
	}
}
JOINT Bip001_R_Clavicle
{
	id 13
	visible	1
	scale_pivot	0 0 0
	rotate_pivot	0 0 0
	min_bound	0 0 0
	max_bound	0 0 0
	scale	1 1 1
	translate	30.7036 -0.0571897 -3.87927
	rotation_orient	0 0 0 1
	rotation	-0.700594 0.0725437 0.706262 -0.0714093
	joint_orient	0 0 0 1
	bind_pose_matrix
		-0.00813818 -0.202515 -0.979245 0
		-0.00077983 -0.979276 0.202528 0
		-0.999967 0.00241185 0.00781155 0
		30.7036 -0.0571897 -3.87927 1
	rotation_order xyz
	inherits_transform 1
	shearing 0 0 0
	rotate_pivot_translate	0 0 0
	scale_pivot_translate	0 0 0
	translate_limit_x -INF +INF
	translate_limit_y -INF +INF
	translate_limit_z -INF +INF
	rotate_limit_x -INF +INF
	rotate_limit_y -INF +INF
	rotate_limit_z -INF +INF
	scale_limit_x -INF +INF
	scale_limit_y -INF +INF
	scale_limit_z -INF +INF
	parent 3
	child_joints 2
		14 18 
	INSTANCE_LIST
	{
	}
	segment_scale_compensate 1
	EXTRA_ATTRIBUTES
	{
		original_name string "Bip001 R Clavicle"
		wire_colour colour 0.0235294 0.52549 0.0235294
	}
}
JOINT Bip001_R_Foot
{
	id 24
	visible	1
	scale_pivot	0 0 0
	rotate_pivot	0 0 0
	min_bound	0 0 0
	max_bound	0 0 0
	scale	1 1 1
	translate	55.4182 -8.06097e-05 5.21942e-06
	rotation_orient	0 0 0 1
	rotation	0.0163424 0.0506846 -0.104419 0.993107
	joint_orient	0 0 0 1
	bind_pose_matrix
		0.973055 -0.205742 -0.104083 0
		0.209055 0.977659 0.0218746 0
		0.0972575 -0.0430443 0.994328 0
		55.4182 -8.06097e-05 5.21942e-06 1
	rotation_order xyz
	inherits_transform 1
	shearing 0 0 0
	rotate_pivot_translate	0 0 0
	scale_pivot_translate	0 0 0
	translate_limit_x -INF +INF
	translate_limit_y -INF +INF
	translate_limit_z -INF +INF
	rotate_limit_x -INF +INF
	rotate_limit_y -INF +INF
	rotate_limit_z -INF +INF
	scale_limit_x -INF +INF
	scale_limit_y -INF +INF
	scale_limit_z -INF +INF
	parent 23
	child_joints 0
	INSTANCE_LIST
	{
	}
	segment_scale_compensate 1
	EXTRA_ATTRIBUTES
	{
		original_name string "Bip001 R Foot"
		wire_colour colour 0.0235294 0.52549 0.0235294
	}
}
JOINT Bip001_R_ForeTwist
{
	id 27
	visible	0
	scale_pivot	0 0 0
	rotate_pivot	0 0 0
	min_bound	0 0 0
	max_bound	0 0 0
	scale	1 1 1
	translate	0 0 0
	rotation_orient	0 0 0 1
	rotation	-0.0074656 -0 0 0.999972
	joint_orient	0 0 0 1
	bind_pose_matrix
		1 0 0 0
		0 0.999889 -0.0149308 0
		-0 0.0149308 0.999889 0
		0 0 0 1
	rotation_order xyz
	inherits_transform 1
	shearing 0 0 0
	rotate_pivot_translate	0 0 0
	scale_pivot_translate	0 0 0
	translate_limit_x -INF +INF
	translate_limit_y -INF +INF
	translate_limit_z -INF +INF
	rotate_limit_x -INF +INF
	rotate_limit_y -INF +INF
	rotate_limit_z -INF +INF
	scale_limit_x -INF +INF
	scale_limit_y -INF +INF
	scale_limit_z -INF +INF
	parent 15
	child_joints 0
	INSTANCE_LIST
	{
	}
	segment_scale_compensate 1
	EXTRA_ATTRIBUTES
	{
		original_name string "Bip001 R ForeTwist"
		wire_colour colour 0.313726 0.313726 0.313726
	}
}
JOINT Bip001_R_Forearm
{
	id 15
	visible	1
	scale_pivot	0 0 0
	rotate_pivot	0 0 0
	min_bound	0 0 0
	max_bound	0 0 0
	scale	1 1 1
	translate	37.1165 2.43471e-05 -1.12424e-05
	rotation_orient	0 0 0 1
	rotation	-6.15696e-08 6.97742e-09 -0.774082 0.633085
	joint_orient	0 0 0 1
	bind_pose_matrix
		-0.198406 -0.98012 8.64852e-08 0
		0.98012 -0.198406 -8.87598e-08 0
		1.04154e-07 6.71554e-08 1 0
		37.1165 2.43471e-05 -1.12424e-05 1
	rotation_order xyz
	inherits_transform 1
	shearing 0 0 0
	rotate_pivot_translate	0 0 0
	scale_pivot_translate	0 0 0
	translate_limit_x -INF +INF
	translate_limit_y -INF +INF
	translate_limit_z -INF +INF
	rotate_limit_x -INF +INF
	rotate_limit_y -INF +INF
	rotate_limit_z -INF +INF
	scale_limit_x -INF +INF
	scale_limit_y -INF +INF
	scale_limit_z -INF +INF
	parent 14
	child_joints 2
		16 27 
	INSTANCE_LIST
	{
	}
	segment_scale_compensate 1
	EXTRA_ATTRIBUTES
	{
		original_name string "Bip001 R Forearm"
		wire_colour colour 0.0235294 0.52549 0.0235294
	}
}
JOINT Bip001_R_Hand
{
	id 16
	visible	1
	scale_pivot	0 0 0
	rotate_pivot	0 0 0
	min_bound	0 0 0
	max_bound	0 0 0
	scale	1 1 1
	translate	30.2261 -3.45985e-05 -1.25707e-05
	rotation_orient	0 0 0 1
	rotation	0.68328 0.135348 -0.0490843 0.715821
	joint_orient	0 0 0 1
	bind_pose_matrix
		0.958543 0.11469 -0.260846 0
		0.255232 0.0614372 0.964926 0
		0.126693 -0.9915 0.0296177 0
		30.2261 -3.45985e-05 -1.25707e-05 1
	rotation_order xyz
	inherits_transform 1
	shearing 0 0 0
	rotate_pivot_translate	0 0 0
	scale_pivot_translate	0 0 0
	translate_limit_x -INF +INF
	translate_limit_y -INF +INF
	translate_limit_z -INF +INF
	rotate_limit_x -INF +INF
	rotate_limit_y -INF +INF
	rotate_limit_z -INF +INF
	scale_limit_x -INF +INF
	scale_limit_y -INF +INF
	scale_limit_z -INF +INF
	parent 15
	child_joints 1
		17 
	INSTANCE_LIST
	{
	}
	segment_scale_compensate 1
	EXTRA_ATTRIBUTES
	{
		original_name string "Bip001 R Hand"
		wire_colour colour 0.0235294 0.52549 0.0235294
	}
}
JOINT Bip001_R_Thigh
{
	id 22
	visible	1
	scale_pivot	0 0 0
	rotate_pivot	0 0 0
	min_bound	0 0 0
	max_bound	0 0 0
	scale	1 1 1
	translate	-2.38708e-05 9.0015e-05 -13.1784
	rotation_orient	0 0 0 1
	rotation	0.189919 0.962757 -0.159702 -0.107353
	joint_orient	0 0 0 1
	bind_pose_matrix
		-0.904812 0.399981 0.146049 0
		0.331403 0.876852 -0.348284 0
		-0.26737 -0.266731 -0.925941 0
		-2.38708e-05 9.0015e-05 -13.1784 1
	rotation_order xyz
	inherits_transform 1
	shearing 0 0 0
	rotate_pivot_translate	0 0 0
	scale_pivot_translate	0 0 0
	translate_limit_x -INF +INF
	translate_limit_y -INF +INF
	translate_limit_z -INF +INF
	rotate_limit_x -INF +INF
	rotate_limit_y -INF +INF
	rotate_limit_z -INF +INF
	scale_limit_x -INF +INF
	scale_limit_y -INF +INF
	scale_limit_z -INF +INF
	parent 1
	child_joints 1
		23 
	INSTANCE_LIST
	{
	}
	segment_scale_compensate 1
	EXTRA_ATTRIBUTES
	{
		original_name string "Bip001 R Thigh"
		wire_colour colour 0.0235294 0.52549 0.0235294
	}
}
JOINT Bip001_R_UpperArm
{
	id 14
	visible	1
	scale_pivot	0 0 0
	rotate_pivot	0 0 0
	min_bound	0 0 0
	max_bound	0 0 0
	scale	1 1 1
	translate	21.211 -3.43332e-06 2.8989e-05
	rotation_orient	0 0 0 1
	rotation	-0.413172 -0.389809 -0.0849744 0.818607
	joint_orient	0 0 0 1
	bind_pose_matrix
		0.681657 0.182995 0.708419 0
		0.461237 0.644137 -0.610203 0
		-0.567983 0.742698 0.354676 0
		21.211 -3.43332e-06 2.8989e-05 1
	rotation_order xyz
	inherits_transform 1
	shearing 0 0 0
	rotate_pivot_translate	0 0 0
	scale_pivot_translate	0 0 0
	translate_limit_x -INF +INF
	translate_limit_y -INF +INF
	translate_limit_z -INF +INF
	rotate_limit_x -INF +INF
	rotate_limit_y -INF +INF
	rotate_limit_z -INF +INF
	scale_limit_x -INF +INF
	scale_limit_y -INF +INF
	scale_limit_z -INF +INF
	parent 13
	child_joints 1
		15 
	INSTANCE_LIST
	{
	}
	segment_scale_compensate 1
	EXTRA_ATTRIBUTES
	{
		original_name string "Bip001 R UpperArm"
		wire_colour colour 0.0235294 0.52549 0.0235294
	}
}
JOINT Bip001_Spine
{
	id 2
	visible	1
	scale_pivot	0 0 0
	rotate_pivot	0 0 0
	min_bound	0 0 0
	max_bound	0 0 0
	scale	1 1 1
	translate	12.7444 -0.0140607 0.00092261
	rotation_orient	0 0 0 1
	rotation	-0.0249078 0.0977361 -0.0634202 0.992877
	joint_orient	0 0 0 1
	bind_pose_matrix
		0.972851 -0.130806 -0.190921 0
		0.121068 0.990715 -0.0618577 0
		0.197239 0.0370639 0.979654 0
		12.7444 -0.0140607 0.00092261 1
	rotation_order xyz
	inherits_transform 1
	shearing 0 0 0
	rotate_pivot_translate	0 0 0
	scale_pivot_translate	0 0 0
	translate_limit_x -INF +INF
	translate_limit_y -INF +INF
	translate_limit_z -INF +INF
	rotate_limit_x -INF +INF
	rotate_limit_y -INF +INF
	rotate_limit_z -INF +INF
	scale_limit_x -INF +INF
	scale_limit_y -INF +INF
	scale_limit_z -INF +INF
	parent 1
	child_joints 1
		3 
	INSTANCE_LIST
	{
	}
	segment_scale_compensate 1
	EXTRA_ATTRIBUTES
	{
		original_name string "Bip001 Spine"
		wire_colour colour 0.0313726 0.431373 0.52549
	}
}
JOINT Bip001_Spine1
{
	id 3
	visible	1
	scale_pivot	0 0 0
	rotate_pivot	0 0 0
	min_bound	0 0 0
	max_bound	0 0 0
	scale	1 1 1
	translate	17.9657 -0.0226887 0.000162858
	rotation_orient	0 0 0 1
	rotation	-0.0195681 0.0779443 0.202585 0.975962
	joint_orient	0 0 0 1
	bind_pose_matrix
		0.905768 0.39238 -0.16007 0
		-0.398481 0.917153 -0.00661477 0
		0.144213 0.0697762 0.987084 0
		17.9657 -0.0226887 0.000162858 1
	rotation_order xyz
	inherits_transform 1
	shearing 0 0 0
	rotate_pivot_translate	0 0 0
	scale_pivot_translate	0 0 0
	translate_limit_x -INF +INF
	translate_limit_y -INF +INF
	translate_limit_z -INF +INF
	rotate_limit_x -INF +INF
	rotate_limit_y -INF +INF
	rotate_limit_z -INF +INF
	scale_limit_x -INF +INF
	scale_limit_y -INF +INF
	scale_limit_z -INF +INF
	parent 2
	child_joints 5
		4 6 13 40 55 
	INSTANCE_LIST
	{
	}
	segment_scale_compensate 1
	EXTRA_ATTRIBUTES
	{
		original_name string "Bip001 Spine1"
		wire_colour colour 0.0313726 0.431373 0.52549
	}
}
JOINT bn_cape_01
{
	id 55
	visible	0
	scale_pivot	0 0 0
	rotate_pivot	0 0 0
	min_bound	0 0 0
	max_bound	0 0 0
	scale	1 1 1
	translate	35.3631 -17.027 12.2538
	rotation_orient	0 0 0 1
	rotation	-0.165417 0.71183 -0.672737 0.115586
	joint_orient	0 0 0 1
	bind_pose_matrix
		-0.918554 -0.391016 0.058009 0
		-0.079979 0.040123 -0.995989 0
		0.38712 -0.919509 -0.0681281 0
		35.3631 -17.027 12.2538 1
	rotation_order xyz
	inherits_transform 1
	shearing 0 0 0
	rotate_pivot_translate	0 0 0
	scale_pivot_translate	0 0 0
	translate_limit_x -INF +INF
	translate_limit_y -INF +INF
	translate_limit_z -INF +INF
	rotate_limit_x -INF +INF
	rotate_limit_y -INF +INF
	rotate_limit_z -INF +INF
	scale_limit_x -INF +INF
	scale_limit_y -INF +INF
	scale_limit_z -INF +INF
	parent 3
	child_joints 1
		56 
	INSTANCE_LIST
	{
	}
	segment_scale_compensate 1
	EXTRA_ATTRIBUTES
	{
		wire_colour colour 0.682353 0.729412 0.796078
	}
}
JOINT bn_cape_02
{
	id 56
	visible	0
	scale_pivot	0 0 0
	rotate_pivot	0 0 0
	min_bound	0 0 0
	max_bound	0 0 0
	scale	1 1 1
	translate	37.4657 8.45042e-06 -2.05186e-05
	rotation_orient	0 0 0 1
	rotation	-8.27519e-08 0.0442488 -0.0136181 0.998928
	joint_orient	0 0 0 1
	bind_pose_matrix
		0.995713 -0.0272071 -0.0884028 0
		0.0272071 0.999629 -0.00120534 0
		0.0884028 -0.00120501 0.996084 0
		37.4657 8.45042e-06 -2.05186e-05 1
	rotation_order xyz
	inherits_transform 1
	shearing 0 0 0
	rotate_pivot_translate	0 0 0
	scale_pivot_translate	0 0 0
	translate_limit_x -INF +INF
	translate_limit_y -INF +INF
	translate_limit_z -INF +INF
	rotate_limit_x -INF +INF
	rotate_limit_y -INF +INF
	rotate_limit_z -INF +INF
	scale_limit_x -INF +INF
	scale_limit_y -INF +INF
	scale_limit_z -INF +INF
	parent 55
	child_joints 1
		57 
	INSTANCE_LIST
	{
	}
	segment_scale_compensate 1
	EXTRA_ATTRIBUTES
	{
		wire_colour colour 0.682353 0.729412 0.796078
	}
}
JOINT bn_cape_03
{
	id 57
	visible	0
	scale_pivot	0 0 0
	rotate_pivot	0 0 0
	min_bound	0 0 0
	max_bound	0 0 0
	scale	1 1 1
	translate	41.0948 -0.00130479 8.81682e-05
	rotation_orient	0 0 0 1
	rotation	1.16142e-08 -0.0741951 -0.0569422 0.995617
	joint_orient	0 0 0 1
	bind_pose_matrix
		0.982505 -0.113385 0.14774 0
		0.113385 0.993515 0.00844969 0
		-0.14774 0.00844964 0.98899 0
		41.0948 -0.00130479 8.81682e-05 1
	rotation_order xyz
	inherits_transform 1
	shearing 0 0 0
	rotate_pivot_translate	0 0 0
	scale_pivot_translate	0 0 0
	translate_limit_x -INF +INF
	translate_limit_y -INF +INF
	translate_limit_z -INF +INF
	rotate_limit_x -INF +INF
	rotate_limit_y -INF +INF
	rotate_limit_z -INF +INF
	scale_limit_x -INF +INF
	scale_limit_y -INF +INF
	scale_limit_z -INF +INF
	parent 56
	child_joints 1
		58 
	INSTANCE_LIST
	{
	}
	segment_scale_compensate 1
	EXTRA_ATTRIBUTES
	{
		wire_colour colour 0.682353 0.729412 0.796078
	}
}
JOINT bn_cape_04
{
	id 58
	visible	0
	scale_pivot	0 0 0
	rotate_pivot	0 0 0
	min_bound	0 0 0
	max_bound	0 0 0
	scale	1 1 1
	translate	49.3999 1.76354e-05 -6.96712e-06
	rotation_orient	0 0 0 1
	rotation	-4.18259e-08 -0.0486302 0.0323456 0.998293
	joint_orient	0 0 0 1
	bind_pose_matrix
		0.993178 0.0645808 0.0970944 0
		-0.0645807 0.997908 -0.00314603 0
		-0.0970944 -0.00314586 0.99527 0
		49.3999 1.76354e-05 -6.96712e-06 1
	rotation_order xyz
	inherits_transform 1
	shearing 0 0 0
	rotate_pivot_translate	0 0 0
	scale_pivot_translate	0 0 0
	translate_limit_x -INF +INF
	translate_limit_y -INF +INF
	translate_limit_z -INF +INF
	rotate_limit_x -INF +INF
	rotate_limit_y -INF +INF
	rotate_limit_z -INF +INF
	scale_limit_x -INF +INF
	scale_limit_y -INF +INF
	scale_limit_z -INF +INF
	parent 57
	child_joints 0
	INSTANCE_LIST
	{
	}
	segment_scale_compensate 1
	EXTRA_ATTRIBUTES
	{
		wire_colour colour 0.682353 0.729412 0.796078
	}
}
BONE bn_foot_L_01
{
	id 45
	visible	0
	scale_pivot	0 0 0
	rotate_pivot	0 0 0
	min_bound	0 0 0
	max_bound	0 0 0
	scale	1 1 1
	translate	3.6563 -0.000385196 0.000792864
	rotation_orient	0 0 0 1
	rotation	-0.0203587 0.0332229 -0.522102 0.851992
	joint_orient	0 0 0 1
	bind_pose_matrix
		0.452611 -0.891007 -0.0353527 0
		0.888302 0.453989 -0.0693823 0
		0.0778699 -6.81728e-07 0.996964 0
		3.6563 -0.000385196 0.000792864 1
	rotation_order xyz
	inherits_transform 1
	shearing 0 0 0
	rotate_pivot_translate	0 0 0
	scale_pivot_translate	0 0 0
	translate_limit_x -INF +INF
	translate_limit_y -INF +INF
	translate_limit_z -INF +INF
	rotate_limit_x -INF +INF
	rotate_limit_y -INF +INF
	rotate_limit_z -INF +INF
	scale_limit_x -INF +INF
	scale_limit_y -INF +INF
	scale_limit_z -INF +INF
	parent 49
	child_joints 0
	INSTANCE_LIST
	{
	}
	EXTRA_ATTRIBUTES
	{
		wire_colour colour 0.054902 1 0.00784314
	}
}
BONE bn_foot_R_01
{
	id 44
	visible	0
	scale_pivot	0 0 0
	rotate_pivot	0 0 0
	min_bound	0 0 0
	max_bound	0 0 0
	scale	1 1 1
	translate	5.91261 2.42946e-06 -1.32743e-06
	rotation_orient	0 0 0 1
	rotation	-0.149164 0.0698654 0.893219 -0.418365
	joint_orient	0 0 0 1
	bind_pose_matrix
		-0.605442 -0.768225 -0.208015 0
		0.72654 -0.640179 0.24962 0
		-0.324931 -2.08616e-07 0.945738 0
		5.91261 2.42946e-06 -1.32743e-06 1
	rotation_order xyz
	inherits_transform 1
	shearing 0 0 0
	rotate_pivot_translate	0 0 0
	scale_pivot_translate	0 0 0
	translate_limit_x -INF +INF
	translate_limit_y -INF +INF
	translate_limit_z -INF +INF
	rotate_limit_x -INF +INF
	rotate_limit_y -INF +INF
	rotate_limit_z -INF +INF
	scale_limit_x -INF +INF
	scale_limit_y -INF +INF
	scale_limit_z -INF +INF
	parent 48
	child_joints 0
	INSTANCE_LIST
	{
	}
	EXTRA_ATTRIBUTES
	{
		wire_colour colour 0.054902 1 0.00784314
	}
}
BONE bn_hand_L_01
{
	id 43
	visible	0
	scale_pivot	0 0 0
	rotate_pivot	0 0 0
	min_bound	0 0 0
	max_bound	0 0 0
	scale	1 1 1
	translate	10.3249 0.000256777 0.000318144
	rotation_orient	0 0 0 1
	rotation	-0.373253 0.767398 0.487758 0.184051
	joint_orient	0 0 0 1
	bind_pose_matrix
		-0.653614 -0.393322 -0.646596 0
		-0.752412 0.245548 0.611214 0
		-0.081634 0.886004 -0.456434 0
		10.3249 0.000256777 0.000318144 1
	rotation_order xyz
	inherits_transform 1
	shearing 0 0 0
	rotate_pivot_translate	0 0 0
	scale_pivot_translate	0 0 0
	translate_limit_x -INF +INF
	translate_limit_y -INF +INF
	translate_limit_z -INF +INF
	rotate_limit_x -INF +INF
	rotate_limit_y -INF +INF
	rotate_limit_z -INF +INF
	scale_limit_x -INF +INF
	scale_limit_y -INF +INF
	scale_limit_z -INF +INF
	parent 39
	child_joints 0
	INSTANCE_LIST
	{
	}
	EXTRA_ATTRIBUTES
	{
		wire_colour colour 0.054902 1 0.00784314
	}
}
BONE bn_hand_R_01
{
	id 42
	visible	0
	scale_pivot	0 0 0
	rotate_pivot	0 0 0
	min_bound	0 0 0
	max_bound	0 0 0
	scale	1 1 1
	translate	10.3252 -6.56507e-05 0.000462426
	rotation_orient	0 0 0 1
	rotation	-0.167201 0.0984898 -0.0548997 0.979454
	joint_orient	0 0 0 1
	bind_pose_matrix
		0.974572 -0.140479 -0.174574 0
		0.0746083 0.93806 -0.338345 0
		0.211291 0.316717 0.924687 0
		10.3252 -6.56507e-05 0.000462426 1
	rotation_order xyz
	inherits_transform 1
	shearing 0 0 0
	rotate_pivot_translate	0 0 0
	scale_pivot_translate	0 0 0
	translate_limit_x -INF +INF
	translate_limit_y -INF +INF
	translate_limit_z -INF +INF
	rotate_limit_x -INF +INF
	rotate_limit_y -INF +INF
	rotate_limit_z -INF +INF
	scale_limit_x -INF +INF
	scale_limit_y -INF +INF
	scale_limit_z -INF +INF
	parent 38
	child_joints 0
	INSTANCE_LIST
	{
	}
	EXTRA_ATTRIBUTES
	{
		wire_colour colour 0.054902 1 0.00784314
	}
}
BONE bn_head_01
{
	id 41
	visible	0
	scale_pivot	0 0 0
	rotate_pivot	0 0 0
	min_bound	0 0 0
	max_bound	0 0 0
	scale	1 1 1
	translate	-4.29766e-05 0.0274233 7.8085
	rotation_orient	0 0 0 1
	rotation	-0.344029 -0.12594 -0.124397 0.922122
	joint_orient	0 0 0 1
	bind_pose_matrix
		0.937329 -0.142764 0.317855 0
		0.316072 0.732339 -0.60314 0
		-0.146671 0.665806 0.731567 0
		-4.29766e-05 0.0274233 7.8085 1
	rotation_order xyz
	inherits_transform 1
	shearing 0 0 0
	rotate_pivot_translate	0 0 0
	scale_pivot_translate	0 0 0
	translate_limit_x -INF +INF
	translate_limit_y -INF +INF
	translate_limit_z -INF +INF
	rotate_limit_x -INF +INF
	rotate_limit_y -INF +INF
	rotate_limit_z -INF +INF
	scale_limit_x -INF +INF
	scale_limit_y -INF +INF
	scale_limit_z -INF +INF
	parent 35
	child_joints 0
	INSTANCE_LIST
	{
	}
	EXTRA_ATTRIBUTES
	{
		wire_colour colour 0.054902 1 0.00784314
	}
}
BONE bn_hips_01
{
	id 40
	visible	0
	scale_pivot	0 0 0
	rotate_pivot	0 0 0
	min_bound	0 0 0
	max_bound	0 0 0
	scale	1 1 1
	translate	49.6447 -11.622 38.46
	rotation_orient	0 0 0 1
	rotation	0.60237 0.431889 0.670752 -0.0267102
	joint_orient	0 0 0 1
	bind_pose_matrix
		-0.272873 0.484482 0.831154 0
		0.556146 -0.625518 0.547202 0
		0.785011 0.611559 -0.0987557 0
		49.6447 -11.622 38.46 1
	rotation_order xyz
	inherits_transform 1
	shearing 0 0 0
	rotate_pivot_translate	0 0 0
	scale_pivot_translate	0 0 0
	translate_limit_x -INF +INF
	translate_limit_y -INF +INF
	translate_limit_z -INF +INF
	rotate_limit_x -INF +INF
	rotate_limit_y -INF +INF
	rotate_limit_z -INF +INF
	scale_limit_x -INF +INF
	scale_limit_y -INF +INF
	scale_limit_z -INF +INF
	parent 3
	child_joints 4
		30 31 51 54 
	INSTANCE_LIST
	{
	}
	EXTRA_ATTRIBUTES
	{
		wire_colour colour 0.054902 1 0.00784314
	}
}
BONE bn_lowerarm_L_01
{
	id 39
	visible	0
	scale_pivot	0 0 0
	rotate_pivot	0 0 0
	min_bound	0 0 0
	max_bound	0 0 0
	scale	1 1 1
	translate	9.04224 -0.00054612 0.0002843
	rotation_orient	0 0 0 1
	rotation	-8.0137e-06 -0.4877 -1.36262e-05 0.873011
	joint_orient	0 0 0 1
	bind_pose_matrix
		0.524297 -1.59751e-05 0.851536 0
		3.16083e-05 1 -7.0106e-07 0
		-0.851536 2.72831e-05 0.524297 0
		9.04224 -0.00054612 0.0002843 1
	rotation_order xyz
	inherits_transform 1
	shearing 0 0 0
	rotate_pivot_translate	0 0 0
	scale_pivot_translate	0 0 0
	translate_limit_x -INF +INF
	translate_limit_y -INF +INF
	translate_limit_z -INF +INF
	rotate_limit_x -INF +INF
	rotate_limit_y -INF +INF
	rotate_limit_z -INF +INF
	scale_limit_x -INF +INF
	scale_limit_y -INF +INF
	scale_limit_z -INF +INF
	parent 33
	child_joints 1
		43 
	INSTANCE_LIST
	{
	}
	EXTRA_ATTRIBUTES
	{
		wire_colour colour 0.054902 1 0.00784314
	}
}
BONE bn_lowerarm_R_01
{
	id 38
	visible	0
	scale_pivot	0 0 0
	rotate_pivot	0 0 0
	min_bound	0 0 0
	max_bound	0 0 0
	scale	1 1 1
	translate	9.04204 6.38566e-05 4.87205e-05
	rotation_orient	0 0 0 1
	rotation	-5.17613e-08 -0.778017 -4.03834e-08 0.628243
	joint_orient	0 0 0 1
	bind_pose_matrix
		-0.210621 2.98011e-08 0.977568 0
		1.31284e-07 1 -2.19942e-09 0
		-0.977568 1.27875e-07 -0.210621 0
		9.04204 6.38566e-05 4.87205e-05 1
	rotation_order xyz
	inherits_transform 1
	shearing 0 0 0
	rotate_pivot_translate	0 0 0
	scale_pivot_translate	0 0 0
	translate_limit_x -INF +INF
	translate_limit_y -INF +INF
	translate_limit_z -INF +INF
	rotate_limit_x -INF +INF
	rotate_limit_y -INF +INF
	rotate_limit_z -INF +INF
	scale_limit_x -INF +INF
	scale_limit_y -INF +INF
	scale_limit_z -INF +INF
	parent 32
	child_joints 1
		42 
	INSTANCE_LIST
	{
	}
	EXTRA_ATTRIBUTES
	{
		wire_colour colour 0.054902 1 0.00784314
	}
}
BONE bn_lowerleg_L_01
{
	id 37
	visible	0
	scale_pivot	0 0 0
	rotate_pivot	0 0 0
	min_bound	0 0 0
	max_bound	0 0 0
	scale	1 1 1
	translate	7.51376 4.76523e-07 1.90399e-06
	rotation_orient	0 0 0 1
	rotation	0.0796224 0.336806 0.457886 0.818878
	joint_orient	0 0 0 1
	bind_pose_matrix
		0.353803 0.803541 -0.478691 0
		-0.696272 0.568001 0.43884 0
		0.624523 0.178036 0.760444 0
		7.51376 4.76523e-07 1.90399e-06 1
	rotation_order xyz
	inherits_transform 1
	shearing 0 0 0
	rotate_pivot_translate	0 0 0
	scale_pivot_translate	0 0 0
	translate_limit_x -INF +INF
	translate_limit_y -INF +INF
	translate_limit_z -INF +INF
	rotate_limit_x -INF +INF
	rotate_limit_y -INF +INF
	rotate_limit_z -INF +INF
	scale_limit_x -INF +INF
	scale_limit_y -INF +INF
	scale_limit_z -INF +INF
	parent 50
	child_joints 1
		49 
	INSTANCE_LIST
	{
	}
	EXTRA_ATTRIBUTES
	{
		wire_colour colour 0.054902 1 0.00784314
	}
}
BONE bn_lowerleg_L_02
{
	id 49
	visible	0
	scale_pivot	0 0 0
	rotate_pivot	0 0 0
	min_bound	0 0 0
	max_bound	0 0 0
	scale	1 1 1
	translate	3.65592 -7.00873e-06 -3.81328e-05
	rotation_orient	0 0 0 1
	rotation	-9.21223e-08 4.4216e-06 -4.72129e-07 1
	joint_orient	0 0 0 1
	bind_pose_matrix
		1 -9.44259e-07 -8.8432e-06 0
		9.44257e-07 1 -1.84249e-07 0
		8.8432e-06 1.8424e-07 1 0
		3.65592 -7.00873e-06 -3.81328e-05 1
	rotation_order xyz
	inherits_transform 1
	shearing 0 0 0
	rotate_pivot_translate	0 0 0
	scale_pivot_translate	0 0 0
	translate_limit_x -INF +INF
	translate_limit_y -INF +INF
	translate_limit_z -INF +INF
	rotate_limit_x -INF +INF
	rotate_limit_y -INF +INF
	rotate_limit_z -INF +INF
	scale_limit_x -INF +INF
	scale_limit_y -INF +INF
	scale_limit_z -INF +INF
	parent 37
	child_joints 1
		45 
	INSTANCE_LIST
	{
	}
	EXTRA_ATTRIBUTES
	{
		wire_colour colour 0.054902 1 0.00784314
	}
}
BONE bn_lowerleg_R_01
{
	id 36
	visible	0
	scale_pivot	0 0 0
	rotate_pivot	0 0 0
	min_bound	0 0 0
	max_bound	0 0 0
	scale	1 1 1
	translate	6.82532 6.30477e-07 2.85123e-07
	rotation_orient	0 0 0 1
	rotation	-0.102501 -0.5477 0.498482 0.664104
	joint_orient	0 0 0 1
	bind_pose_matrix
		-0.0969186 0.774368 0.625269 0
		-0.549808 0.482018 -0.68218 0
		-0.829649 -0.409894 0.379037 0
		6.82532 6.30477e-07 2.85123e-07 1
	rotation_order xyz
	inherits_transform 1
	shearing 0 0 0
	rotate_pivot_translate	0 0 0
	scale_pivot_translate	0 0 0
	translate_limit_x -INF +INF
	translate_limit_y -INF +INF
	translate_limit_z -INF +INF
	rotate_limit_x -INF +INF
	rotate_limit_y -INF +INF
	rotate_limit_z -INF +INF
	scale_limit_x -INF +INF
	scale_limit_y -INF +INF
	scale_limit_z -INF +INF
	parent 47
	child_joints 1
		48 
	INSTANCE_LIST
	{
	}
	EXTRA_ATTRIBUTES
	{
		wire_colour colour 0.054902 1 0.00784314
	}
}
BONE bn_lowerleg_R_02
{
	id 48
	visible	0
	scale_pivot	0 0 0
	rotate_pivot	0 0 0
	min_bound	0 0 0
	max_bound	0 0 0
	scale	1 1 1
	translate	5.91261 -2.02857e-06 1.52967e-06
	rotation_orient	0 0 0 1
	rotation	-3.97399e-08 3.71468e-08 -2.60484e-07 1
	joint_orient	0 0 0 1
	bind_pose_matrix
		1 -5.20969e-07 -7.42935e-08 0
		5.20969e-07 1 -7.94797e-08 0
		7.42936e-08 7.94797e-08 1 0
		5.91261 -2.02857e-06 1.52967e-06 1
	rotation_order xyz
	inherits_transform 1
	shearing 0 0 0
	rotate_pivot_translate	0 0 0
	scale_pivot_translate	0 0 0
	translate_limit_x -INF +INF
	translate_limit_y -INF +INF
	translate_limit_z -INF +INF
	rotate_limit_x -INF +INF
	rotate_limit_y -INF +INF
	rotate_limit_z -INF +INF
	scale_limit_x -INF +INF
	scale_limit_y -INF +INF
	scale_limit_z -INF +INF
	parent 36
	child_joints 1
		44 
	INSTANCE_LIST
	{
	}
	EXTRA_ATTRIBUTES
	{
		wire_colour colour 0.054902 1 0.00784314
	}
}
BONE bn_pistol_cannon_01
{
	id 11
	visible	0
	scale_pivot	0 0 0
	rotate_pivot	0 0 0
	min_bound	0 0 0
	max_bound	0 0 0
	scale	1 1 1
	translate	32.1629 0.000133615 7.53962
	rotation_orient	0 0 0 1
	rotation	-5.97964e-08 9.32262e-09 8.29656e-08 1
	joint_orient	0 0 0 1
	bind_pose_matrix
		1 1.65931e-07 -1.86453e-08 0
		-1.65931e-07 1 -1.19593e-07 0
		1.86452e-08 1.19593e-07 1 0
		32.1629 0.000133615 7.53962 1
	rotation_order xyz
	inherits_transform 1
	shearing 0 0 0
	rotate_pivot_translate	0 0 0
	scale_pivot_translate	0 0 0
	translate_limit_x -INF +INF
	translate_limit_y -INF +INF
	translate_limit_z -INF +INF
	rotate_limit_x -INF +INF
	rotate_limit_y -INF +INF
	rotate_limit_z -INF +INF
	scale_limit_x -INF +INF
	scale_limit_y -INF +INF
	scale_limit_z -INF +INF
	parent 10
	child_joints 0
	INSTANCE_LIST
	{
	}
	EXTRA_ATTRIBUTES
	{
		wire_colour colour 0.054902 1 0.00784314
	}
}
BONE bn_pistol_handle_01
{
	id 10
	visible	0
	scale_pivot	0 0 0
	rotate_pivot	0 0 0
	min_bound	0 0 0
	max_bound	0 0 0
	scale	1 1 1
	translate	38.7182 33.4197 -30.3696
	rotation_orient	0 0 0 1
	rotation	-0.428586 -0.461885 0.442778 0.637906
	joint_orient	0 0 0 1
	bind_pose_matrix
		0.18122 0.960816 0.209742 0
		-0.168987 0.240524 -0.95582 0
		-0.968815 0.137771 0.205953 0
		38.7182 33.4197 -30.3696 1
	rotation_order xyz
	inherits_transform 1
	shearing 0 0 0
	rotate_pivot_translate	0 0 0
	scale_pivot_translate	0 0 0
	translate_limit_x -INF +INF
	translate_limit_y -INF +INF
	translate_limit_z -INF +INF
	rotate_limit_x -INF +INF
	rotate_limit_y -INF +INF
	rotate_limit_z -INF +INF
	scale_limit_x -INF +INF
	scale_limit_y -INF +INF
	scale_limit_z -INF +INF
	parent 9
	child_joints 1
		11 
	INSTANCE_LIST
	{
	}
	EXTRA_ATTRIBUTES
	{
		wire_colour colour 0.054902 1 0.00784314
	}
}
BONE bn_shoulder_L_01
{
	id 53
	visible	0
	scale_pivot	0 0 0
	rotate_pivot	0 0 0
	min_bound	0 0 0
	max_bound	0 0 0
	scale	1 1 1
	translate	3.04401 0.273013 5.10347
	rotation_orient	0 0 0 1
	rotation	0.618767 0.0480192 -0.143504 0.770862
	joint_orient	0 0 0 1
	bind_pose_matrix
		0.954201 -0.161818 -0.251624 0
		0.280669 0.193068 0.940186 0
		-0.103559 -0.96775 0.229644 0
		3.04401 0.273013 5.10347 1
	rotation_order xyz
	inherits_transform 1
	shearing 0 0 0
	rotate_pivot_translate	0 0 0
	scale_pivot_translate	0 0 0
	translate_limit_x -INF +INF
	translate_limit_y -INF +INF
	translate_limit_z -INF +INF
	rotate_limit_x -INF +INF
	rotate_limit_y -INF +INF
	rotate_limit_z -INF +INF
	scale_limit_x -INF +INF
	scale_limit_y -INF +INF
	scale_limit_z -INF +INF
	parent 35
	child_joints 1
		33 
	INSTANCE_LIST
	{
	}
	EXTRA_ATTRIBUTES
	{
		wire_colour colour 0.054902 1 0.00784314
	}
}
BONE bn_shoulder_R_01
{
	id 52
	visible	0
	scale_pivot	0 0 0
	rotate_pivot	0 0 0
	min_bound	0 0 0
	max_bound	0 0 0
	scale	1 1 1
	translate	-3.0437 0.273143 5.10335
	rotation_orient	0 0 0 1
	rotation	-0.231562 -0.607044 0.754335 -0.0940966
	joint_orient	0 0 0 1
	bind_pose_matrix
		-0.87505 0.139176 -0.463593 0
		0.423098 -0.245286 -0.872252 0
		-0.235109 -0.959409 0.155752 0
		-3.0437 0.273143 5.10335 1
	rotation_order xyz
	inherits_transform 1
	shearing 0 0 0
	rotate_pivot_translate	0 0 0
	scale_pivot_translate	0 0 0
	translate_limit_x -INF +INF
	translate_limit_y -INF +INF
	translate_limit_z -INF +INF
	rotate_limit_x -INF +INF
	rotate_limit_y -INF +INF
	rotate_limit_z -INF +INF
	scale_limit_x -INF +INF
	scale_limit_y -INF +INF
	scale_limit_z -INF +INF
	parent 35
	child_joints 1
		32 
	INSTANCE_LIST
	{
	}
	EXTRA_ATTRIBUTES
	{
		wire_colour colour 0.054902 1 0.00784314
	}
}
JOINT bn_shoulderpad_L
{
	id 12
	visible	0
	scale_pivot	0 0 0
	rotate_pivot	0 0 0
	min_bound	0 0 0
	max_bound	0 0 0
	scale	1 1 1
	translate	21.211 9.15689e-06 8.5285e-05
	rotation_orient	0 0 0 1
	rotation	0.325379 0.16488 -0.0787624 0.92776
	joint_orient	0 0 0 1
	bind_pose_matrix
		0.933222 -0.0388481 -0.357194 0
		0.253442 0.77585 0.577775 0
		0.254683 -0.629721 0.733886 0
		21.211 9.15689e-06 8.5285e-05 1
	rotation_order xyz
	inherits_transform 1
	shearing 0 0 0
	rotate_pivot_translate	0 0 0
	scale_pivot_translate	0 0 0
	translate_limit_x -INF +INF
	translate_limit_y -INF +INF
	translate_limit_z -INF +INF
	rotate_limit_x -INF +INF
	rotate_limit_y -INF +INF
	rotate_limit_z -INF +INF
	scale_limit_x -INF +INF
	scale_limit_y -INF +INF
	scale_limit_z -INF +INF
	parent 6
	child_joints 0
	INSTANCE_LIST
	{
	}
	segment_scale_compensate 1
	EXTRA_ATTRIBUTES
	{
