|XMD_005A#0MAX#0005.0.4|
JOINT Bip001
{
	id 46
	visible	1
	scale_pivot	0 0 0
	rotate_pivot	0 0 0
	min_bound	0 0 0
	max_bound	0 0 0
	scale	1 1 1
	translate	4.68651 328.703 -24.7561
	rotation_orient	0 0 0 1
	rotation	0.811445 -0.189759 -0.514032 0.203272
	joint_orient	0 0 0 1
	bind_pose_matrix
		0.399525 -0.516934 -0.757073 0
		-0.0989813 -0.845344 0.524972 0
		-0.911363 -0.134803 -0.388903 0
		4.68651 328.703 -24.7561 1
	rotation_order xyz
	inherits_transform 1
	shearing 0 0 0
	rotate_pivot_translate	0 0 0
	scale_pivot_translate	0 0 0
	translate_limit_x -INF +INF
	translate_limit_y -INF +INF
	translate_limit_z -INF +INF
	rotate_limit_x -INF +INF
	rotate_limit_y -INF +INF
	rotate_limit_z -INF +INF
	scale_limit_x -INF +INF
	scale_limit_y -INF +INF
	scale_limit_z -INF +INF
	parent 0
	child_joints 1
		1 
	INSTANCE_LIST
	{
	}
	segment_scale_compensate 1
	EXTRA_ATTRIBUTES
	{
		wire_colour colour 0.65098 0.792157 0.941176
	}
}
JOINT Bip001_Head
{
	id 5
	visible	1
	scale_pivot	0 0 0
	rotate_pivot	0 0 0
	min_bound	0 0 0
	max_bound	0 0 0
	scale	1 1 1
	translate	8.31272 3.20283e-06 -2.02402e-06
	rotation_orient	0 0 0 1
	rotation	-0.255255 -0.740901 -0.0312099 0.620432
	joint_orient	0 0 0 1
	bind_pose_matrix
		-0.0998166 0.339511 0.935291 0
		0.416965 0.867741 -0.27049 0
		-0.903425 0.362984 -0.228179 0
		8.31272 3.20283e-06 -2.02402e-06 1
	rotation_order xyz
	inherits_transform 1
	shearing 0 0 0
	rotate_pivot_translate	0 0 0
	scale_pivot_translate	0 0 0
	translate_limit_x -INF +INF
	translate_limit_y -INF +INF
	translate_limit_z -INF +INF
	rotate_limit_x -INF +INF
	rotate_limit_y -INF +INF
	rotate_limit_z -INF +INF
	scale_limit_x -INF +INF
	scale_limit_y -INF +INF
	scale_limit_z -INF +INF
	parent 4
	child_joints 0
	INSTANCE_LIST
	{
	}
	segment_scale_compensate 1
	EXTRA_ATTRIBUTES
	{
		original_name string "Bip001 Head"
		wire_colour colour 0.65098 0.792157 0.941176
	}
}
JOINT Bip001_L_Calf
{
	id 20
	visible	1
	scale_pivot	0 0 0
	rotate_pivot	0 0 0
	min_bound	0 0 0
	max_bound	0 0 0
	scale	1 1 1
	translate	55.4182 -9.34308e-07 8.19722e-06
	rotation_orient	0 0 0 1
	rotation	-5.73476e-09 -0.61974 -1.20322e-08 0.784807
	joint_orient	0 0 0 1
	bind_pose_matrix
		0.231846 -1.17778e-08 0.972753 0
		2.5994e-08 1 5.91227e-09 0
		-0.972753 2.3915e-08 0.231846 0
		55.4182 -9.34308e-07 8.19722e-06 1
	rotation_order xyz
	inherits_transform 1
	shearing 0 0 0
	rotate_pivot_translate	0 0 0
	scale_pivot_translate	0 0 0
	translate_limit_x -INF +INF
	translate_limit_y -INF +INF
	translate_limit_z -INF +INF
	rotate_limit_x -INF +INF
	rotate_limit_y -INF +INF
	rotate_limit_z -INF +INF
	scale_limit_x -INF +INF
	scale_limit_y -INF +INF
	scale_limit_z -INF +INF
	parent 19
	child_joints 1
		21 
	INSTANCE_LIST
	{
	}
	segment_scale_compensate 1
	EXTRA_ATTRIBUTES
	{
		original_name string "Bip001 L Calf"
		wire_colour colour 0.109804 0.109804 0.694118
	}
}
JOINT Bip001_L_Clavicle
{
	id 6
	visible	1
	scale_pivot	0 0 0
	rotate_pivot	0 0 0
	min_bound	0 0 0
	max_bound	0 0 0
	scale	1 1 1
	translate	30.7037 3.87929 0.0572355
	rotation_orient	0 0 0 1
	rotation	0.689359 0.686521 0.163433 -0.163591
	joint_orient	0 0 0 1
	bind_pose_matrix
		0.00395662 0.893047 0.449945 0
		0.999992 -0.0038538 -0.00114527 0
		0.000711113 0.449946 -0.893056 0
		30.7037 3.87929 0.0572355 1
	rotation_order xyz
	inherits_transform 1
	shearing 0 0 0
	rotate_pivot_translate	0 0 0
	scale_pivot_translate	0 0 0
	translate_limit_x -INF +INF
	translate_limit_y -INF +INF
	translate_limit_z -INF +INF
	rotate_limit_x -INF +INF
	rotate_limit_y -INF +INF
	rotate_limit_z -INF +INF
	scale_limit_x -INF +INF
	scale_limit_y -INF +INF
	scale_limit_z -INF +INF
	parent 3
	child_joints 2
		7 12 
	INSTANCE_LIST
	{
	}
	segment_scale_compensate 1
	EXTRA_ATTRIBUTES
	{
		original_name string "Bip001 L Clavicle"
		wire_colour colour 0.109804 0.109804 0.694118
	}
}
JOINT Bip001_L_Foot
{
	id 21
	visible	1
	scale_pivot	0 0 0
	rotate_pivot	0 0 0
	min_bound	0 0 0
	max_bound	0 0 0
	scale	1 1 1
	translate	55.4182 6.24136e-07 -4.90661e-06
	rotation_orient	0 0 0 1
	rotation	-0.00884693 -0.0373036 -0.0616972 0.997358
	joint_orient	0 0 0 1
	bind_pose_matrix
		0.989604 -0.122408 0.0755018 0
		0.123729 0.99223 -0.0130441 0
		-0.0733185 0.0222502 0.99706 0
		55.4182 6.24136e-07 -4.90661e-06 1
	rotation_order xyz
	inherits_transform 1
	shearing 0 0 0
	rotate_pivot_translate	0 0 0
	scale_pivot_translate	0 0 0
	translate_limit_x -INF +INF
	translate_limit_y -INF +INF
	translate_limit_z -INF +INF
	rotate_limit_x -INF +INF
	rotate_limit_y -INF +INF
	rotate_limit_z -INF +INF
	scale_limit_x -INF +INF
	scale_limit_y -INF +INF
	scale_limit_z -INF +INF
	parent 20
	child_joints 0
	INSTANCE_LIST
	{
	}
	segment_scale_compensate 1
	EXTRA_ATTRIBUTES
	{
		original_name string "Bip001 L Foot"
		wire_colour colour 0.109804 0.109804 0.694118
	}
}
JOINT Bip001_L_ForeTwist
{
	id 26
	visible	0
	scale_pivot	0 0 0
	rotate_pivot	0 0 0
	min_bound	0 0 0
	max_bound	0 0 0
	scale	1 1 1
	translate	0 0 -0
	rotation_orient	0 0 0 1
	rotation	-0.133786 2.32082e-18 -1.71913e-17 0.99101
	joint_orient	0 0 0 1
	bind_pose_matrix
		1 -3.46944e-17 -3.30872e-24 0
		3.34525e-17 0.964202 -0.265167 0
		9.19984e-18 0.265167 0.964202 0
		0 0 -0 1
	rotation_order xyz
	inherits_transform 1
	shearing 0 0 0
	rotate_pivot_translate	0 0 0
	scale_pivot_translate	0 0 0
	translate_limit_x -INF +INF
	translate_limit_y -INF +INF
	translate_limit_z -INF +INF
	rotate_limit_x -INF +INF
	rotate_limit_y -INF +INF
	rotate_limit_z -INF +INF
	scale_limit_x -INF +INF
	scale_limit_y -INF +INF
	scale_limit_z -INF +INF
	parent 8
	child_joints 0
	INSTANCE_LIST
	{
	}
	segment_scale_compensate 1
	EXTRA_ATTRIBUTES
	{
		original_name string "Bip001 L ForeTwist"
		wire_colour colour 0.313726 0.313726 0.313726
	}
}
JOINT Bip001_L_Forearm
{
	id 8
	visible	1
	scale_pivot	0 0 0
	rotate_pivot	0 0 0
	min_bound	0 0 0
	max_bound	0 0 0
	scale	1 1 1
	translate	37.1165 -3.98002e-06 -2.22643e-06
	rotation_orient	0 0 0 1
	rotation	-8.90818e-09 -0.566915 2.96065e-08 0.823776
	joint_orient	0 0 0 1
	bind_pose_matrix
		0.357215 5.88787e-08 0.934022 0
		-3.8678e-08 1 -4.82455e-08 0
		-0.934022 -1.88921e-08 0.357215 0
		37.1165 -3.98002e-06 -2.22643e-06 1
	rotation_order xyz
	inherits_transform 1
	shearing 0 0 0
	rotate_pivot_translate	0 0 0
	scale_pivot_translate	0 0 0
	translate_limit_x -INF +INF
	translate_limit_y -INF +INF
	translate_limit_z -INF +INF
	rotate_limit_x -INF +INF
	rotate_limit_y -INF +INF
	rotate_limit_z -INF +INF
	scale_limit_x -INF +INF
	scale_limit_y -INF +INF
	scale_limit_z -INF +INF
	parent 7
	child_joints 2
		9 26 
	INSTANCE_LIST
	{
	}
	segment_scale_compensate 1
	EXTRA_ATTRIBUTES
	{
		original_name string "Bip001 L Forearm"
		wire_colour colour 0.109804 0.109804 0.694118
	}
}
JOINT Bip001_L_Hand
{
	id 9
	visible	1
	scale_pivot	0 0 0
	rotate_pivot	0 0 0
	min_bound	0 0 0
	max_bound	0 0 0
	scale	1 1 1
	translate	30.2262 4.43925e-06 1.20377e-05
	rotation_orient	0 0 0 1
	rotation	0.865929 0.0786815 0.0421071 -0.492142
	joint_orient	0 0 0 1
	bind_pose_matrix
		0.984072 0.0948197 0.150368 0
		0.17771 -0.503211 -0.845693 0
		-0.00452131 0.858946 -0.512047 0
		30.2262 4.43925e-06 1.20377e-05 1
	rotation_order xyz
	inherits_transform 1
	shearing 0 0 0
	rotate_pivot_translate	0 0 0
	scale_pivot_translate	0 0 0
	translate_limit_x -INF +INF
	translate_limit_y -INF +INF
	translate_limit_z -INF +INF
	rotate_limit_x -INF +INF
	rotate_limit_y -INF +INF
	rotate_limit_z -INF +INF
	scale_limit_x -INF +INF
	scale_limit_y -INF +INF
	scale_limit_z -INF +INF
	parent 8
	child_joints 1
		10 
	INSTANCE_LIST
	{
	}
	segment_scale_compensate 1
	EXTRA_ATTRIBUTES
	{
		original_name string "Bip001 L Hand"
		wire_colour colour 0.109804 0.109804 0.694118
	}
}
JOINT Bip001_L_Thigh
{
	id 19
	visible	1
	scale_pivot	0 0 0
	rotate_pivot	0 0 0
	min_bound	0 0 0
	max_bound	0 0 0
	scale	1 1 1
	translate	-9.49392e-06 13.1784 -6.63969e-06
	rotation_orient	0 0 0 1
	rotation	0.67145 -0.0305261 -0.735967 0.0810856
	joint_orient	0 0 0 1
	bind_pose_matrix
		-0.0851591 -0.160346 -0.98338 0
		0.0783591 -0.984987 0.153822 0
		-0.993281 -0.0639574 0.0964452 0
		-9.49392e-06 13.1784 -6.63969e-06 1
	rotation_order xyz
	inherits_transform 1
	shearing 0 0 0
	rotate_pivot_translate	0 0 0
	scale_pivot_translate	0 0 0
	translate_limit_x -INF +INF
	translate_limit_y -INF +INF
	translate_limit_z -INF +INF
	rotate_limit_x -INF +INF
	rotate_limit_y -INF +INF
	rotate_limit_z -INF +INF
	scale_limit_x -INF +INF
	scale_limit_y -INF +INF
	scale_limit_z -INF +INF
	parent 1
	child_joints 1
		20 
	INSTANCE_LIST
	{
	}
	segment_scale_compensate 1
	EXTRA_ATTRIBUTES
	{
		original_name string "Bip001 L Thigh"
		wire_colour colour 0.109804 0.109804 0.694118
	}
}
JOINT Bip001_L_UpperArm
{
	id 7
	visible	1
	scale_pivot	0 0 0
	rotate_pivot	0 0 0
	min_bound	0 0 0
	max_bound	0 0 0
	scale	1 1 1
	translate	21.211 1.73525e-05 1.46685e-06
	rotation_orient	0 0 0 1
	rotation	-0.197396 0.0300598 -0.268676 0.942308
	joint_orient	0 0 0 1
	bind_pose_matrix
		0.853819 -0.518218 0.0494197 0
		0.494483 0.777696 -0.388168 0
		0.162722 0.355862 0.920263 0
		21.211 1.73525e-05 1.46685e-06 1
	rotation_order xyz
	inherits_transform 1
	shearing 0 0 0
	rotate_pivot_translate	0 0 0
	scale_pivot_translate	0 0 0
	translate_limit_x -INF +INF
	translate_limit_y -INF +INF
	translate_limit_z -INF +INF
	rotate_limit_x -INF +INF
	rotate_limit_y -INF +INF
	rotate_limit_z -INF +INF
	scale_limit_x -INF +INF
	scale_limit_y -INF +INF
	scale_limit_z -INF +INF
	parent 6
	child_joints 1
		8 
	INSTANCE_LIST
	{
	}
	segment_scale_compensate 1
	EXTRA_ATTRIBUTES
	{
		original_name string "Bip001 L UpperArm"
		wire_colour colour 0.109804 0.109804 0.694118
	}
}
JOINT Bip001_Neck
{
	id 4
	visible	1
	scale_pivot	0 0 0
	rotate_pivot	0 0 0
	min_bound	0 0 0
	max_bound	0 0 0
	scale	1 1 1
	translate	39.8174 -0.00016058 1.99863
	rotation_orient	0 0 0 1
	rotation	0.00646924 0.342865 -0.0185112 0.93918
	joint_orient	0 0 0 1
	bind_pose_matrix
		0.764201 -0.0303346 -0.644264 0
		0.0392069 0.999231 -0.000542153 0
		0.643785 -0.0248453 0.764803 0
		39.8174 -0.00016058 1.99863 1
	rotation_order xyz
	inherits_transform 1
	shearing 0 0 0
	rotate_pivot_translate	0 0 0
	scale_pivot_translate	0 0 0
	translate_limit_x -INF +INF
	translate_limit_y -INF +INF
	translate_limit_z -INF +INF
	rotate_limit_x -INF +INF
	rotate_limit_y -INF +INF
	rotate_limit_z -INF +INF
	scale_limit_x -INF +INF
	scale_limit_y -INF +INF
	scale_limit_z -INF +INF
	parent 3
	child_joints 1
		5 
	INSTANCE_LIST
	{
	}
	segment_scale_compensate 1
	EXTRA_ATTRIBUTES
	{
		original_name string "Bip001 Neck"
		wire_colour colour 0.0313726 0.431373 0.52549
	}
}
JOINT Bip001_Pelvis
{
	id 1
	visible	1
	scale_pivot	0 0 0
	rotate_pivot	0 0 0
	min_bound	0 0 0
	max_bound	0 0 0
	scale	1 1 1
	translate	0 0 -0
	rotation_orient	0 0 0 1
	rotation	-0.499999 -0.5 0.5 0.500001
	joint_orient	0 0 0 1
	bind_pose_matrix
		-2.38419e-07 1 1.3411e-06 0
		-1.3411e-06 1.13249e-06 -1 0
		-1 -5.96046e-08 1.13249e-06 0
		0 0 -0 1
	rotation_order xyz
	inherits_transform 1
	shearing 0 0 0
	rotate_pivot_translate	0 0 0
	scale_pivot_translate	0 0 0
	translate_limit_x -INF +INF
	translate_limit_y -INF +INF
	translate_limit_z -INF +INF
	rotate_limit_x -INF +INF
	rotate_limit_y -INF +INF
	rotate_limit_z -INF +INF
	scale_limit_x -INF +INF
	scale_limit_y -INF +INF
	scale_limit_z -INF +INF
	parent 46
	child_joints 3
		2 19 22 
	INSTANCE_LIST
	{
	}
	segment_scale_compensate 1
	EXTRA_ATTRIBUTES
	{
		original_name string "Bip001 Pelvis"
		wire_colour colour 0.878431 0.776471 0.341176
	}
}
JOINT Bip001_R_Calf
{
	id 23
	visible	1
	scale_pivot	0 0 0
	rotate_pivot	0 0 0
	min_bound	0 0 0
	max_bound	0 0 0
	scale	1 1 1
	translate	55.4182 -5.81066e-08 -6.2452e-06
	rotation_orient	0 0 0 1
	rotation	7.8809e-09 -0.846852 -1.94762e-08 0.531829
	joint_orient	0 0 0 1
	bind_pose_matrix
		-0.434317 -3.40639e-08 0.90076 0
		7.36808e-09 1 4.13695e-08 0
		-0.90076 2.46043e-08 -0.434317 0
		55.4182 -5.81066e-08 -6.2452e-06 1
	rotation_order xyz
	inherits_transform 1
	shearing 0 0 0
	rotate_pivot_translate	0 0 0
	scale_pivot_translate	0 0 0
	translate_limit_x -INF +INF
	translate_limit_y -INF +INF
	translate_limit_z -INF +INF
	rotate_limit_x -INF +INF
	rotate_limit_y -INF +INF
	rotate_limit_z -INF +INF
	scale_limit_x -INF +INF
	scale_limit_y -INF +INF
	scale_limit_z -INF +INF
	parent 22
	child_joints 1
		24 
	INSTANCE_LIST
	{
	}
	segment_scale_compensate 1
	EXTRA_ATTRIBUTES
	{
		original_name string "Bip001 R Calf"
		wire_colour colour 0.0235294 0.52549 0.0235294
	}
}
JOINT Bip001_R_Clavicle
{
	id 13
	visible	1
	scale_pivot	0 0 0
	rotate_pivot	0 0 0
	min_bound	0 0 0
	max_bound	0 0 0
	scale	1 1 1
	translate	30.7037 -3.87927 0.0572127
	rotation_orient	0 0 0 1
	rotation	0.822506 -0.554049 -0.0714703 -0.106795
	joint_orient	0 0 0 1
	bind_pose_matrix
		0.375844 -0.896152 -0.235909 0
		-0.926683 -0.363249 -0.0964835 0
		0.00077001 0.254876 -0.966973 0
		30.7037 -3.87927 0.0572127 1
	rotation_order xyz
	inherits_transform 1
	shearing 0 0 0
	rotate_pivot_translate	0 0 0
	scale_pivot_translate	0 0 0
	translate_limit_x -INF +INF
	translate_limit_y -INF +INF
	translate_limit_z -INF +INF
	rotate_limit_x -INF +INF
	rotate_limit_y -INF +INF
	rotate_limit_z -INF +INF
	scale_limit_x -INF +INF
	scale_limit_y -INF +INF
	scale_limit_z -INF +INF
	parent 3
	child_joints 2
		14 18 
	INSTANCE_LIST
	{
	}
	segment_scale_compensate 1
	EXTRA_ATTRIBUTES
	{
		original_name string "Bip001 R Clavicle"
		wire_colour colour 0.0235294 0.52549 0.0235294
	}
}
JOINT Bip001_R_Foot
{
	id 24
	visible	1
	scale_pivot	0 0 0
	rotate_pivot	0 0 0
	min_bound	0 0 0
	max_bound	0 0 0
	scale	1 1 1
	translate	55.4182 2.3082e-06 -5.02385e-06
	rotation_orient	0 0 0 1
	rotation	-0.0527478 -0.126644 0.00101426 0.990544
	joint_orient	0 0 0 1
	bind_pose_matrix
		0.967921 0.0153697 0.250786 0
		0.011351 0.994433 -0.104755 0
		-0.251 0.104241 0.962358 0
		55.4182 2.3082e-06 -5.02385e-06 1
	rotation_order xyz
	inherits_transform 1
	shearing 0 0 0
	rotate_pivot_translate	0 0 0
	scale_pivot_translate	0 0 0
	translate_limit_x -INF +INF
	translate_limit_y -INF +INF
	translate_limit_z -INF +INF
	rotate_limit_x -INF +INF
	rotate_limit_y -INF +INF
	rotate_limit_z -INF +INF
	scale_limit_x -INF +INF
	scale_limit_y -INF +INF
	scale_limit_z -INF +INF
	parent 23
	child_joints 0
	INSTANCE_LIST
	{
	}
	segment_scale_compensate 1
	EXTRA_ATTRIBUTES
	{
		original_name string "Bip001 R Foot"
		wire_colour colour 0.0235294 0.52549 0.0235294
	}
}
JOINT Bip001_R_ForeTwist
{
	id 27
	visible	0
	scale_pivot	0 0 0
	rotate_pivot	0 0 0
	min_bound	0 0 0
	max_bound	0 0 0
	scale	1 1 1
	translate	0 0 -0
	rotation_orient	0 0 0 1
	rotation	-0.0377886 3.93316e-19 -1.04011e-17 0.999286
	joint_orient	0 0 0 1
	bind_pose_matrix
		1 -2.0817e-17 1.23043e-23 0
		2.07576e-17 0.997144 -0.0755231 0
		1.57215e-18 0.0755231 0.997144 0
		0 0 -0 1
	rotation_order xyz
	inherits_transform 1
	shearing 0 0 0
	rotate_pivot_translate	0 0 0
	scale_pivot_translate	0 0 0
	translate_limit_x -INF +INF
	translate_limit_y -INF +INF
	translate_limit_z -INF +INF
	rotate_limit_x -INF +INF
	rotate_limit_y -INF +INF
	rotate_limit_z -INF +INF
	scale_limit_x -INF +INF
	scale_limit_y -INF +INF
	scale_limit_z -INF +INF
	parent 15
	child_joints 0
	INSTANCE_LIST
	{
	}
	segment_scale_compensate 1
	EXTRA_ATTRIBUTES
	{
		original_name string "Bip001 R ForeTwist"
		wire_colour colour 0.313726 0.313726 0.313726
	}
}
JOINT Bip001_R_Forearm
{
	id 15
	visible	1
	scale_pivot	0 0 0
	rotate_pivot	0 0 0
	min_bound	0 0 0
	max_bound	0 0 0
	scale	1 1 1
	translate	37.1165 6.25809e-07 -5.17987e-06
	rotation_orient	0 0 0 1
	rotation	2.21704e-08 0.904576 -1.62536e-08 -0.426313
	joint_orient	0 0 0 1
	bind_pose_matrix
		-0.636514 5.39678e-08 0.771265 0
		2.62513e-08 1 -4.83083e-08 0
		-0.771265 -1.05022e-08 -0.636514 0
		37.1165 6.25809e-07 -5.17987e-06 1
	rotation_order xyz
	inherits_transform 1
	shearing 0 0 0
	rotate_pivot_translate	0 0 0
	scale_pivot_translate	0 0 0
	translate_limit_x -INF +INF
	translate_limit_y -INF +INF
	translate_limit_z -INF +INF
	rotate_limit_x -INF +INF
	rotate_limit_y -INF +INF
	rotate_limit_z -INF +INF
	scale_limit_x -INF +INF
	scale_limit_y -INF +INF
	scale_limit_z -INF +INF
	parent 14
	child_joints 2
		16 27 
	INSTANCE_LIST
	{
	}
	segment_scale_compensate 1
	EXTRA_ATTRIBUTES
	{
		original_name string "Bip001 R Forearm"
		wire_colour colour 0.0235294 0.52549 0.0235294
	}
}
JOINT Bip001_R_Hand
{
	id 16
	visible	1
	scale_pivot	0 0 0
	rotate_pivot	0 0 0
	min_bound	0 0 0
	max_bound	0 0 0
	scale	1 1 1
	translate	30.2262 3.53534e-07 -7.36296e-06
	rotation_orient	0 0 0 1
	rotation	0.37197 0.141069 -0.577632 0.712797
	joint_orient	0 0 0 1
	bind_pose_matrix
		0.292881 -0.718522 -0.63083 0
		0.928416 0.0559591 0.367306 0
		-0.228617 -0.693249 0.683476 0
		30.2262 3.53534e-07 -7.36296e-06 1
	rotation_order xyz
	inherits_transform 1
	shearing 0 0 0
	rotate_pivot_translate	0 0 0
	scale_pivot_translate	0 0 0
	translate_limit_x -INF +INF
	translate_limit_y -INF +INF
	translate_limit_z -INF +INF
	rotate_limit_x -INF +INF
	rotate_limit_y -INF +INF
	rotate_limit_z -INF +INF
	scale_limit_x -INF +INF
	scale_limit_y -INF +INF
	scale_limit_z -INF +INF
	parent 15
	child_joints 1
		17 
	INSTANCE_LIST
	{
	}
	segment_scale_compensate 1
	EXTRA_ATTRIBUTES
	{
		original_name string "Bip001 R Hand"
		wire_colour colour 0.0235294 0.52549 0.0235294
	}
}
JOINT Bip001_R_Thigh
{
	id 22
	visible	1
	scale_pivot	0 0 0
	rotate_pivot	0 0 0
	min_bound	0 0 0
	max_bound	0 0 0
	scale	1 1 1
	translate	2.45607e-05 -13.1784 2.84902e-05
	rotation_orient	0 0 0 1
	rotation	0.622477 0.0151124 -0.777345 0.0896058
	joint_orient	0 0 0 1
	bind_pose_matrix
		-0.208986 -0.120495 -0.970467 0
		0.158123 -0.983485 0.0880601 0
		-0.96505 -0.13505 0.224588 0
		2.45607e-05 -13.1784 2.84902e-05 1
	rotation_order xyz
	inherits_transform 1
	shearing 0 0 0
	rotate_pivot_translate	0 0 0
	scale_pivot_translate	0 0 0
	translate_limit_x -INF +INF
	translate_limit_y -INF +INF
	translate_limit_z -INF +INF
	rotate_limit_x -INF +INF
	rotate_limit_y -INF +INF
	rotate_limit_z -INF +INF
	scale_limit_x -INF +INF
	scale_limit_y -INF +INF
	scale_limit_z -INF +INF
	parent 1
	child_joints 1
		23 
	INSTANCE_LIST
	{
	}
	segment_scale_compensate 1
	EXTRA_ATTRIBUTES
	{
		original_name string "Bip001 R Thigh"
		wire_colour colour 0.0235294 0.52549 0.0235294
	}
}
JOINT Bip001_R_UpperArm
{
	id 14
	visible	1
	scale_pivot	0 0 0
	rotate_pivot	0 0 0
	min_bound	0 0 0
	max_bound	0 0 0
	scale	1 1 1
	translate	21.211 -7.15788e-06 1.6964e-06
	rotation_orient	0 0 0 1
	rotation	0.563034 0.182397 0.0384353 0.805138
	joint_orient	0 0 0 1
	bind_pose_matrix
		0.930508 0.267283 -0.25043 0
		0.1435 0.363032 0.92066 0
		0.336991 -0.892618 0.299449 0
		21.211 -7.15788e-06 1.6964e-06 1
	rotation_order xyz
	inherits_transform 1
	shearing 0 0 0
	rotate_pivot_translate	0 0 0
	scale_pivot_translate	0 0 0
	translate_limit_x -INF +INF
	translate_limit_y -INF +INF
	translate_limit_z -INF +INF
	rotate_limit_x -INF +INF
	rotate_limit_y -INF +INF
	rotate_limit_z -INF +INF
	scale_limit_x -INF +INF
	scale_limit_y -INF +INF
	scale_limit_z -INF +INF
	parent 13
	child_joints 1
		15 
	INSTANCE_LIST
	{
	}
	segment_scale_compensate 1
	EXTRA_ATTRIBUTES
	{
		original_name string "Bip001 R UpperArm"
		wire_colour colour 0.0235294 0.52549 0.0235294
	}
}
JOINT Bip001_Spine
{
	id 2
	visible	1
	scale_pivot	0 0 0
	rotate_pivot	0 0 0
	min_bound	0 0 0
	max_bound	0 0 0
	scale	1 1 1
	translate	12.7476 -0.00205069 0.0140911
	rotation_orient	0 0 0 1
	rotation	0.0735249 0.0500005 0.0126107 0.995959
	joint_orient	0 0 0 1
	bind_pose_matrix
		0.994682 0.0324721 -0.0977426 0
		-0.017767 0.98887 0.147717 0
		0.101451 -0.145195 0.984188 0
		12.7476 -0.00205069 0.0140911 1
	rotation_order xyz
	inherits_transform 1
	shearing 0 0 0
	rotate_pivot_translate	0 0 0
	scale_pivot_translate	0 0 0
	translate_limit_x -INF +INF
	translate_limit_y -INF +INF
	translate_limit_z -INF +INF
	rotate_limit_x -INF +INF
	rotate_limit_y -INF +INF
	rotate_limit_z -INF +INF
	scale_limit_x -INF +INF
	scale_limit_y -INF +INF
	scale_limit_z -INF +INF
	parent 1
	child_joints 1
		3 
	INSTANCE_LIST
	{
	}
	segment_scale_compensate 1
	EXTRA_ATTRIBUTES
	{
		original_name string "Bip001 Spine"
		wire_colour colour 0.0313726 0.431373 0.52549
	}
}
JOINT Bip001_Spine1
{
	id 3
	visible	1
	scale_pivot	0 0 0
	rotate_pivot	0 0 0
	min_bound	0 0 0
	max_bound	0 0 0
	scale	1 1 1
	translate	17.9599 0.00541594 0.0237786
	rotation_orient	0 0 0 1
	rotation	-0.0918945 0.102638 0.201755 0.969699
	joint_orient	0 0 0 1
	bind_pose_matrix
		0.89752 0.37242 -0.236137 0
		-0.410147 0.9017 -0.136804 0
		0.161976 0.219636 0.962042 0
		17.9599 0.00541594 0.0237786 1
	rotation_order xyz
	inherits_transform 1
	shearing 0 0 0
	rotate_pivot_translate	0 0 0
	scale_pivot_translate	0 0 0
	translate_limit_x -INF +INF
	translate_limit_y -INF +INF
	translate_limit_z -INF +INF
	rotate_limit_x -INF +INF
	rotate_limit_y -INF +INF
	rotate_limit_z -INF +INF
	scale_limit_x -INF +INF
	scale_limit_y -INF +INF
	scale_limit_z -INF +INF
	parent 2
	child_joints 5
		4 6 13 40 55 
	INSTANCE_LIST
	{
	}
	segment_scale_compensate 1
	EXTRA_ATTRIBUTES
	{
		original_name string "Bip001 Spine1"
		wire_colour colour 0.0313726 0.431373 0.52549
	}
}
JOINT bn_cape_01
{
	id 55
	visible	0
	scale_pivot	0 0 0
	rotate_pivot	0 0 0
	min_bound	0 0 0
	max_bound	0 0 0
	scale	1 1 1
	translate	35.3632 12.2538 17.027
	rotation_orient	0 0 0 1
	rotation	-0.165417 -0.672737 -0.71183 0.115586
	joint_orient	0 0 0 1
	bind_pose_matrix
		-0.918554 0.0580089 0.391016 0
		0.38712 -0.0681283 0.919509 0
		0.0799789 0.995989 0.0401231 0
		35.3632 12.2538 17.027 1
	rotation_order xyz
	inherits_transform 1
	shearing 0 0 0
	rotate_pivot_translate	0 0 0
	scale_pivot_translate	0 0 0
	translate_limit_x -INF +INF
	translate_limit_y -INF +INF
	translate_limit_z -INF +INF
	rotate_limit_x -INF +INF
	rotate_limit_y -INF +INF
	rotate_limit_z -INF +INF
	scale_limit_x -INF +INF
	scale_limit_y -INF +INF
	scale_limit_z -INF +INF
	parent 3
	child_joints 1
		56 
	INSTANCE_LIST
	{
	}
	segment_scale_compensate 1
	EXTRA_ATTRIBUTES
	{
		wire_colour colour 0.682353 0.729412 0.796078
	}
}
JOINT bn_cape_02
{
	id 56
	visible	0
	scale_pivot	0 0 0
	rotate_pivot	0 0 0
	min_bound	0 0 0
	max_bound	0 0 0
	scale	1 1 1
	translate	37.4656 8.45626e-06 -3.49064e-06
	rotation_orient	0 0 0 1
	rotation	-7.79362e-08 -0.0136184 -0.0442489 0.998928
	joint_orient	0 0 0 1
	bind_pose_matrix
		0.995713 -0.0884029 0.0272077 0
		0.0884029 0.996084 0.00120505 0
		-0.0272077 0.00120536 0.999629 0
		37.4656 8.45626e-06 -3.49064e-06 1
	rotation_order xyz
	inherits_transform 1
	shearing 0 0 0
	rotate_pivot_translate	0 0 0
	scale_pivot_translate	0 0 0
	translate_limit_x -INF +INF
	translate_limit_y -INF +INF
	translate_limit_z -INF +INF
	rotate_limit_x -INF +INF
	rotate_limit_y -INF +INF
	rotate_limit_z -INF +INF
	scale_limit_x -INF +INF
	scale_limit_y -INF +INF
	scale_limit_z -INF +INF
	parent 55
	child_joints 1
		57 
	INSTANCE_LIST
	{
	}
	segment_scale_compensate 1
	EXTRA_ATTRIBUTES
	{
		wire_colour colour 0.682353 0.729412 0.796078
	}
}
JOINT bn_cape_03
{
	id 57
	visible	0
	scale_pivot	0 0 0
	rotate_pivot	0 0 0
	min_bound	0 0 0
	max_bound	0 0 0
	scale	1 1 1
	translate	41.0951 -2.07921e-05 0.00127115
	rotation_orient	0 0 0 1
	rotation	3.10427e-08 -0.0569425 0.0741964 0.995617
	joint_orient	0 0 0 1
	bind_pose_matrix
		0.982505 0.147742 0.113386 0
		-0.147742 0.98899 -0.0084498 0
		-0.113386 -0.00844992 0.993515 0
		41.0951 -2.07921e-05 0.00127115 1
	rotation_order xyz
	inherits_transform 1
	shearing 0 0 0
	rotate_pivot_translate	0 0 0
	scale_pivot_translate	0 0 0
	translate_limit_x -INF +INF
	translate_limit_y -INF +INF
	translate_limit_z -INF +INF
	rotate_limit_x -INF +INF
	rotate_limit_y -INF +INF
	rotate_limit_z -INF +INF
	scale_limit_x -INF +INF
	scale_limit_y -INF +INF
	scale_limit_z -INF +INF
	parent 56
	child_joints 1
		58 
	INSTANCE_LIST
	{
	}
	segment_scale_compensate 1
	EXTRA_ATTRIBUTES
	{
		wire_colour colour 0.682353 0.729412 0.796078
	}
}
JOINT bn_cape_04
{
	id 58
	visible	0
	scale_pivot	0 0 0
	rotate_pivot	0 0 0
	min_bound	0 0 0
	max_bound	0 0 0
	scale	1 1 1
	translate	49.3999 -2.32946e-06 -1.03967e-05
	rotation_orient	0 0 0 1
	rotation	3.04157e-08 0.0323445 0.0486321 0.998293
	joint_orient	0 0 0 1
	bind_pose_matrix
		0.993178 0.0970981 -0.0645785 0
		-0.0970981 0.99527 0.00314602 0
		0.0645785 0.00314589 0.997908 0
		49.3999 -2.32946e-06 -1.03967e-05 1
	rotation_order xyz
	inherits_transform 1
	shearing 0 0 0
	rotate_pivot_translate	0 0 0
	scale_pivot_translate	0 0 0
	translate_limit_x -INF +INF
	translate_limit_y -INF +INF
	translate_limit_z -INF +INF
	rotate_limit_x -INF +INF
	rotate_limit_y -INF +INF
	rotate_limit_z -INF +INF
	scale_limit_x -INF +INF
	scale_limit_y -INF +INF
	scale_limit_z -INF +INF
	parent 57
	child_joints 0
	INSTANCE_LIST
	{
	}
	segment_scale_compensate 1
	EXTRA_ATTRIBUTES
	{
		wire_colour colour 0.682353 0.729412 0.796078
	}
}
BONE bn_foot_L_01
{
	id 45
	visible	0
	scale_pivot	0 0 0
	rotate_pivot	0 0 0
	min_bound	0 0 0
	max_bound	0 0 0
	scale	1 1 1
	translate	8.11838 0.000752885 0.0004308
	rotation_orient	0 0 0 1
	rotation	-0.0816494 -0.676248 -0.0877601 0.726856
	joint_orient	0 0 0 1
	bind_pose_matrix
		0.0699732 -0.0171475 0.997401 0
		0.238009 0.971263 4.84288e-07 0
		-0.968739 0.23739 0.0720437 0
		8.11838 0.000752885 0.0004308 1
	rotation_order xyz
	inherits_transform 1
	shearing 0 0 0
	rotate_pivot_translate	0 0 0
	scale_pivot_translate	0 0 0
	translate_limit_x -INF +INF
	translate_limit_y -INF +INF
	translate_limit_z -INF +INF
	rotate_limit_x -INF +INF
	rotate_limit_y -INF +INF
	rotate_limit_z -INF +INF
	scale_limit_x -INF +INF
	scale_limit_y -INF +INF
	scale_limit_z -INF +INF
	parent 49
	child_joints 0
	INSTANCE_LIST
	{
	}
	EXTRA_ATTRIBUTES
	{
		wire_colour colour 0.054902 1 0.00784314
	}
}
BONE bn_foot_R_01
{
	id 44
	visible	0
	scale_pivot	0 0 0
	rotate_pivot	0 0 0
	min_bound	0 0 0
	max_bound	0 0 0
	scale	1 1 1
	translate	5.91259 1.44958e-06 -9.65682e-07
	rotation_orient	0 0 0 1
	rotation	-0.149169 0.893216 -0.0698682 -0.418368
	joint_orient	0 0 0 1
	bind_pose_matrix
		-0.605434 -0.208019 0.76823 0
		-0.324942 0.945734 2.16067e-07 0
		-0.726542 -0.24963 -0.640174 0
		5.91259 1.44958e-06 -9.65682e-07 1
	rotation_order xyz
	inherits_transform 1
	shearing 0 0 0
	rotate_pivot_translate	0 0 0
	scale_pivot_translate	0 0 0
	translate_limit_x -INF +INF
	translate_limit_y -INF +INF
	translate_limit_z -INF +INF
	rotate_limit_x -INF +INF
	rotate_limit_y -INF +INF
	rotate_limit_z -INF +INF
	scale_limit_x -INF +INF
	scale_limit_y -INF +INF
	scale_limit_z -INF +INF
	parent 48
	child_joints 0
	INSTANCE_LIST
	{
	}
	EXTRA_ATTRIBUTES
	{
		wire_colour colour 0.054902 1 0.00784314
	}
}
BONE bn_hand_L_01
{
	id 43
	visible	0
	scale_pivot	0 0 0
	rotate_pivot	0 0 0
	min_bound	0 0 0
	max_bound	0 0 0
	scale	1 1 1
	translate	10.3249 0.000291249 -4.4698e-07
	rotation_orient	0 0 0 1
	rotation	-0.373237 0.487761 -0.767409 0.184029
	joint_orient	0 0 0 1
	bind_pose_matrix
		-0.653655 -0.646552 0.393327 0
		-0.0816493 -0.456446 -0.885998 0
		0.752376 -0.611251 0.245567 0
		10.3249 0.000291249 -4.4698e-07 1
	rotation_order xyz
	inherits_transform 1
	shearing 0 0 0
	rotate_pivot_translate	0 0 0
	scale_pivot_translate	0 0 0
	translate_limit_x -INF +INF
	translate_limit_y -INF +INF
	translate_limit_z -INF +INF
	rotate_limit_x -INF +INF
	rotate_limit_y -INF +INF
	rotate_limit_z -INF +INF
	scale_limit_x -INF +INF
	scale_limit_y -INF +INF
	scale_limit_z -INF +INF
	parent 39
	child_joints 0
	INSTANCE_LIST
	{
	}
	EXTRA_ATTRIBUTES
	{
		wire_colour colour 0.054902 1 0.00784314
	}
}
BONE bn_hand_R_01
{
	id 42
	visible	0
	scale_pivot	0 0 0
	rotate_pivot	0 0 0
	min_bound	0 0 0
	max_bound	0 0 0
	scale	1 1 1
	translate	10.3252 0.000381194 -1.23651e-05
	rotation_orient	0 0 0 1
	rotation	-0.167202 -0.0548979 -0.0984915 0.979454
	joint_orient	0 0 0 1
	bind_pose_matrix
		0.974571 -0.174578 0.140476 0
		0.211294 0.924686 -0.316719 0
		-0.074604 0.338347 0.938059 0
		10.3252 0.000381194 -1.23651e-05 1
	rotation_order xyz
	inherits_transform 1
	shearing 0 0 0
	rotate_pivot_translate	0 0 0
	scale_pivot_translate	0 0 0
	translate_limit_x -INF +INF
	translate_limit_y -INF +INF
	translate_limit_z -INF +INF
	rotate_limit_x -INF +INF
	rotate_limit_y -INF +INF
	rotate_limit_z -INF +INF
	scale_limit_x -INF +INF
	scale_limit_y -INF +INF
	scale_limit_z -INF +INF
	parent 38
	child_joints 0
	INSTANCE_LIST
	{
	}
	EXTRA_ATTRIBUTES
	{
		wire_colour colour 0.054902 1 0.00784314
	}
}
BONE bn_head_01
{
	id 41
	visible	0
	scale_pivot	0 0 0
	rotate_pivot	0 0 0
	min_bound	0 0 0
	max_bound	0 0 0
	scale	1 1 1
	translate	-7.27134e-06 7.80848 -0.0273026
	rotation_orient	0 0 0 1
	rotation	-0.344024 -0.124397 0.125939 0.922124
	joint_orient	0 0 0 1
	bind_pose_matrix
		0.937329 0.317854 0.142768 0
		-0.146671 0.731574 -0.665799 0
		-0.316072 0.603133 0.732345 0
		-7.27134e-06 7.80848 -0.0273026 1
	rotation_order xyz
	inherits_transform 1
	shearing 0 0 0
	rotate_pivot_translate	0 0 0
	scale_pivot_translate	0 0 0
	translate_limit_x -INF +INF
	translate_limit_y -INF +INF
	translate_limit_z -INF +INF
	rotate_limit_x -INF +INF
	rotate_limit_y -INF +INF
	rotate_limit_z -INF +INF
	scale_limit_x -INF +INF
	scale_limit_y -INF +INF
	scale_limit_z -INF +INF
	parent 35
	child_joints 0
	INSTANCE_LIST
	{
	}
	EXTRA_ATTRIBUTES
	{
		wire_colour colour 0.054902 1 0.00784314
	}
}
BONE bn_hips_01
{
	id 40
	visible	0
	scale_pivot	0 0 0
	rotate_pivot	0 0 0
	min_bound	0 0 0
	max_bound	0 0 0
	scale	1 1 1
	translate	54.6116 27.4254 23.7708
	rotation_orient	0 0 0 1
	rotation	0.620995 0.702648 -0.283972 -0.200031
	joint_orient	0 0 0 1
	bind_pose_matrix
		-0.148707 0.986287 -0.0715875 0
		0.759074 0.0674516 -0.647501 0
		-0.633792 -0.150628 -0.758696 0
		54.6116 27.4254 23.7708 1
	rotation_order xyz
	inherits_transform 1
	shearing 0 0 0
	rotate_pivot_translate	0 0 0
	scale_pivot_translate	0 0 0
	translate_limit_x -INF +INF
	translate_limit_y -INF +INF
	translate_limit_z -INF +INF
	rotate_limit_x -INF +INF
	rotate_limit_y -INF +INF
	rotate_limit_z -INF +INF
	scale_limit_x -INF +INF
	scale_limit_y -INF +INF
	scale_limit_z -INF +INF
	parent 3
	child_joints 4
		30 31 51 54 
	INSTANCE_LIST
	{
	}
	EXTRA_ATTRIBUTES
	{
		wire_colour colour 0.054902 1 0.00784314
	}
}
BONE bn_lowerarm_L_01
{
	id 39
	visible	0
	scale_pivot	0 0 0
	rotate_pivot	0 0 0
	min_bound	0 0 0
	max_bound	0 0 0
	scale	1 1 1
	translate	9.04241 -0.000254735 0.000409675
	rotation_orient	0 0 0 1
	rotation	2.71347e-07 4.31537e-07 0.487719 0.873001
	joint_orient	0 0 0 1
	bind_pose_matrix
		0.524261 0.851558 -4.88782e-07 0
		-0.851558 0.524261 8.9471e-07 0
		1.01815e-06 -5.28347e-08 1 0
		9.04241 -0.000254735 0.000409675 1
	rotation_order xyz
	inherits_transform 1
	shearing 0 0 0
	rotate_pivot_translate	0 0 0
	scale_pivot_translate	0 0 0
	translate_limit_x -INF +INF
	translate_limit_y -INF +INF
	translate_limit_z -INF +INF
	rotate_limit_x -INF +INF
	rotate_limit_y -INF +INF
	rotate_limit_z -INF +INF
	scale_limit_x -INF +INF
	scale_limit_y -INF +INF
	scale_limit_z -INF +INF
	parent 33
	child_joints 1
		43 
	INSTANCE_LIST
	{
	}
	EXTRA_ATTRIBUTES
	{
		wire_colour colour 0.054902 1 0.00784314
	}
}
BONE bn_lowerarm_R_01
{
	id 38
	visible	0
	scale_pivot	0 0 0
	rotate_pivot	0 0 0
	min_bound	0 0 0
	max_bound	0 0 0
	scale	1 1 1
	translate	9.04199 9.8257e-06 3.88281e-06
	rotation_orient	0 0 0 1
	rotation	1.73764e-07 -1.5774e-08 0.778012 0.628249
	joint_orient	0 0 0 1
	bind_pose_matrix
		-0.210607 0.977571 2.90201e-07 0
		-0.977571 -0.210607 1.93789e-07 0
		2.50561e-07 -2.42879e-07 1 0
		9.04199 9.8257e-06 3.88281e-06 1
	rotation_order xyz
	inherits_transform 1
	shearing 0 0 0
	rotate_pivot_translate	0 0 0
	scale_pivot_translate	0 0 0
	translate_limit_x -INF +INF
	translate_limit_y -INF +INF
	translate_limit_z -INF +INF
	rotate_limit_x -INF +INF
	rotate_limit_y -INF +INF
	rotate_limit_z -INF +INF
	scale_limit_x -INF +INF
	scale_limit_y -INF +INF
	scale_limit_z -INF +INF
	parent 32
	child_joints 1
		42 
	INSTANCE_LIST
	{
	}
	EXTRA_ATTRIBUTES
	{
		wire_colour colour 0.054902 1 0.00784314
	}
}
BONE bn_lowerleg_L_01
{
	id 37
	visible	0
	scale_pivot	0 0 0
	rotate_pivot	0 0 0
	min_bound	0 0 0
	max_bound	0 0 0
	scale	1 1 1
	translate	9.00488 -8.27918e-07 4.87961e-07
	rotation_orient	0 0 0 1
	rotation	0.151973 0.808497 -0.209239 0.528636
	joint_orient	0 0 0 1
	bind_pose_matrix
		-0.394898 0.0245162 -0.918398 0
		0.466961 0.866247 -0.177662 0
		0.791204 -0.499015 -0.353527 0
		9.00488 -8.27918e-07 4.87961e-07 1
	rotation_order xyz
	inherits_transform 1
	shearing 0 0 0
	rotate_pivot_translate	0 0 0
	scale_pivot_translate	0 0 0
	translate_limit_x -INF +INF
	translate_limit_y -INF +INF
	translate_limit_z -INF +INF
	rotate_limit_x -INF +INF
	rotate_limit_y -INF +INF
	rotate_limit_z -INF +INF
	scale_limit_x -INF +INF
	scale_limit_y -INF +INF
	scale_limit_z -INF +INF
	parent 50
	child_joints 1
		49 
	INSTANCE_LIST
	{
	}
	EXTRA_ATTRIBUTES
	{
		wire_colour colour 0.054902 1 0.00784314
	}
}
BONE bn_lowerleg_L_02
{
	id 49
	visible	0
	scale_pivot	0 0 0
	rotate_pivot	0 0 0
	min_bound	0 0 0
	max_bound	0 0 0
	scale	1 1 1
	translate	8.11817 -1.04842e-06 2.62646e-06
	rotation_orient	0 0 0 1
	rotation	0 0 0 1
	joint_orient	0 0 0 1
	bind_pose_matrix
		1 0 0 0
		0 1 0 0
		0 0 1 0
		8.11817 -1.04842e-06 2.62646e-06 1
	rotation_order xyz
	inherits_transform 1
	shearing 0 0 0
	rotate_pivot_translate	0 0 0
	scale_pivot_translate	0 0 0
	translate_limit_x -INF +INF
	translate_limit_y -INF +INF
	translate_limit_z -INF +INF
	rotate_limit_x -INF +INF
	rotate_limit_y -INF +INF
	rotate_limit_z -INF +INF
	scale_limit_x -INF +INF
	scale_limit_y -INF +INF
	scale_limit_z -INF +INF
	parent 37
	child_joints 1
		45 
	INSTANCE_LIST
	{
	}
	EXTRA_ATTRIBUTES
	{
		wire_colour colour 0.054902 1 0.00784314
	}
}
BONE bn_lowerleg_R_01
{
	id 36
	visible	0
	scale_pivot	0 0 0
	rotate_pivot	0 0 0
	min_bound	0 0 0
	max_bound	0 0 0
	scale	1 1 1
	translate	6.82527 9.39014e-07 4.47386e-07
	rotation_orient	0 0 0 1
	rotation	-0.102493 0.498475 0.547685 0.664123
	joint_orient	0 0 0 1
	bind_pose_matrix
		-0.0968726 0.625279 -0.774365 0
		-0.829641 0.379073 0.409878 0
		0.549829 0.682151 0.482035 0
		6.82527 9.39014e-07 4.47386e-07 1
	rotation_order xyz
	inherits_transform 1
	shearing 0 0 0
	rotate_pivot_translate	0 0 0
	scale_pivot_translate	0 0 0
	translate_limit_x -INF +INF
	translate_limit_y -INF +INF
	translate_limit_z -INF +INF
	rotate_limit_x -INF +INF
	rotate_limit_y -INF +INF
	rotate_limit_z -INF +INF
	scale_limit_x -INF +INF
	scale_limit_y -INF +INF
	scale_limit_z -INF +INF
	parent 47
	child_joints 1
		48 
	INSTANCE_LIST
	{
	}
	EXTRA_ATTRIBUTES
	{
		wire_colour colour 0.054902 1 0.00784314
	}
}
BONE bn_lowerleg_R_02
{
	id 48
	visible	0
	scale_pivot	0 0 0
	rotate_pivot	0 0 0
	min_bound	0 0 0
	max_bound	0 0 0
	scale	1 1 1
	translate	5.91256 1.70205e-06 3.13581e-07
	rotation_orient	0 0 0 1
	rotation	0 0 0 1
	joint_orient	0 0 0 1
	bind_pose_matrix
		1 0 0 0
		0 1 0 0
		0 0 1 0
		5.91256 1.70205e-06 3.13581e-07 1
	rotation_order xyz
	inherits_transform 1
	shearing 0 0 0
	rotate_pivot_translate	0 0 0
	scale_pivot_translate	0 0 0
	translate_limit_x -INF +INF
	translate_limit_y -INF +INF
	translate_limit_z -INF +INF
	rotate_limit_x -INF +INF
	rotate_limit_y -INF +INF
	rotate_limit_z -INF +INF
	scale_limit_x -INF +INF
	scale_limit_y -INF +INF
	scale_limit_z -INF +INF
	parent 36
	child_joints 1
		44 
	INSTANCE_LIST
	{
	}
	EXTRA_ATTRIBUTES
	{
		wire_colour colour 0.054902 1 0.00784314
	}
}
BONE bn_pistol_cannon_01
{
	id 11
	visible	0
	scale_pivot	0 0 0
	rotate_pivot	0 0 0
	min_bound	0 0 0
	max_bound	0 0 0
	scale	1 1 1
	translate	32.163 7.53958 4.32881e-06
	rotation_orient	0 0 0 1
	rotation	0 0 0 1
	joint_orient	0 0 0 1
	bind_pose_matrix
		1 0 0 0
		0 1 0 0
		0 0 1 0
		32.163 7.53958 4.32881e-06 1
	rotation_order xyz
	inherits_transform 1
	shearing 0 0 0
	rotate_pivot_translate	0 0 0
	scale_pivot_translate	0 0 0
	translate_limit_x -INF +INF
	translate_limit_y -INF +INF
	translate_limit_z -INF +INF
	rotate_limit_x -INF +INF
	rotate_limit_y -INF +INF
	rotate_limit_z -INF +INF
	scale_limit_x -INF +INF
	scale_limit_y -INF +INF
	scale_limit_z -INF +INF
	parent 10
	child_joints 0
	INSTANCE_LIST
	{
	}
	EXTRA_ATTRIBUTES
	{
		wire_colour colour 0.054902 1 0.00784314
	}
}
BONE bn_pistol_handle_01
{
	id 10
	visible	0
	scale_pivot	0 0 0
	rotate_pivot	0 0 0
	min_bound	0 0 0
	max_bound	0 0 0
	scale	1 1 1
	translate	22.8752 -5.52927 -2.43407
	rotation_orient	0 0 0 1
	rotation	1 9.46319e-08 -3.31016e-07 -5.20549e-07
	joint_orient	0 0 0 1
	bind_pose_matrix
		1 1.89264e-07 -6.62033e-07 0
		1.89264e-07 -1 -1.0411e-06 0
		-6.62033e-07 1.0411e-06 -1 0
		22.8752 -5.52927 -2.43407 1
	rotation_order xyz
	inherits_transform 1
	shearing 0 0 0
	rotate_pivot_translate	0 0 0
	scale_pivot_translate	0 0 0
	translate_limit_x -INF +INF
	translate_limit_y -INF +INF
	translate_limit_z -INF +INF
	rotate_limit_x -INF +INF
	rotate_limit_y -INF +INF
	rotate_limit_z -INF +INF
	scale_limit_x -INF +INF
	scale_limit_y -INF +INF
	scale_limit_z -INF +INF
	parent 9
	child_joints 1
		11 
	INSTANCE_LIST
	{
	}
	EXTRA_ATTRIBUTES
	{
		wire_colour colour 0.054902 1 0.00784314
	}
}
BONE bn_shoulder_L_01
{
	id 53
	visible	0
	scale_pivot	0 0 0
	rotate_pivot	0 0 0
	min_bound	0 0 0
	max_bound	0 0 0
	scale	1 1 1
	translate	3.04402 5.10337 -0.273118
	rotation_orient	0 0 0 1
	rotation	0.61877 -0.143512 -0.0479983 0.770859
	joint_orient	0 0 0 1
	bind_pose_matrix
		0.954201 -0.251601 0.161854 0
		-0.103601 0.229639 0.967746 0
		-0.280654 -0.940193 0.193055 0
		3.04402 5.10337 -0.273118 1
	rotation_order xyz
	inherits_transform 1
	shearing 0 0 0
	rotate_pivot_translate	0 0 0
	scale_pivot_translate	0 0 0
	translate_limit_x -INF +INF
	translate_limit_y -INF +INF
	translate_limit_z -INF +INF
	rotate_limit_x -INF +INF
	rotate_limit_y -INF +INF
	rotate_limit_z -INF +INF
	scale_limit_x -INF +INF
	scale_limit_y -INF +INF
	scale_limit_z -INF +INF
	parent 35
	child_joints 1
		33 
	INSTANCE_LIST
	{
	}
	EXTRA_ATTRIBUTES
	{
		wire_colour colour 0.054902 1 0.00784314
	}
}
BONE bn_shoulder_R_01
{
	id 52
	visible	0
	scale_pivot	0 0 0
	rotate_pivot	0 0 0
	min_bound	0 0 0
	max_bound	0 0 0
	scale	1 1 1
	translate	-3.04365 5.10334 -0.273098
	rotation_orient	0 0 0 1
	rotation	-0.231567 0.75433 0.607048 -0.0941023
	joint_orient	0 0 0 1
	bind_pose_matrix
		-0.875043 -0.463606 -0.139177 0
		-0.235107 0.155739 0.959411 0
		-0.423114 0.872247 -0.245276 0
		-3.04365 5.10334 -0.273098 1
	rotation_order xyz
	inherits_transform 1
	shearing 0 0 0
	rotate_pivot_translate	0 0 0
	scale_pivot_translate	0 0 0
	translate_limit_x -INF +INF
	translate_limit_y -INF +INF
	translate_limit_z -INF +INF
	rotate_limit_x -INF +INF
	rotate_limit_y -INF +INF
	rotate_limit_z -INF +INF
	scale_limit_x -INF +INF
	scale_limit_y -INF +INF
	scale_limit_z -INF +INF
	parent 35
	child_joints 1
		32 
	INSTANCE_LIST
	{
	}
	EXTRA_ATTRIBUTES
	{
		wire_colour colour 0.054902 1 0.00784314
	}
}
JOINT bn_shoulderpad_L
{
	id 12
	visible	0
	scale_pivot	0 0 0
	rotate_pivot	0 0 0
	min_bound	0 0 0
	max_bound	0 0 0
	scale	1 1 1
	translate	21.211 1.73525e-05 1.46685e-06
	rotation_orient	0 0 0 1
	rotation	-0.100153 0.0152515 -0.136319 0.985471
	joint_orient	0 0 0 1
	bind_pose_matrix
		0.962369 -0.271731 -0.00275442 0
		0.265621 0.942773 -0.201554 0
		0.0573652 0.193238 0.979474 0
		21.211 1.73525e-05 1.46685e-06 1
	rotation_order xyz
	inherits_transform 1
	shearing 0 0 0
	rotate_pivot_translate	0 0 0
	scale_pivot_translate	0 0 0
	translate_limit_x -INF +INF
	translate_limit_y -INF +INF
	translate_limit_z -INF +INF
	rotate_limit_x -INF +INF
	rotate_limit_y -INF +INF
	rotate_limit_z -INF +INF
	scale_limit_x -INF +INF
	scale_limit_y -INF +INF
	scale_limit_z -INF +INF
	parent 6
	child_joints 0
	INSTANCE_LIST
	{
	}
	segment_scale_compensate 1
	EXTRA_ATTRIBUTES
	{
		wire_colour colour 0.643137 0.776471 0.807843
	}
}
JOINT bn_shoulderpad_R
{
	id 18
	visible	0
	scale_pivot	0 0 0
	rotate_pivot	0 0 0
	min_bound	0 0 0
	max_bound	0 0 0
	scale	1 1 1
	translate	21.211 -7.15788e-06 1.6964e-06
	rotation_orient	0 0 0 1
