|XMD_005A#0MAX#0005.0.4|
JOINT Bip001
{
	id 46
	visible	1
	scale_pivot	0 0 0
	rotate_pivot	0 0 0
	min_bound	0 0 0
	max_bound	0 0 0
	scale	1 1 1
	translate	6.62373 7.60362 86.4258
	rotation_orient	0 0 0 1
	rotation	0.0624635 0.0291912 -0.547908 0.833693
	joint_orient	0 0 0 1
	bind_pose_matrix
		0.39789 -0.909926 -0.117121 0
		0.91722 0.391791 0.0721626 0
		-0.0197755 -0.136139 0.990492 0
		6.62373 7.60362 86.4258 1
	rotation_order xyz
	inherits_transform 1
	shearing 0 0 0
	rotate_pivot_translate	0 0 0
	scale_pivot_translate	0 0 0
	translate_limit_x -INF +INF
	translate_limit_y -INF +INF
	translate_limit_z -INF +INF
	rotate_limit_x -INF +INF
	rotate_limit_y -INF +INF
	rotate_limit_z -INF +INF
	scale_limit_x -INF +INF
	scale_limit_y -INF +INF
	scale_limit_z -INF +INF
	parent 0
	child_joints 1
		1 
	INSTANCE_LIST
	{
	}
	segment_scale_compensate 1
	EXTRA_ATTRIBUTES
	{
		wire_colour colour 0.65098 0.792157 0.941176
	}
}
JOINT Bip001_Head
{
	id 5
	visible	1
	scale_pivot	0 0 0
	rotate_pivot	0 0 0
	min_bound	0 0 0
	max_bound	0 0 0
	scale	1 1 1
	translate	8.31273 -3.56207e-06 1.24253e-06
	rotation_orient	0 0 0 1
	rotation	-0.357981 0.0620524 -0.393196 0.844628
	joint_orient	0 0 0 1
	bind_pose_matrix
		0.683093 -0.708636 0.176691 0
		0.619781 0.434493 -0.653519 0
		0.386336 0.555924 0.735998 0
		8.31273 -3.56207e-06 1.24253e-06 1
	rotation_order xyz
	inherits_transform 1
	shearing 0 0 0
	rotate_pivot_translate	0 0 0
	scale_pivot_translate	0 0 0
	translate_limit_x -INF +INF
	translate_limit_y -INF +INF
	translate_limit_z -INF +INF
	rotate_limit_x -INF +INF
	rotate_limit_y -INF +INF
	rotate_limit_z -INF +INF
	scale_limit_x -INF +INF
	scale_limit_y -INF +INF
	scale_limit_z -INF +INF
	parent 4
	child_joints 0
	INSTANCE_LIST
	{
	}
	segment_scale_compensate 1
	EXTRA_ATTRIBUTES
	{
		original_name string "Bip001 Head"
		wire_colour colour 0.65098 0.792157 0.941176
	}
}
JOINT Bip001_L_Calf
{
	id 20
	visible	1
	scale_pivot	0 0 0
	rotate_pivot	0 0 0
	min_bound	0 0 0
	max_bound	0 0 0
	scale	1 1 1
	translate	55.4182 2.57044e-08 1.19111e-06
	rotation_orient	0 0 0 1
	rotation	3.06757e-08 2.0642e-08 -0.788983 0.614415
	joint_orient	0 0 0 1
	bind_pose_matrix
		-0.244988 -0.969526 -7.37708e-08 0
		0.969526 -0.244988 5.12278e-09 0
		-2.30396e-08 -7.02677e-08 1 0
		55.4182 2.57044e-08 1.19111e-06 1
	rotation_order xyz
	inherits_transform 1
	shearing 0 0 0
	rotate_pivot_translate	0 0 0
	scale_pivot_translate	0 0 0
	translate_limit_x -INF +INF
	translate_limit_y -INF +INF
	translate_limit_z -INF +INF
	rotate_limit_x -INF +INF
	rotate_limit_y -INF +INF
	rotate_limit_z -INF +INF
	scale_limit_x -INF +INF
	scale_limit_y -INF +INF
	scale_limit_z -INF +INF
	parent 19
	child_joints 1
		21 
	INSTANCE_LIST
	{
	}
	segment_scale_compensate 1
	EXTRA_ATTRIBUTES
	{
		original_name string "Bip001 L Calf"
		wire_colour colour 0.109804 0.109804 0.694118
	}
}
JOINT Bip001_L_Clavicle
{
	id 6
	visible	1
	scale_pivot	0 0 0
	rotate_pivot	0 0 0
	min_bound	0 0 0
	max_bound	0 0 0
	scale	1 1 1
	translate	30.7038 -0.0572305 3.87928
	rotation_orient	0 0 0 1
	rotation	0.649462 -0.0987772 0.749131 -0.0851218
	joint_orient	0 0 0 1
	bind_pose_matrix
		-0.141908 -0.255839 0.956247 0
		-0.000769228 -0.965995 -0.258561 0
		0.98988 -0.0374273 0.136885 0
		30.7038 -0.0572305 3.87928 1
	rotation_order xyz
	inherits_transform 1
	shearing 0 0 0
	rotate_pivot_translate	0 0 0
	scale_pivot_translate	0 0 0
	translate_limit_x -INF +INF
	translate_limit_y -INF +INF
	translate_limit_z -INF +INF
	rotate_limit_x -INF +INF
	rotate_limit_y -INF +INF
	rotate_limit_z -INF +INF
	scale_limit_x -INF +INF
	scale_limit_y -INF +INF
	scale_limit_z -INF +INF
	parent 3
	child_joints 2
		7 12 
	INSTANCE_LIST
	{
	}
	segment_scale_compensate 1
	EXTRA_ATTRIBUTES
	{
		original_name string "Bip001 L Clavicle"
		wire_colour colour 0.109804 0.109804 0.694118
	}
}
JOINT Bip001_L_Foot
{
	id 21
	visible	1
	scale_pivot	0 0 0
	rotate_pivot	0 0 0
	min_bound	0 0 0
	max_bound	0 0 0
	scale	1 1 1
	translate	55.4182 1.6461e-06 8.68191e-07
	rotation_orient	0 0 0 1
	rotation	0.189897 0.151745 0.235266 0.941043
	joint_orient	0 0 0 1
	bind_pose_matrix
		0.843247 0.500423 -0.196244 0
		-0.38516 0.817178 0.428803 0
		0.374949 -0.286001 0.881826 0
		55.4182 1.6461e-06 8.68191e-07 1
	rotation_order xyz
	inherits_transform 1
	shearing 0 0 0
	rotate_pivot_translate	0 0 0
	scale_pivot_translate	0 0 0
	translate_limit_x -INF +INF
	translate_limit_y -INF +INF
	translate_limit_z -INF +INF
	rotate_limit_x -INF +INF
	rotate_limit_y -INF +INF
	rotate_limit_z -INF +INF
	scale_limit_x -INF +INF
	scale_limit_y -INF +INF
	scale_limit_z -INF +INF
	parent 20
	child_joints 0
	INSTANCE_LIST
	{
	}
	segment_scale_compensate 1
	EXTRA_ATTRIBUTES
	{
		original_name string "Bip001 L Foot"
		wire_colour colour 0.109804 0.109804 0.694118
	}
}
JOINT Bip001_L_ForeTwist
{
	id 26
	visible	0
	scale_pivot	0 0 0
	rotate_pivot	0 0 0
	min_bound	0 0 0
	max_bound	0 0 0
	scale	1 1 1
	translate	0 0 0
	rotation_orient	0 0 0 1
	rotation	-0.0563036 -2.71255e-17 -1.19546e-17 0.998414
	joint_orient	0 0 0 1
	bind_pose_matrix
		1 -2.08167e-17 5.55111e-17 0
		2.69257e-17 0.99366 -0.112429 0
		-5.28188e-17 0.112429 0.99366 0
		0 0 0 1
	rotation_order xyz
	inherits_transform 1
	shearing 0 0 0
	rotate_pivot_translate	0 0 0
	scale_pivot_translate	0 0 0
	translate_limit_x -INF +INF
	translate_limit_y -INF +INF
	translate_limit_z -INF +INF
	rotate_limit_x -INF +INF
	rotate_limit_y -INF +INF
	rotate_limit_z -INF +INF
	scale_limit_x -INF +INF
	scale_limit_y -INF +INF
	scale_limit_z -INF +INF
	parent 8
	child_joints 0
	INSTANCE_LIST
	{
	}
	segment_scale_compensate 1
	EXTRA_ATTRIBUTES
	{
		original_name string "Bip001 L ForeTwist"
		wire_colour colour 0.313726 0.313726 0.313726
	}
}
JOINT Bip001_L_Forearm
{
	id 8
	visible	1
	scale_pivot	0 0 0
	rotate_pivot	0 0 0
	min_bound	0 0 0
	max_bound	0 0 0
	scale	1 1 1
	translate	37.1165 -2.19416e-06 -1.61342e-06
	rotation_orient	0 0 0 1
	rotation	1.33533e-09 1.75016e-08 -0.436614 0.899649
	joint_orient	0 0 0 1
	bind_pose_matrix
		0.618736 -0.785599 -3.26567e-08 0
		0.785599 0.618736 -1.28803e-08 0
		3.03246e-08 -1.76856e-08 1 0
		37.1165 -2.19416e-06 -1.61342e-06 1
	rotation_order xyz
	inherits_transform 1
	shearing 0 0 0
	rotate_pivot_translate	0 0 0
	scale_pivot_translate	0 0 0
	translate_limit_x -INF +INF
	translate_limit_y -INF +INF
	translate_limit_z -INF +INF
	rotate_limit_x -INF +INF
	rotate_limit_y -INF +INF
	rotate_limit_z -INF +INF
	scale_limit_x -INF +INF
	scale_limit_y -INF +INF
	scale_limit_z -INF +INF
	parent 7
	child_joints 2
		9 26 
	INSTANCE_LIST
	{
	}
	segment_scale_compensate 1
	EXTRA_ATTRIBUTES
	{
		original_name string "Bip001 L Forearm"
		wire_colour colour 0.109804 0.109804 0.694118
	}
}
JOINT Bip001_L_Hand
{
	id 9
	visible	1
	scale_pivot	0 0 0
	rotate_pivot	0 0 0
	min_bound	0 0 0
	max_bound	0 0 0
	scale	1 1 1
	translate	30.2262 -1.4514e-06 8.144e-07
	rotation_orient	0 0 0 1
	rotation	-0.780913 -0.0277184 -0.112299 0.613836
	joint_orient	0 0 0 1
	bind_pose_matrix
		0.973241 -0.0945752 0.209421 0
		0.181158 -0.244874 -0.95248 0
		0.141363 0.964931 -0.221188 0
		30.2262 -1.4514e-06 8.144e-07 1
	rotation_order xyz
	inherits_transform 1
	shearing 0 0 0
	rotate_pivot_translate	0 0 0
	scale_pivot_translate	0 0 0
	translate_limit_x -INF +INF
	translate_limit_y -INF +INF
	translate_limit_z -INF +INF
	rotate_limit_x -INF +INF
	rotate_limit_y -INF +INF
	rotate_limit_z -INF +INF
	scale_limit_x -INF +INF
	scale_limit_y -INF +INF
	scale_limit_z -INF +INF
	parent 8
	child_joints 1
		10 
	INSTANCE_LIST
	{
	}
	segment_scale_compensate 1
	EXTRA_ATTRIBUTES
	{
		original_name string "Bip001 L Hand"
		wire_colour colour 0.109804 0.109804 0.694118
	}
}
JOINT Bip001_L_Thigh
{
	id 19
	visible	1
	scale_pivot	0 0 0
	rotate_pivot	0 0 0
	min_bound	0 0 0
	max_bound	0 0 0
	scale	1 1 1
	translate	-1.66091e-05 2.19976e-05 13.1784
	rotation_orient	0 0 0 1
	rotation	0.455284 0.818232 0.336406 -0.100218
	joint_orient	0 0 0 1
	bind_pose_matrix
		-0.565346 0.677628 0.470324 0
		0.812484 0.359096 0.45926 0
		0.142316 0.641771 -0.753575 0
		-1.66091e-05 2.19976e-05 13.1784 1
	rotation_order xyz
	inherits_transform 1
	shearing 0 0 0
	rotate_pivot_translate	0 0 0
	scale_pivot_translate	0 0 0
	translate_limit_x -INF +INF
	translate_limit_y -INF +INF
	translate_limit_z -INF +INF
	rotate_limit_x -INF +INF
	rotate_limit_y -INF +INF
	rotate_limit_z -INF +INF
	scale_limit_x -INF +INF
	scale_limit_y -INF +INF
	scale_limit_z -INF +INF
	parent 1
	child_joints 1
		20 
	INSTANCE_LIST
	{
	}
	segment_scale_compensate 1
	EXTRA_ATTRIBUTES
	{
		original_name string "Bip001 L Thigh"
		wire_colour colour 0.109804 0.109804 0.694118
	}
}
JOINT Bip001_L_UpperArm
{
	id 7
	visible	1
	scale_pivot	0 0 0
	rotate_pivot	0 0 0
	min_bound	0 0 0
	max_bound	0 0 0
	scale	1 1 1
	translate	21.211 -3.32581e-06 -1.34811e-05
	rotation_orient	0 0 0 1
	rotation	0.237621 0.399873 0.0946742 0.880156
	joint_orient	0 0 0 1
	bind_pose_matrix
		0.662277 0.356693 -0.658908 0
		0.0233805 0.869146 0.494003 0
		0.748894 -0.342573 0.567276 0
		21.211 -3.32581e-06 -1.34811e-05 1
	rotation_order xyz
	inherits_transform 1
	shearing 0 0 0
	rotate_pivot_translate	0 0 0
	scale_pivot_translate	0 0 0
	translate_limit_x -INF +INF
	translate_limit_y -INF +INF
	translate_limit_z -INF +INF
	rotate_limit_x -INF +INF
	rotate_limit_y -INF +INF
	rotate_limit_z -INF +INF
	scale_limit_x -INF +INF
	scale_limit_y -INF +INF
	scale_limit_z -INF +INF
	parent 6
	child_joints 1
		8 
	INSTANCE_LIST
	{
	}
	segment_scale_compensate 1
	EXTRA_ATTRIBUTES
	{
		original_name string "Bip001 L UpperArm"
		wire_colour colour 0.109804 0.109804 0.694118
	}
}
JOINT Bip001_Neck
{
	id 4
	visible	1
	scale_pivot	0 0 0
	rotate_pivot	0 0 0
	min_bound	0 0 0
	max_bound	0 0 0
	scale	1 1 1
	translate	39.8174 -1.99863 -0.000163353
	rotation_orient	0 0 0 1
	rotation	0.00646919 0.0185112 0.342865 0.93918
	joint_orient	0 0 0 1
	bind_pose_matrix
		0.764202 0.644264 -0.0303346 0
		-0.643785 0.764803 0.0248452 0
		0.0392068 0.00054222 0.999231 0
		39.8174 -1.99863 -0.000163353 1
	rotation_order xyz
	inherits_transform 1
	shearing 0 0 0
	rotate_pivot_translate	0 0 0
	scale_pivot_translate	0 0 0
	translate_limit_x -INF +INF
	translate_limit_y -INF +INF
	translate_limit_z -INF +INF
	rotate_limit_x -INF +INF
	rotate_limit_y -INF +INF
	rotate_limit_z -INF +INF
	scale_limit_x -INF +INF
	scale_limit_y -INF +INF
	scale_limit_z -INF +INF
	parent 3
	child_joints 1
		5 
	INSTANCE_LIST
	{
	}
	segment_scale_compensate 1
	EXTRA_ATTRIBUTES
	{
		original_name string "Bip001 Neck"
		wire_colour colour 0.0313726 0.431373 0.52549
	}
}
JOINT Bip001_Pelvis
{
	id 1
	visible	1
	scale_pivot	0 0 0
	rotate_pivot	0 0 0
	min_bound	0 0 0
	max_bound	0 0 0
	scale	1 1 1
	translate	0 0 0
	rotation_orient	0 0 0 1
	rotation	-0.499999 -0.5 -0.5 0.500001
	joint_orient	0 0 0 1
	bind_pose_matrix
		0 -1.40071e-06 1 0
		1 1.37091e-06 0 0
		-1.40071e-06 1 1.37091e-06 0
		0 0 0 1
	rotation_order xyz
	inherits_transform 1
	shearing 0 0 0
	rotate_pivot_translate	0 0 0
	scale_pivot_translate	0 0 0
	translate_limit_x -INF +INF
	translate_limit_y -INF +INF
	translate_limit_z -INF +INF
	rotate_limit_x -INF +INF
	rotate_limit_y -INF +INF
	rotate_limit_z -INF +INF
	scale_limit_x -INF +INF
	scale_limit_y -INF +INF
	scale_limit_z -INF +INF
	parent 46
	child_joints 3
		2 19 22 
	INSTANCE_LIST
	{
	}
	segment_scale_compensate 1
	EXTRA_ATTRIBUTES
	{
		original_name string "Bip001 Pelvis"
		wire_colour colour 0.878431 0.776471 0.341176
	}
}
JOINT Bip001_R_Calf
{
	id 23
	visible	1
	scale_pivot	0 0 0
	rotate_pivot	0 0 0
	min_bound	0 0 0
	max_bound	0 0 0
	scale	1 1 1
	translate	55.4182 -2.76385e-06 1.28904e-08
	rotation_orient	0 0 0 1
	rotation	-2.13547e-11 -5.65561e-09 -0.800701 0.599064
	joint_orient	0 0 0 1
	bind_pose_matrix
		-0.282244 -0.959343 6.81034e-09 0
		0.959343 -0.282244 9.03132e-09 0
		-6.74195e-09 9.08249e-09 1 0
		55.4182 -2.76385e-06 1.28904e-08 1
	rotation_order xyz
	inherits_transform 1
	shearing 0 0 0
	rotate_pivot_translate	0 0 0
	scale_pivot_translate	0 0 0
	translate_limit_x -INF +INF
	translate_limit_y -INF +INF
	translate_limit_z -INF +INF
	rotate_limit_x -INF +INF
	rotate_limit_y -INF +INF
	rotate_limit_z -INF +INF
	scale_limit_x -INF +INF
	scale_limit_y -INF +INF
	scale_limit_z -INF +INF
	parent 22
	child_joints 1
		24 
	INSTANCE_LIST
	{
	}
	segment_scale_compensate 1
	EXTRA_ATTRIBUTES
	{
		original_name string "Bip001 R Calf"
		wire_colour colour 0.0235294 0.52549 0.0235294
	}
}
JOINT Bip001_R_Clavicle
{
	id 13
	visible	1
	scale_pivot	0 0 0
	rotate_pivot	0 0 0
	min_bound	0 0 0
	max_bound	0 0 0
	scale	1 1 1
	translate	30.7038 -0.0572087 -3.87927
	rotation_orient	0 0 0 1
	rotation	-0.671257 0.0574248 0.737182 -0.0517557
	joint_orient	0 0 0 1
	bind_pose_matrix
		-0.0934705 -0.1534 -0.983733 0
		-0.000786811 -0.988047 0.154148 0
		-0.995622 0.0151823 0.0922325 0
		30.7038 -0.0572087 -3.87927 1
	rotation_order xyz
	inherits_transform 1
	shearing 0 0 0
	rotate_pivot_translate	0 0 0
	scale_pivot_translate	0 0 0
	translate_limit_x -INF +INF
	translate_limit_y -INF +INF
	translate_limit_z -INF +INF
	rotate_limit_x -INF +INF
	rotate_limit_y -INF +INF
	rotate_limit_z -INF +INF
	scale_limit_x -INF +INF
	scale_limit_y -INF +INF
	scale_limit_z -INF +INF
	parent 3
	child_joints 2
		14 18 
	INSTANCE_LIST
	{
	}
	segment_scale_compensate 1
	EXTRA_ATTRIBUTES
	{
		original_name string "Bip001 R Clavicle"
		wire_colour colour 0.0235294 0.52549 0.0235294
	}
}
JOINT Bip001_R_Foot
{
	id 24
	visible	1
	scale_pivot	0 0 0
	rotate_pivot	0 0 0
	min_bound	0 0 0
	max_bound	0 0 0
	scale	1 1 1
	translate	55.4182 2.95692e-06 7.27788e-07
	rotation_orient	0 0 0 1
	rotation	0.00977462 0.0308464 0.292546 0.955704
	joint_orient	0 0 0 1
	bind_pose_matrix
		0.82693 0.559778 -0.0532409 0
		-0.558572 0.828642 0.0367313 0
		0.0646791 -0.000635289 0.997906 0
		55.4182 2.95692e-06 7.27788e-07 1
	rotation_order xyz
	inherits_transform 1
	shearing 0 0 0
	rotate_pivot_translate	0 0 0
	scale_pivot_translate	0 0 0
	translate_limit_x -INF +INF
	translate_limit_y -INF +INF
	translate_limit_z -INF +INF
	rotate_limit_x -INF +INF
	rotate_limit_y -INF +INF
	rotate_limit_z -INF +INF
	scale_limit_x -INF +INF
	scale_limit_y -INF +INF
	scale_limit_z -INF +INF
	parent 23
	child_joints 0
	INSTANCE_LIST
	{
	}
	segment_scale_compensate 1
	EXTRA_ATTRIBUTES
	{
		original_name string "Bip001 R Foot"
		wire_colour colour 0.0235294 0.52549 0.0235294
	}
}
JOINT Bip001_R_ForeTwist
{
	id 27
	visible	0
	scale_pivot	0 0 0
	rotate_pivot	0 0 0
	min_bound	0 0 0
	max_bound	0 0 0
	scale	1 1 1
	translate	0 0 0
	rotation_orient	0 0 0 1
	rotation	0.0449057 -2.77276e-17 1.24638e-18 0.998991
	joint_orient	0 0 0 1
	bind_pose_matrix
		1 6.20385e-25 5.55112e-17 0
		-4.9805e-18 0.995967 0.0897208 0
		-5.52873e-17 -0.0897208 0.995967 0
		0 0 0 1
	rotation_order xyz
	inherits_transform 1
	shearing 0 0 0
	rotate_pivot_translate	0 0 0
	scale_pivot_translate	0 0 0
	translate_limit_x -INF +INF
	translate_limit_y -INF +INF
	translate_limit_z -INF +INF
	rotate_limit_x -INF +INF
	rotate_limit_y -INF +INF
	rotate_limit_z -INF +INF
	scale_limit_x -INF +INF
	scale_limit_y -INF +INF
	scale_limit_z -INF +INF
	parent 15
	child_joints 0
	INSTANCE_LIST
	{
	}
	segment_scale_compensate 1
	EXTRA_ATTRIBUTES
	{
		original_name string "Bip001 R ForeTwist"
		wire_colour colour 0.313726 0.313726 0.313726
	}
}
JOINT Bip001_R_Forearm
{
	id 15
	visible	1
	scale_pivot	0 0 0
	rotate_pivot	0 0 0
	min_bound	0 0 0
	max_bound	0 0 0
	scale	1 1 1
	translate	37.1165 -8.1702e-07 -1.43475e-06
	rotation_orient	0 0 0 1
	rotation	-9.19772e-09 -3.65876e-08 -0.442585 0.896727
	joint_orient	0 0 0 1
	bind_pose_matrix
		0.608238 -0.793755 7.37597e-08 0
		0.793755 0.608238 1.58905e-08 0
		-5.74766e-08 4.88819e-08 1 0
		37.1165 -8.1702e-07 -1.43475e-06 1
	rotation_order xyz
	inherits_transform 1
	shearing 0 0 0
	rotate_pivot_translate	0 0 0
	scale_pivot_translate	0 0 0
	translate_limit_x -INF +INF
	translate_limit_y -INF +INF
	translate_limit_z -INF +INF
	rotate_limit_x -INF +INF
	rotate_limit_y -INF +INF
	rotate_limit_z -INF +INF
	scale_limit_x -INF +INF
	scale_limit_y -INF +INF
	scale_limit_z -INF +INF
	parent 14
	child_joints 2
		16 27 
	INSTANCE_LIST
	{
	}
	segment_scale_compensate 1
	EXTRA_ATTRIBUTES
	{
		original_name string "Bip001 R Forearm"
		wire_colour colour 0.0235294 0.52549 0.0235294
	}
}
JOINT Bip001_R_Hand
{
	id 16
	visible	1
	scale_pivot	0 0 0
	rotate_pivot	0 0 0
	min_bound	0 0 0
	max_bound	0 0 0
	scale	1 1 1
	translate	30.2262 1.60696e-06 -4.11483e-07
	rotation_orient	0 0 0 1
	rotation	0.744328 0.175023 0.0642336 0.641262
	joint_orient	0 0 0 1
	bind_pose_matrix
		0.930482 0.342931 -0.12885 0
		0.178168 -0.1163 0.977103 0
		0.320093 -0.932133 -0.169315 0
		30.2262 1.60696e-06 -4.11483e-07 1
	rotation_order xyz
	inherits_transform 1
	shearing 0 0 0
	rotate_pivot_translate	0 0 0
	scale_pivot_translate	0 0 0
	translate_limit_x -INF +INF
	translate_limit_y -INF +INF
	translate_limit_z -INF +INF
	rotate_limit_x -INF +INF
	rotate_limit_y -INF +INF
	rotate_limit_z -INF +INF
	scale_limit_x -INF +INF
	scale_limit_y -INF +INF
	scale_limit_z -INF +INF
	parent 15
	child_joints 1
		17 
	INSTANCE_LIST
	{
	}
	segment_scale_compensate 1
	EXTRA_ATTRIBUTES
	{
		original_name string "Bip001 R Hand"
		wire_colour colour 0.0235294 0.52549 0.0235294
	}
}
JOINT Bip001_R_Thigh
{
	id 22
	visible	1
	scale_pivot	0 0 0
	rotate_pivot	0 0 0
	min_bound	0 0 0
	max_bound	0 0 0
	scale	1 1 1
	translate	1.77126e-05 -1.46215e-05 -13.1784
	rotation_orient	0 0 0 1
	rotation	0.458327 0.85539 -0.201072 0.133468
	joint_orient	0 0 0 1
	bind_pose_matrix
		-0.544245 0.730424 -0.412647 0
		0.837771 0.499013 -0.221646 0
		0.0440207 -0.466333 -0.883513 0
		1.77126e-05 -1.46215e-05 -13.1784 1
	rotation_order xyz
	inherits_transform 1
	shearing 0 0 0
	rotate_pivot_translate	0 0 0
	scale_pivot_translate	0 0 0
	translate_limit_x -INF +INF
	translate_limit_y -INF +INF
	translate_limit_z -INF +INF
	rotate_limit_x -INF +INF
	rotate_limit_y -INF +INF
	rotate_limit_z -INF +INF
	scale_limit_x -INF +INF
	scale_limit_y -INF +INF
	scale_limit_z -INF +INF
	parent 1
	child_joints 1
		23 
	INSTANCE_LIST
	{
	}
	segment_scale_compensate 1
	EXTRA_ATTRIBUTES
	{
		original_name string "Bip001 R Thigh"
		wire_colour colour 0.0235294 0.52549 0.0235294
	}
}
JOINT Bip001_R_UpperArm
{
	id 14
	visible	1
	scale_pivot	0 0 0
	rotate_pivot	0 0 0
	min_bound	0 0 0
	max_bound	0 0 0
	scale	1 1 1
	translate	21.211 -2.04124e-06 6.82531e-06
	rotation_orient	0 0 0 1
	rotation	-0.168828 -0.315609 -0.157053 0.920447
	joint_orient	0 0 0 1
	bind_pose_matrix
		0.75145 -0.182551 0.634032 0
		0.395686 0.893662 -0.21166 0
		-0.527972 0.40993 0.743776 0
		21.211 -2.04124e-06 6.82531e-06 1
	rotation_order xyz
	inherits_transform 1
	shearing 0 0 0
	rotate_pivot_translate	0 0 0
	scale_pivot_translate	0 0 0
	translate_limit_x -INF +INF
	translate_limit_y -INF +INF
	translate_limit_z -INF +INF
	rotate_limit_x -INF +INF
	rotate_limit_y -INF +INF
	rotate_limit_z -INF +INF
	scale_limit_x -INF +INF
	scale_limit_y -INF +INF
	scale_limit_z -INF +INF
	parent 13
	child_joints 1
		15 
	INSTANCE_LIST
	{
	}
	segment_scale_compensate 1
	EXTRA_ATTRIBUTES
	{
		original_name string "Bip001 R UpperArm"
		wire_colour colour 0.0235294 0.52549 0.0235294
	}
}
JOINT Bip001_Spine
{
	id 2
	visible	1
	scale_pivot	0 0 0
	rotate_pivot	0 0 0
	min_bound	0 0 0
	max_bound	0 0 0
	scale	1 1 1
	translate	12.7465 -0.0140548 -0.00256583
	rotation_orient	0 0 0 1
	rotation	0.0907136 -0.00284567 0.0119068 0.995802
	joint_orient	0 0 0 1
	bind_pose_matrix
		0.9997 0.0231974 0.00782767 0
		-0.02423 0.983259 0.180598 0
		-0.00350722 -0.180733 0.983526 0
		12.7465 -0.0140548 -0.00256583 1
	rotation_order xyz
	inherits_transform 1
	shearing 0 0 0
	rotate_pivot_translate	0 0 0
	scale_pivot_translate	0 0 0
	translate_limit_x -INF +INF
	translate_limit_y -INF +INF
	translate_limit_z -INF +INF
	rotate_limit_x -INF +INF
	rotate_limit_y -INF +INF
	rotate_limit_z -INF +INF
	scale_limit_x -INF +INF
	scale_limit_y -INF +INF
	scale_limit_z -INF +INF
	parent 1
	child_joints 1
		3 
	INSTANCE_LIST
	{
	}
	segment_scale_compensate 1
	EXTRA_ATTRIBUTES
	{
		original_name string "Bip001 Spine"
		wire_colour colour 0.0313726 0.431373 0.52549
	}
}
JOINT Bip001_Spine1
{
	id 3
	visible	1
	scale_pivot	0 0 0
	rotate_pivot	0 0 0
	min_bound	0 0 0
	max_bound	0 0 0
	scale	1 1 1
	translate	17.9575 -0.0244175 -0.00359867
	rotation_orient	0 0 0 1
	rotation	0.0721623 0.0234395 0.0352325 0.996495
	joint_orient	0 0 0 1
	bind_pose_matrix
		0.996419 0.0736009 -0.0416298 0
		-0.0668351 0.987103 0.14547 0
		0.0517996 -0.142167 0.988486 0
		17.9575 -0.0244175 -0.00359867 1
	rotation_order xyz
	inherits_transform 1
	shearing 0 0 0
	rotate_pivot_translate	0 0 0
	scale_pivot_translate	0 0 0
	translate_limit_x -INF +INF
	translate_limit_y -INF +INF
	translate_limit_z -INF +INF
	rotate_limit_x -INF +INF
	rotate_limit_y -INF +INF
	rotate_limit_z -INF +INF
	scale_limit_x -INF +INF
	scale_limit_y -INF +INF
	scale_limit_z -INF +INF
	parent 2
	child_joints 5
		4 6 13 40 55 
	INSTANCE_LIST
	{
	}
	segment_scale_compensate 1
	EXTRA_ATTRIBUTES
	{
		original_name string "Bip001 Spine1"
		wire_colour colour 0.0313726 0.431373 0.52549
	}
}
JOINT bn_cape_01
{
	id 55
	visible	0
	scale_pivot	0 0 0
	rotate_pivot	0 0 0
	min_bound	0 0 0
	max_bound	0 0 0
	scale	1 1 1
	translate	35.3632 -17.027 12.2538
	rotation_orient	0 0 0 1
	rotation	-0.165417 0.71183 -0.672738 0.115586
	joint_orient	0 0 0 1
	bind_pose_matrix
		-0.918554 -0.391016 0.058009 0
		-0.079979 0.0401229 -0.995989 0
		0.38712 -0.919509 -0.0681281 0
		35.3632 -17.027 12.2538 1
	rotation_order xyz
	inherits_transform 1
	shearing 0 0 0
	rotate_pivot_translate	0 0 0
	scale_pivot_translate	0 0 0
	translate_limit_x -INF +INF
	translate_limit_y -INF +INF
	translate_limit_z -INF +INF
	rotate_limit_x -INF +INF
	rotate_limit_y -INF +INF
	rotate_limit_z -INF +INF
	scale_limit_x -INF +INF
	scale_limit_y -INF +INF
	scale_limit_z -INF +INF
	parent 3
	child_joints 1
		56 
	INSTANCE_LIST
	{
	}
	segment_scale_compensate 1
	EXTRA_ATTRIBUTES
	{
		wire_colour colour 0.682353 0.729412 0.796078
	}
}
JOINT bn_cape_02
{
	id 56
	visible	0
	scale_pivot	0 0 0
	rotate_pivot	0 0 0
	min_bound	0 0 0
	max_bound	0 0 0
	scale	1 1 1
	translate	37.4656 5.45803e-07 2.5042e-06
	rotation_orient	0 0 0 1
	rotation	-3.60624e-08 0.0442487 -0.0136184 0.998928
	joint_orient	0 0 0 1
	bind_pose_matrix
		0.995713 -0.0272075 -0.0884025 0
		0.0272075 0.999629 -0.00120526 0
		0.0884025 -0.00120512 0.996084 0
		37.4656 5.45803e-07 2.5042e-06 1
	rotation_order xyz
	inherits_transform 1
	shearing 0 0 0
	rotate_pivot_translate	0 0 0
	scale_pivot_translate	0 0 0
	translate_limit_x -INF +INF
	translate_limit_y -INF +INF
	translate_limit_z -INF +INF
	rotate_limit_x -INF +INF
	rotate_limit_y -INF +INF
	rotate_limit_z -INF +INF
	scale_limit_x -INF +INF
	scale_limit_y -INF +INF
	scale_limit_z -INF +INF
	parent 55
	child_joints 1
		57 
	INSTANCE_LIST
	{
	}
	segment_scale_compensate 1
	EXTRA_ATTRIBUTES
	{
		wire_colour colour 0.682353 0.729412 0.796078
	}
}
JOINT bn_cape_03
{
	id 57
	visible	0
	scale_pivot	0 0 0
	rotate_pivot	0 0 0
	min_bound	0 0 0
	max_bound	0 0 0
	scale	1 1 1
	translate	41.0951 -0.00128596 -2.71256e-05
	rotation_orient	0 0 0 1
	rotation	-6.6036e-08 -0.0741962 -0.0569424 0.995617
	joint_orient	0 0 0 1
	bind_pose_matrix
		0.982505 -0.113386 0.147742 0
		0.113386 0.993515 0.00844968 0
		-0.147742 0.00844995 0.98899 0
		41.0951 -0.00128596 -2.71256e-05 1
	rotation_order xyz
	inherits_transform 1
	shearing 0 0 0
	rotate_pivot_translate	0 0 0
	scale_pivot_translate	0 0 0
	translate_limit_x -INF +INF
	translate_limit_y -INF +INF
	translate_limit_z -INF +INF
	rotate_limit_x -INF +INF
	rotate_limit_y -INF +INF
	rotate_limit_z -INF +INF
	scale_limit_x -INF +INF
	scale_limit_y -INF +INF
	scale_limit_z -INF +INF
	parent 56
	child_joints 1
		58 
	INSTANCE_LIST
	{
	}
	segment_scale_compensate 1
	EXTRA_ATTRIBUTES
	{
		wire_colour colour 0.682353 0.729412 0.796078
	}
}
JOINT bn_cape_04
{
	id 58
	visible	0
	scale_pivot	0 0 0
	rotate_pivot	0 0 0
	min_bound	0 0 0
	max_bound	0 0 0
	scale	1 1 1
	translate	49.3999 3.07008e-06 2.92316e-06
	rotation_orient	0 0 0 1
	rotation	7.6329e-08 -0.0486325 0.0323451 0.998293
	joint_orient	0 0 0 1
	bind_pose_matrix
		0.993177 0.0645797 0.097099 0
		-0.0645797 0.997908 -0.00314589 0
		-0.0970989 -0.00314619 0.99527 0
		49.3999 3.07008e-06 2.92316e-06 1
	rotation_order xyz
	inherits_transform 1
	shearing 0 0 0
	rotate_pivot_translate	0 0 0
	scale_pivot_translate	0 0 0
	translate_limit_x -INF +INF
	translate_limit_y -INF +INF
	translate_limit_z -INF +INF
	rotate_limit_x -INF +INF
	rotate_limit_y -INF +INF
	rotate_limit_z -INF +INF
	scale_limit_x -INF +INF
	scale_limit_y -INF +INF
	scale_limit_z -INF +INF
	parent 57
	child_joints 0
	INSTANCE_LIST
	{
	}
	segment_scale_compensate 1
	EXTRA_ATTRIBUTES
	{
		wire_colour colour 0.682353 0.729412 0.796078
	}
}
BONE bn_foot_L_01
{
	id 45
	visible	0
	scale_pivot	0 0 0
	rotate_pivot	0 0 0
	min_bound	0 0 0
	max_bound	0 0 0
	scale	1 1 1
	translate	4.50777 -0.000416346 0.000800418
	rotation_orient	0 0 0 1
	rotation	-0.0699408 0.0516544 -0.801355 0.591836
	joint_orient	0 0 0 1
	bind_pose_matrix
		-0.289677 -0.955767 0.0509531 0
		0.941316 -0.294124 -0.165574 0
		0.173237 -7.45058e-08 0.98488 0
		4.50777 -0.000416346 0.000800418 1
	rotation_order xyz
	inherits_transform 1
	shearing 0 0 0
	rotate_pivot_translate	0 0 0
	scale_pivot_translate	0 0 0
	translate_limit_x -INF +INF
	translate_limit_y -INF +INF
	translate_limit_z -INF +INF
	rotate_limit_x -INF +INF
	rotate_limit_y -INF +INF
	rotate_limit_z -INF +INF
	scale_limit_x -INF +INF
	scale_limit_y -INF +INF
	scale_limit_z -INF +INF
	parent 49
	child_joints 0
	INSTANCE_LIST
	{
	}
	EXTRA_ATTRIBUTES
	{
		wire_colour colour 0.054902 1 0.00784314
	}
}
BONE bn_foot_R_01
{
	id 44
	visible	0
	scale_pivot	0 0 0
	rotate_pivot	0 0 0
	min_bound	0 0 0
	max_bound	0 0 0
	scale	1 1 1
	translate	5.91259 -8.4871e-07 1.44147e-06
	rotation_orient	0 0 0 1
	rotation	-0.149169 0.0698685 0.893216 -0.418369
	joint_orient	0 0 0 1
	bind_pose_matrix
		-0.605433 -0.768232 -0.208019 0
		0.726543 -0.640172 0.249631 0
		-0.324942 -4.47035e-08 0.945734 0
		5.91259 -8.4871e-07 1.44147e-06 1
	rotation_order xyz
	inherits_transform 1
	shearing 0 0 0
	rotate_pivot_translate	0 0 0
	scale_pivot_translate	0 0 0
	translate_limit_x -INF +INF
	translate_limit_y -INF +INF
	translate_limit_z -INF +INF
	rotate_limit_x -INF +INF
	rotate_limit_y -INF +INF
	rotate_limit_z -INF +INF
	scale_limit_x -INF +INF
	scale_limit_y -INF +INF
	scale_limit_z -INF +INF
	parent 48
	child_joints 0
	INSTANCE_LIST
	{
	}
	EXTRA_ATTRIBUTES
	{
		wire_colour colour 0.054902 1 0.00784314
	}
}
BONE bn_hand_L_01
{
	id 43
	visible	0
	scale_pivot	0 0 0
	rotate_pivot	0 0 0
	min_bound	0 0 0
	max_bound	0 0 0
	scale	1 1 1
	translate	10.3249 -2.45782e-05 0.000273847
	rotation_orient	0 0 0 1
	rotation	-0.373242 0.767409 0.487754 0.18404
	joint_orient	0 0 0 1
	bind_pose_matrix
		-0.65364 -0.393325 -0.646568 0
		-0.75239 0.245573 0.61123 0
		-0.0816328 0.885996 -0.456451 0
		10.3249 -2.45782e-05 0.000273847 1
	rotation_order xyz
	inherits_transform 1
	shearing 0 0 0
	rotate_pivot_translate	0 0 0
	scale_pivot_translate	0 0 0
	translate_limit_x -INF +INF
	translate_limit_y -INF +INF
	translate_limit_z -INF +INF
	rotate_limit_x -INF +INF
	rotate_limit_y -INF +INF
	rotate_limit_z -INF +INF
	scale_limit_x -INF +INF
	scale_limit_y -INF +INF
	scale_limit_z -INF +INF
	parent 39
	child_joints 0
	INSTANCE_LIST
	{
	}
	EXTRA_ATTRIBUTES
	{
		wire_colour colour 0.054902 1 0.00784314
	}
}
BONE bn_hand_R_01
{
	id 42
	visible	0
	scale_pivot	0 0 0
	rotate_pivot	0 0 0
	min_bound	0 0 0
	max_bound	0 0 0
	scale	1 1 1
	translate	10.3252 -5.66743e-06 0.000359968
	rotation_orient	0 0 0 1
	rotation	-0.167202 0.0984936 -0.0548984 0.979453
	joint_orient	0 0 0 1
	bind_pose_matrix
		0.97457 -0.140477 -0.174581 0
		0.0746041 0.938059 -0.338348 0
		0.211298 0.316719 0.924685 0
		10.3252 -5.66743e-06 0.000359968 1
	rotation_order xyz
	inherits_transform 1
	shearing 0 0 0
	rotate_pivot_translate	0 0 0
	scale_pivot_translate	0 0 0
	translate_limit_x -INF +INF
	translate_limit_y -INF +INF
	translate_limit_z -INF +INF
	rotate_limit_x -INF +INF
	rotate_limit_y -INF +INF
	rotate_limit_z -INF +INF
	scale_limit_x -INF +INF
	scale_limit_y -INF +INF
	scale_limit_z -INF +INF
	parent 38
	child_joints 0
	INSTANCE_LIST
	{
	}
	EXTRA_ATTRIBUTES
	{
		wire_colour colour 0.054902 1 0.00784314
	}
}
BONE bn_head_01
{
	id 41
	visible	0
	scale_pivot	0 0 0
	rotate_pivot	0 0 0
	min_bound	0 0 0
	max_bound	0 0 0
	scale	1 1 1
	translate	2.40702e-06 0.0272799 7.8085
	rotation_orient	0 0 0 1
	rotation	-0.344023 -0.125936 -0.124399 0.922125
	joint_orient	0 0 0 1
	bind_pose_matrix
		0.93733 -0.142773 0.317848 0
		0.316071 0.732347 -0.603131 0
		-0.146665 0.665796 0.731577 0
		2.40702e-06 0.0272799 7.8085 1
	rotation_order xyz
	inherits_transform 1
	shearing 0 0 0
	rotate_pivot_translate	0 0 0
	scale_pivot_translate	0 0 0
	translate_limit_x -INF +INF
	translate_limit_y -INF +INF
	translate_limit_z -INF +INF
	rotate_limit_x -INF +INF
	rotate_limit_y -INF +INF
	rotate_limit_z -INF +INF
	scale_limit_x -INF +INF
	scale_limit_y -INF +INF
	scale_limit_z -INF +INF
	parent 35
	child_joints 0
	INSTANCE_LIST
	{
	}
	EXTRA_ATTRIBUTES
	{
		wire_colour colour 0.054902 1 0.00784314
	}
}
BONE bn_hips_01
{
	id 40
	visible	0
	scale_pivot	0 0 0
	rotate_pivot	0 0 0
	min_bound	0 0 0
	max_bound	0 0 0
	scale	1 1 1
	translate	49.733 -19.288 34.805
	rotation_orient	0 0 0 1
	rotation	0.595921 0.351001 0.715691 -0.0972791
	joint_orient	0 0 0 1
	bind_pose_matrix
		-0.27083 0.279094 0.921281 0
		0.557581 -0.734671 0.386475 0
		0.7847 0.618357 0.043353 0
		49.733 -19.288 34.805 1
	rotation_order xyz
	inherits_transform 1
	shearing 0 0 0
	rotate_pivot_translate	0 0 0
	scale_pivot_translate	0 0 0
	translate_limit_x -INF +INF
	translate_limit_y -INF +INF
	translate_limit_z -INF +INF
	rotate_limit_x -INF +INF
	rotate_limit_y -INF +INF
	rotate_limit_z -INF +INF
	scale_limit_x -INF +INF
	scale_limit_y -INF +INF
	scale_limit_z -INF +INF
	parent 3
	child_joints 4
		30 31 51 54 
	INSTANCE_LIST
	{
	}
	EXTRA_ATTRIBUTES
	{
		wire_colour colour 0.054902 1 0.00784314
	}
}
BONE bn_lowerarm_L_01
{
	id 39
	visible	0
	scale_pivot	0 0 0
	rotate_pivot	0 0 0
	min_bound	0 0 0
	max_bound	0 0 0
	scale	1 1 1
	translate	9.04221 -0.000462474 -0.000364052
	rotation_orient	0 0 0 1
	rotation	8.70286e-08 -0.487696 6.49701e-07 0.873014
	joint_orient	0 0 0 1
	bind_pose_matrix
		0.524306 1.04951e-06 0.85153 0
		-1.21928e-06 1 -4.81759e-07 0
		-0.85153 -7.85667e-07 0.524306 0
		9.04221 -0.000462474 -0.000364052 1
	rotation_order xyz
	inherits_transform 1
	shearing 0 0 0
	rotate_pivot_translate	0 0 0
	scale_pivot_translate	0 0 0
	translate_limit_x -INF +INF
	translate_limit_y -INF +INF
	translate_limit_z -INF +INF
	rotate_limit_x -INF +INF
	rotate_limit_y -INF +INF
	rotate_limit_z -INF +INF
	scale_limit_x -INF +INF
	scale_limit_y -INF +INF
	scale_limit_z -INF +INF
	parent 33
	child_joints 1
		43 
	INSTANCE_LIST
	{
	}
	EXTRA_ATTRIBUTES
	{
		wire_colour colour 0.054902 1 0.00784314
	}
}
BONE bn_lowerarm_R_01
{
	id 38
	visible	0
	scale_pivot	0 0 0
	rotate_pivot	0 0 0
	min_bound	0 0 0
	max_bound	0 0 0
	scale	1 1 1
	translate	9.042 -7.28662e-06 -3.05275e-06
	rotation_orient	0 0 0 1
	rotation	1.46469e-07 -0.778012 8.8671e-08 0.628249
	joint_orient	0 0 0 1
	bind_pose_matrix
		-0.210606 -1.16494e-07 0.977571 0
		-3.39324e-07 1 4.60634e-08 0
		-0.977571 -3.22012e-07 -0.210606 0
		9.042 -7.28662e-06 -3.05275e-06 1
	rotation_order xyz
	inherits_transform 1
	shearing 0 0 0
	rotate_pivot_translate	0 0 0
	scale_pivot_translate	0 0 0
	translate_limit_x -INF +INF
	translate_limit_y -INF +INF
	translate_limit_z -INF +INF
	rotate_limit_x -INF +INF
	rotate_limit_y -INF +INF
	rotate_limit_z -INF +INF
	scale_limit_x -INF +INF
	scale_limit_y -INF +INF
	scale_limit_z -INF +INF
	parent 32
	child_joints 1
		42 
	INSTANCE_LIST
	{
	}
	EXTRA_ATTRIBUTES
	{
		wire_colour colour 0.054902 1 0.00784314
	}
}
BONE bn_lowerleg_L_01
{
	id 37
	visible	0
	scale_pivot	0 0 0
	rotate_pivot	0 0 0
	min_bound	0 0 0
	max_bound	0 0 0
	scale	1 1 1
	translate	9.79928 2.03592e-06 7.8643e-07
	rotation_orient	0 0 0 1
	rotation	0.175863 0.208219 0.781001 0.56192
	joint_orient	0 0 0 1
	bind_pose_matrix
		-0.306635 0.950957 0.0406931 0
		-0.804485 -0.281781 0.52288 0
		0.508702 0.127596 0.851435 0
		9.79928 2.03592e-06 7.8643e-07 1
	rotation_order xyz
	inherits_transform 1
	shearing 0 0 0
	rotate_pivot_translate	0 0 0
	scale_pivot_translate	0 0 0
	translate_limit_x -INF +INF
	translate_limit_y -INF +INF
	translate_limit_z -INF +INF
	rotate_limit_x -INF +INF
	rotate_limit_y -INF +INF
	rotate_limit_z -INF +INF
	scale_limit_x -INF +INF
	scale_limit_y -INF +INF
	scale_limit_z -INF +INF
	parent 50
	child_joints 1
		49 
	INSTANCE_LIST
	{
	}
	EXTRA_ATTRIBUTES
	{
		wire_colour colour 0.054902 1 0.00784314
	}
}
BONE bn_lowerleg_L_02
{
	id 49
	visible	0
	scale_pivot	0 0 0
	rotate_pivot	0 0 0
	min_bound	0 0 0
	max_bound	0 0 0
	scale	1 1 1
	translate	4.50777 -4.1013e-07 8.08512e-07
	rotation_orient	0 0 0 1
	rotation	4.0717e-07 2.11614e-07 2.48887e-06 1
	joint_orient	0 0 0 1
	bind_pose_matrix
		1 4.97774e-06 -4.23226e-07 0
		-4.97774e-06 1 8.1434e-07 0
		4.2323e-07 -8.14338e-07 1 0
		4.50777 -4.1013e-07 8.08512e-07 1
	rotation_order xyz
	inherits_transform 1
	shearing 0 0 0
	rotate_pivot_translate	0 0 0
	scale_pivot_translate	0 0 0
	translate_limit_x -INF +INF
	translate_limit_y -INF +INF
	translate_limit_z -INF +INF
	rotate_limit_x -INF +INF
	rotate_limit_y -INF +INF
	rotate_limit_z -INF +INF
	scale_limit_x -INF +INF
	scale_limit_y -INF +INF
	scale_limit_z -INF +INF
	parent 37
	child_joints 1
		45 
	INSTANCE_LIST
	{
	}
	EXTRA_ATTRIBUTES
	{
		wire_colour colour 0.054902 1 0.00784314
	}
}
BONE bn_lowerleg_R_01
{
	id 36
	visible	0
	scale_pivot	0 0 0
	rotate_pivot	0 0 0
	min_bound	0 0 0
	max_bound	0 0 0
	scale	1 1 1
	translate	6.82527 2.30044e-07 5.25177e-07
	rotation_orient	0 0 0 1
	rotation	-0.102494 -0.547685 0.498475 0.664122
	joint_orient	0 0 0 1
	bind_pose_matrix
		-0.0968733 0.774365 0.625279 0
		-0.549828 0.482035 -0.682152 0
		-0.829641 -0.409878 0.379072 0
		6.82527 2.30044e-07 5.25177e-07 1
	rotation_order xyz
	inherits_transform 1
	shearing 0 0 0
	rotate_pivot_translate	0 0 0
	scale_pivot_translate	0 0 0
	translate_limit_x -INF +INF
	translate_limit_y -INF +INF
	translate_limit_z -INF +INF
	rotate_limit_x -INF +INF
	rotate_limit_y -INF +INF
	rotate_limit_z -INF +INF
	scale_limit_x -INF +INF
	scale_limit_y -INF +INF
	scale_limit_z -INF +INF
	parent 47
	child_joints 1
		48 
	INSTANCE_LIST
	{
	}
	EXTRA_ATTRIBUTES
	{
		wire_colour colour 0.054902 1 0.00784314
	}
}
BONE bn_lowerleg_R_02
{
	id 48
	visible	0
	scale_pivot	0 0 0
	rotate_pivot	0 0 0
	min_bound	0 0 0
	max_bound	0 0 0
	scale	1 1 1
	translate	5.91258 2.05558e-06 1.69648e-06
	rotation_orient	0 0 0 1
	rotation	2.6252e-07 -2.03452e-07 -1.00078e-06 1
	joint_orient	0 0 0 1
	bind_pose_matrix
		1 -2.00156e-06 4.06904e-07 0
		2.00156e-06 1 5.2504e-07 0
		-4.06905e-07 -5.25039e-07 1 0
		5.91258 2.05558e-06 1.69648e-06 1
	rotation_order xyz
	inherits_transform 1
	shearing 0 0 0
	rotate_pivot_translate	0 0 0
	scale_pivot_translate	0 0 0
	translate_limit_x -INF +INF
	translate_limit_y -INF +INF
	translate_limit_z -INF +INF
	rotate_limit_x -INF +INF
	rotate_limit_y -INF +INF
	rotate_limit_z -INF +INF
	scale_limit_x -INF +INF
	scale_limit_y -INF +INF
	scale_limit_z -INF +INF
	parent 36
	child_joints 1
		44 
	INSTANCE_LIST
	{
	}
	EXTRA_ATTRIBUTES
	{
		wire_colour colour 0.054902 1 0.00784314
	}
}
BONE bn_pistol_cannon_01
{
	id 11
	visible	0
	scale_pivot	0 0 0
	rotate_pivot	0 0 0
	min_bound	0 0 0
	max_bound	0 0 0
	scale	1 1 1
	translate	32.163 -1.29586e-06 7.53959
	rotation_orient	0 0 0 1
	rotation	-6.73039e-09 -1.41227e-08 6.61809e-08 1
	joint_orient	0 0 0 1
	bind_pose_matrix
		1 1.32362e-07 2.82455e-08 0
		-1.32362e-07 1 -1.34608e-08 0
		-2.82455e-08 1.34608e-08 1 0
		32.163 -1.29586e-06 7.53959 1
	rotation_order xyz
	inherits_transform 1
	shearing 0 0 0
	rotate_pivot_translate	0 0 0
	scale_pivot_translate	0 0 0
	translate_limit_x -INF +INF
	translate_limit_y -INF +INF
	translate_limit_z -INF +INF
	rotate_limit_x -INF +INF
	rotate_limit_y -INF +INF
	rotate_limit_z -INF +INF
	scale_limit_x -INF +INF
	scale_limit_y -INF +INF
	scale_limit_z -INF +INF
	parent 10
	child_joints 0
	INSTANCE_LIST
	{
	}
	EXTRA_ATTRIBUTES
	{
		wire_colour colour 0.054902 1 0.00784314
	}
}
BONE bn_pistol_handle_01
{
	id 10
	visible	0
	scale_pivot	0 0 0
	rotate_pivot	0 0 0
	min_bound	0 0 0
	max_bound	0 0 0
	scale	1 1 1
	translate	22.8752 2.43407 -5.52925
	rotation_orient	0 0 0 1
	rotation	1 3.19242e-07 1.29936e-07 -4.24131e-07
	joint_orient	0 0 0 1
	bind_pose_matrix
		1 6.38483e-07 2.59871e-07 0
		6.38484e-07 -1 -8.48263e-07 0
		2.59871e-07 8.48263e-07 -1 0
		22.8752 2.43407 -5.52925 1
	rotation_order xyz
	inherits_transform 1
	shearing 0 0 0
	rotate_pivot_translate	0 0 0
	scale_pivot_translate	0 0 0
	translate_limit_x -INF +INF
	translate_limit_y -INF +INF
	translate_limit_z -INF +INF
	rotate_limit_x -INF +INF
	rotate_limit_y -INF +INF
	rotate_limit_z -INF +INF
	scale_limit_x -INF +INF
	scale_limit_y -INF +INF
	scale_limit_z -INF +INF
	parent 9
	child_joints 1
		11 
	INSTANCE_LIST
	{
	}
	EXTRA_ATTRIBUTES
	{
		wire_colour colour 0.054902 1 0.00784314
	}
}
BONE bn_shoulder_L_01
{
	id 53
	visible	0
	scale_pivot	0 0 0
	rotate_pivot	0 0 0
	min_bound	0 0 0
	max_bound	0 0 0
	scale	1 1 1
	translate	3.044 0.273101 5.10338
	rotation_orient	0 0 0 1
	rotation	0.618771 0.048001 -0.143511 0.770858
	joint_orient	0 0 0 1
	bind_pose_matrix
		0.954201 -0.161851 -0.251605 0
		0.280657 0.193053 0.940193 0
		-0.103598 -0.967747 0.229636 0
		3.044 0.273101 5.10338 1
	rotation_order xyz
	inherits_transform 1
	shearing 0 0 0
	rotate_pivot_translate	0 0 0
	scale_pivot_translate	0 0 0
	translate_limit_x -INF +INF
	translate_limit_y -INF +INF
	translate_limit_z -INF +INF
	rotate_limit_x -INF +INF
	rotate_limit_y -INF +INF
	rotate_limit_z -INF +INF
	scale_limit_x -INF +INF
	scale_limit_y -INF +INF
	scale_limit_z -INF +INF
	parent 35
	child_joints 1
		33 
	INSTANCE_LIST
	{
	}
	EXTRA_ATTRIBUTES
	{
		wire_colour colour 0.054902 1 0.00784314
	}
}
BONE bn_shoulder_R_01
{
	id 52
	visible	0
	scale_pivot	0 0 0
	rotate_pivot	0 0 0
	min_bound	0 0 0
	max_bound	0 0 0
	scale	1 1 1
	translate	-3.04365 0.273103 5.10339
	rotation_orient	0 0 0 1
	rotation	-0.231569 -0.607049 0.754329 -0.0940996
	joint_orient	0 0 0 1
	bind_pose_matrix
		-0.875042 0.139183 -0.463604 0
		0.423111 -0.245274 -0.872249 0
		-0.235112 -0.959411 0.155735 0
		-3.04365 0.273103 5.10339 1
	rotation_order xyz
	inherits_transform 1
	shearing 0 0 0
	rotate_pivot_translate	0 0 0
	scale_pivot_translate	0 0 0
	translate_limit_x -INF +INF
	translate_limit_y -INF +INF
	translate_limit_z -INF +INF
	rotate_limit_x -INF +INF
	rotate_limit_y -INF +INF
	rotate_limit_z -INF +INF
	scale_limit_x -INF +INF
	scale_limit_y -INF +INF
	scale_limit_z -INF +INF
	parent 35
	child_joints 1
		32 
	INSTANCE_LIST
	{
	}
	EXTRA_ATTRIBUTES
	{
		wire_colour colour 0.054902 1 0.00784314
	}
}
JOINT bn_shoulderpad_L
{
	id 12
	visible	0
	scale_pivot	0 0 0
	rotate_pivot	0 0 0
	min_bound	0 0 0
	max_bound	0 0 0
	scale	1 1 1
	translate	21.211 -3.32581e-06 -1.34811e-05
	rotation_orient	0 0 0 1
	rotation	0.122539 0.20621 0.0488225 0.969576
	joint_orient	0 0 0 1
	bind_pose_matrix
		0.910188 0.145212 -0.387907 0
		-0.0441367 0.965201 0.257757 0
		0.411838 -0.217486 0.884923 0
		21.211 -3.32581e-06 -1.34811e-05 1
	rotation_order xyz
	inherits_transform 1
	shearing 0 0 0
	rotate_pivot_translate	0 0 0
	scale_pivot_translate	0 0 0
	translate_limit_x -INF +INF
	translate_limit_y -INF +INF
	translate_limit_z -INF +INF
	rotate_limit_x -INF +INF
	rotate_limit_y -INF +INF
	rotate_limit_z -INF +INF
	scale_limit_x -INF +INF
	scale_limit_y -INF +INF
	scale_limit_z -INF +INF
	parent 6
	child_joints 0
	INSTANCE_LIST
	{
	}
	segment_scale_compensate 1
	EXTRA_ATTRIBUTES
	{
