|XMD_005A#0MAX#0005.0.4|
JOINT Bip001
{
	id 2
	visible	1
	scale_pivot	0 0 0
	rotate_pivot	0 0 0
	min_bound	0 0 0
	max_bound	0 0 0
	scale	1 1 1
	translate	19.8294 2.70667 119.103
	rotation_orient	0 0 0 1
	rotation	-0.0343464 -0.0346066 -0.532481 0.845036
	joint_orient	0 0 0 1
	bind_pose_matrix
		0.430532 -0.897555 0.0950652 0
		0.902309 0.430568 -0.0211932 0
		-0.02191 0.0949026 0.995245 0
		19.8294 2.70667 119.103 1
	rotation_order xyz
	inherits_transform 1
	shearing 0 0 0
	rotate_pivot_translate	0 0 0
	scale_pivot_translate	0 0 0
	translate_limit_x -INF +INF
	translate_limit_y -INF +INF
	translate_limit_z -INF +INF
	rotate_limit_x -INF +INF
	rotate_limit_y -INF +INF
	rotate_limit_z -INF +INF
	scale_limit_x -INF +INF
	scale_limit_y -INF +INF
	scale_limit_z -INF +INF
	parent 0
	child_joints 1
		3 
	INSTANCE_LIST
	{
	}
	segment_scale_compensate 1
	EXTRA_ATTRIBUTES
	{
		wire_colour colour 1 0 0
	}
}
JOINT Bip001_Head
{
	id 7
	visible	1
	scale_pivot	0 0 0
	rotate_pivot	0 0 0
	min_bound	0 0 0
	max_bound	0 0 0
	scale	1 1 1
	translate	8.31273 1.91995e-07 -8.24762e-08
	rotation_orient	0 0 0 1
	rotation	-0.155076 0.0638596 -0.320721 0.932208
	joint_orient	0 0 0 1
	bind_pose_matrix
		0.78612 -0.617764 -0.0195886 0
		0.578151 0.746179 -0.330088 0
		0.218533 0.248164 0.943747 0
		8.31273 1.91995e-07 -8.24762e-08 1
	rotation_order xyz
	inherits_transform 1
	shearing 0 0 0
	rotate_pivot_translate	0 0 0
	scale_pivot_translate	0 0 0
	translate_limit_x -INF +INF
	translate_limit_y -INF +INF
	translate_limit_z -INF +INF
	rotate_limit_x -INF +INF
	rotate_limit_y -INF +INF
	rotate_limit_z -INF +INF
	scale_limit_x -INF +INF
	scale_limit_y -INF +INF
	scale_limit_z -INF +INF
	parent 6
	child_joints 7
		8 9 10 11 12 13 14 
	INSTANCE_LIST
	{
	}
	segment_scale_compensate 1
	EXTRA_ATTRIBUTES
	{
		original_name string "Bip001 Head"
		wire_colour colour 0.65098 0.792157 0.941176
	}
}
JOINT Bip001_L_Calf
{
	id 51
	visible	1
	scale_pivot	0 0 0
	rotate_pivot	0 0 0
	min_bound	0 0 0
	max_bound	0 0 0
	scale	1 1 1
	translate	55.4182 5.86893e-07 -1.15022e-06
	rotation_orient	0 0 0 1
	rotation	-3.29007e-09 -1.3672e-08 -0.173554 0.984824
	joint_orient	0 0 0 1
	bind_pose_matrix
		0.939758 -0.34184 2.80711e-08 0
		0.34184 0.939758 -1.73462e-09 0
		-2.57871e-08 1.1226e-08 1 0
		55.4182 5.86893e-07 -1.15022e-06 1
	rotation_order xyz
	inherits_transform 1
	shearing 0 0 0
	rotate_pivot_translate	0 0 0
	scale_pivot_translate	0 0 0
	translate_limit_x -INF +INF
	translate_limit_y -INF +INF
	translate_limit_z -INF +INF
	rotate_limit_x -INF +INF
	rotate_limit_y -INF +INF
	rotate_limit_z -INF +INF
	scale_limit_x -INF +INF
	scale_limit_y -INF +INF
	scale_limit_z -INF +INF
	parent 50
	child_joints 1
		52 
	INSTANCE_LIST
	{
	}
	segment_scale_compensate 1
	EXTRA_ATTRIBUTES
	{
		original_name string "Bip001 L Calf"
		wire_colour colour 0.109804 0.109804 0.694118
	}
}
JOINT Bip001_L_Clavicle
{
	id 15
	visible	1
	scale_pivot	0 0 0
	rotate_pivot	0 0 0
	min_bound	0 0 0
	max_bound	0 0 0
	scale	1 1 1
	translate	30.7038 -0.0572287 3.87928
	rotation_orient	0 0 0 1
	rotation	0.665841 -0.0760608 0.739085 -0.0679956
	joint_orient	0 0 0 1
	bind_pose_matrix
		-0.104065 -0.201798 0.973883 0
		-0.00077974 -0.979183 -0.202979 0
		0.99457 -0.0218824 0.101741 0
		30.7038 -0.0572287 3.87928 1
	rotation_order xyz
	inherits_transform 1
	shearing 0 0 0
	rotate_pivot_translate	0 0 0
	scale_pivot_translate	0 0 0
	translate_limit_x -INF +INF
	translate_limit_y -INF +INF
	translate_limit_z -INF +INF
	rotate_limit_x -INF +INF
	rotate_limit_y -INF +INF
	rotate_limit_z -INF +INF
	scale_limit_x -INF +INF
	scale_limit_y -INF +INF
	scale_limit_z -INF +INF
	parent 5
	child_joints 2
		16 31 
	INSTANCE_LIST
	{
	}
	segment_scale_compensate 1
	EXTRA_ATTRIBUTES
	{
		original_name string "Bip001 L Clavicle"
		wire_colour colour 0.109804 0.109804 0.694118
	}
}
JOINT Bip001_L_Finger0
{
	id 19
	visible	1
	scale_pivot	0 0 0
	rotate_pivot	0 0 0
	min_bound	0 0 0
	max_bound	0 0 0
	scale	1 1 1
	translate	4.25013 1.81946 -6.28468
	rotation_orient	0 0 0 1
	rotation	0.81312 0.347625 0.253382 0.39216
	joint_orient	0 0 0 1
	bind_pose_matrix
		0.629909 0.764055 0.139412 0
		0.366589 -0.450735 0.813911 0
		0.68471 -0.461583 -0.564015 0
		4.25013 1.81946 -6.28468 1
	rotation_order xyz
	inherits_transform 1
	shearing 0 0 0
	rotate_pivot_translate	0 0 0
	scale_pivot_translate	0 0 0
	translate_limit_x -INF +INF
	translate_limit_y -INF +INF
	translate_limit_z -INF +INF
	rotate_limit_x -INF +INF
	rotate_limit_y -INF +INF
	rotate_limit_z -INF +INF
	scale_limit_x -INF +INF
	scale_limit_y -INF +INF
	scale_limit_z -INF +INF
	parent 18
	child_joints 1
		20 
	INSTANCE_LIST
	{
	}
	segment_scale_compensate 1
	EXTRA_ATTRIBUTES
	{
		original_name string "Bip001 L Finger0"
		wire_colour colour 0.52549 0.0235294 0.0235294
	}
}
JOINT Bip001_L_Finger01
{
	id 20
	visible	1
	scale_pivot	0 0 0
	rotate_pivot	0 0 0
	min_bound	0 0 0
	max_bound	0 0 0
	scale	1 1 1
	translate	7.53773 2.30066e-07 -1.8388e-06
	rotation_orient	0 0 0 1
	rotation	-3.01645e-08 -3.09493e-08 0.392341 0.91982
	joint_orient	0 0 0 1
	bind_pose_matrix
		0.692138 0.721765 3.3266e-08 0
		-0.721765 0.692138 -7.97771e-08 0
		-8.0605e-08 3.12065e-08 1 0
		7.53773 2.30066e-07 -1.8388e-06 1
	rotation_order xyz
	inherits_transform 1
	shearing 0 0 0
	rotate_pivot_translate	0 0 0
	scale_pivot_translate	0 0 0
	translate_limit_x -INF +INF
	translate_limit_y -INF +INF
	translate_limit_z -INF +INF
	rotate_limit_x -INF +INF
	rotate_limit_y -INF +INF
	rotate_limit_z -INF +INF
	scale_limit_x -INF +INF
	scale_limit_y -INF +INF
	scale_limit_z -INF +INF
	parent 19
	child_joints 0
	INSTANCE_LIST
	{
	}
	segment_scale_compensate 1
	EXTRA_ATTRIBUTES
	{
		original_name string "Bip001 L Finger01"
		wire_colour colour 0.52549 0.0235294 0.0235294
	}
}
JOINT Bip001_L_Finger1
{
	id 21
	visible	1
	scale_pivot	0 0 0
	rotate_pivot	0 0 0
	min_bound	0 0 0
	max_bound	0 0 0
	scale	1 1 1
	translate	10.0508 -1.956 -5.16902
	rotation_orient	0 0 0 1
	rotation	0.15527 0.0471982 0.0693465 0.984304
	joint_orient	0 0 0 1
	bind_pose_matrix
		0.985927 0.151173 -0.0713799 0
		-0.121859 0.942164 0.312213 0
		0.11445 -0.29912 0.947327 0
		10.0508 -1.956 -5.16902 1
	rotation_order xyz
	inherits_transform 1
	shearing 0 0 0
	rotate_pivot_translate	0 0 0
	scale_pivot_translate	0 0 0
	translate_limit_x -INF +INF
	translate_limit_y -INF +INF
	translate_limit_z -INF +INF
	rotate_limit_x -INF +INF
	rotate_limit_y -INF +INF
	rotate_limit_z -INF +INF
	scale_limit_x -INF +INF
	scale_limit_y -INF +INF
	scale_limit_z -INF +INF
	parent 18
	child_joints 1
		22 
	INSTANCE_LIST
	{
	}
	segment_scale_compensate 1
	EXTRA_ATTRIBUTES
	{
		original_name string "Bip001 L Finger1"
		wire_colour colour 0.423529 0.0313726 0.533333
	}
}
JOINT Bip001_L_Finger11
{
	id 22
	visible	1
	scale_pivot	0 0 0
	rotate_pivot	0 0 0
	min_bound	0 0 0
	max_bound	0 0 0
	scale	1 1 1
	translate	6.62896 -6.1362e-07 -5.20447e-06
	rotation_orient	0 0 0 1
	rotation	1.99196e-09 1.18471e-08 0.0836343 0.996496
	joint_orient	0 0 0 1
	bind_pose_matrix
		0.986011 0.166683 -2.3278e-08 0
		-0.166683 0.986011 5.95161e-09 0
		2.39444e-08 -1.98832e-09 1 0
		6.62896 -6.1362e-07 -5.20447e-06 1
	rotation_order xyz
	inherits_transform 1
	shearing 0 0 0
	rotate_pivot_translate	0 0 0
	scale_pivot_translate	0 0 0
	translate_limit_x -INF +INF
	translate_limit_y -INF +INF
	translate_limit_z -INF +INF
	rotate_limit_x -INF +INF
	rotate_limit_y -INF +INF
	rotate_limit_z -INF +INF
	scale_limit_x -INF +INF
	scale_limit_y -INF +INF
	scale_limit_z -INF +INF
	parent 21
	child_joints 0
	INSTANCE_LIST
	{
	}
	segment_scale_compensate 1
	EXTRA_ATTRIBUTES
	{
		original_name string "Bip001 L Finger11"
		wire_colour colour 0.423529 0.0313726 0.533333
	}
}
JOINT Bip001_L_Finger2
{
	id 23
	visible	1
	scale_pivot	0 0 0
	rotate_pivot	0 0 0
	min_bound	0 0 0
	max_bound	0 0 0
	scale	1 1 1
	translate	10.1465 -2.37493 -2.47731
	rotation_orient	0 0 0 1
	rotation	0.0897261 -0.0967245 0.209528 0.968861
	joint_orient	0 0 0 1
	bind_pose_matrix
		0.893485 0.388649 0.225025 0
		-0.423364 0.896095 0.133331 0
		-0.149825 -0.214397 0.965187 0
		10.1465 -2.37493 -2.47731 1
	rotation_order xyz
	inherits_transform 1
	shearing 0 0 0
	rotate_pivot_translate	0 0 0
	scale_pivot_translate	0 0 0
	translate_limit_x -INF +INF
	translate_limit_y -INF +INF
	translate_limit_z -INF +INF
	rotate_limit_x -INF +INF
	rotate_limit_y -INF +INF
	rotate_limit_z -INF +INF
	scale_limit_x -INF +INF
	scale_limit_y -INF +INF
	scale_limit_z -INF +INF
	parent 18
	child_joints 1
		24 
	INSTANCE_LIST
	{
	}
	segment_scale_compensate 1
	EXTRA_ATTRIBUTES
	{
		original_name string "Bip001 L Finger2"
		wire_colour colour 0.423529 0.0313726 0.533333
	}
}
JOINT Bip001_L_Finger21
{
	id 24
	visible	1
	scale_pivot	0 0 0
	rotate_pivot	0 0 0
	min_bound	0 0 0
	max_bound	0 0 0
	scale	1 1 1
	translate	7.98667 7.25479e-08 1.93625e-06
	rotation_orient	0 0 0 1
	rotation	1.00744e-09 -1.76503e-09 0.71806 0.695981
	joint_orient	0 0 0 1
	bind_pose_matrix
		-0.0312197 0.999512 3.90367e-09 0
		-0.999513 -0.0312197 -1.13247e-09 0
		-1.01005e-09 -3.93712e-09 1 0
		7.98667 7.25479e-08 1.93625e-06 1
	rotation_order xyz
	inherits_transform 1
	shearing 0 0 0
	rotate_pivot_translate	0 0 0
	scale_pivot_translate	0 0 0
	translate_limit_x -INF +INF
	translate_limit_y -INF +INF
	translate_limit_z -INF +INF
	rotate_limit_x -INF +INF
	rotate_limit_y -INF +INF
	rotate_limit_z -INF +INF
	scale_limit_x -INF +INF
	scale_limit_y -INF +INF
	scale_limit_z -INF +INF
	parent 23
	child_joints 0
	INSTANCE_LIST
	{
	}
	segment_scale_compensate 1
	EXTRA_ATTRIBUTES
	{
		original_name string "Bip001 L Finger21"
		wire_colour colour 0.423529 0.0313726 0.533333
	}
}
JOINT Bip001_L_Finger3
{
	id 25
	visible	1
	scale_pivot	0 0 0
	rotate_pivot	0 0 0
	min_bound	0 0 0
	max_bound	0 0 0
	scale	1 1 1
	translate	11.0554 -2.89655 0.936563
	rotation_orient	0 0 0 1
	rotation	0.016033 -0.0748305 0.390516 0.91741
	joint_orient	0 0 0 1
	bind_pose_matrix
		0.683795 0.714127 0.149823 0
		-0.718926 0.69448 -0.0290274 0
		-0.124778 -0.0878626 0.988287 0
		11.0554 -2.89655 0.936563 1
	rotation_order xyz
	inherits_transform 1
	shearing 0 0 0
	rotate_pivot_translate	0 0 0
	scale_pivot_translate	0 0 0
	translate_limit_x -INF +INF
	translate_limit_y -INF +INF
	translate_limit_z -INF +INF
	rotate_limit_x -INF +INF
	rotate_limit_y -INF +INF
	rotate_limit_z -INF +INF
	scale_limit_x -INF +INF
	scale_limit_y -INF +INF
	scale_limit_z -INF +INF
	parent 18
	child_joints 1
		26 
	INSTANCE_LIST
	{
	}
	segment_scale_compensate 1
	EXTRA_ATTRIBUTES
	{
		original_name string "Bip001 L Finger3"
		wire_colour colour 0.423529 0.0313726 0.533333
	}
}
JOINT Bip001_L_Finger31
{
	id 26
	visible	1
	scale_pivot	0 0 0
	rotate_pivot	0 0 0
	min_bound	0 0 0
	max_bound	0 0 0
	scale	1 1 1
	translate	6.23099 -2.18645e-07 -7.06299e-07
	rotation_orient	0 0 0 1
	rotation	3.19064e-08 3.90764e-09 0.630432 0.776244
	joint_orient	0 0 0 1
	bind_pose_matrix
		0.205111 0.978739 3.41631e-08 0
		-0.978739 0.205111 5.44614e-08 0
		4.62963e-08 -4.46074e-08 1 0
		6.23099 -2.18645e-07 -7.06299e-07 1
	rotation_order xyz
	inherits_transform 1
	shearing 0 0 0
	rotate_pivot_translate	0 0 0
	scale_pivot_translate	0 0 0
	translate_limit_x -INF +INF
	translate_limit_y -INF +INF
	translate_limit_z -INF +INF
	rotate_limit_x -INF +INF
	rotate_limit_y -INF +INF
	rotate_limit_z -INF +INF
	scale_limit_x -INF +INF
	scale_limit_y -INF +INF
	scale_limit_z -INF +INF
	parent 25
	child_joints 0
	INSTANCE_LIST
	{
	}
	segment_scale_compensate 1
	EXTRA_ATTRIBUTES
	{
		original_name string "Bip001 L Finger31"
		wire_colour colour 0.423529 0.0313726 0.533333
	}
}
JOINT Bip001_L_Finger4
{
	id 27
	visible	1
	scale_pivot	0 0 0
	rotate_pivot	0 0 0
	min_bound	0 0 0
	max_bound	0 0 0
	scale	1 1 1
	translate	10.2044 -1.47611 4.11723
	rotation_orient	0 0 0 1
	rotation	-0.00235649 -0.0853642 0.42731 0.900063
	joint_orient	0 0 0 1
	bind_pose_matrix
		0.620239 0.769614 0.151652 0
		-0.768809 0.634802 -0.0771959 0
		-0.15568 -0.0687119 0.985415 0
		10.2044 -1.47611 4.11723 1
	rotation_order xyz
	inherits_transform 1
	shearing 0 0 0
	rotate_pivot_translate	0 0 0
	scale_pivot_translate	0 0 0
	translate_limit_x -INF +INF
	translate_limit_y -INF +INF
	translate_limit_z -INF +INF
	rotate_limit_x -INF +INF
	rotate_limit_y -INF +INF
	rotate_limit_z -INF +INF
	scale_limit_x -INF +INF
	scale_limit_y -INF +INF
	scale_limit_z -INF +INF
	parent 18
	child_joints 1
		28 
	INSTANCE_LIST
	{
	}
	segment_scale_compensate 1
	EXTRA_ATTRIBUTES
	{
		original_name string "Bip001 L Finger4"
		wire_colour colour 0.423529 0.0313726 0.533333
	}
}
JOINT Bip001_L_Finger41
{
	id 28
	visible	1
	scale_pivot	0 0 0
	rotate_pivot	0 0 0
	min_bound	0 0 0
	max_bound	0 0 0
	scale	1 1 1
	translate	4.89964 -2.44425e-06 4.25326e-06
	rotation_orient	0 0 0 1
	rotation	-2.11225e-09 2.73433e-08 0.627012 0.779009
	joint_orient	0 0 0 1
	bind_pose_matrix
		0.213711 0.976897 -4.52502e-08 0
		-0.976897 0.213711 3.09983e-08 0
		3.99526e-08 3.75801e-08 1 0
		4.89964 -2.44425e-06 4.25326e-06 1
	rotation_order xyz
	inherits_transform 1
	shearing 0 0 0
	rotate_pivot_translate	0 0 0
	scale_pivot_translate	0 0 0
	translate_limit_x -INF +INF
	translate_limit_y -INF +INF
	translate_limit_z -INF +INF
	rotate_limit_x -INF +INF
	rotate_limit_y -INF +INF
	rotate_limit_z -INF +INF
	scale_limit_x -INF +INF
	scale_limit_y -INF +INF
	scale_limit_z -INF +INF
	parent 27
	child_joints 0
	INSTANCE_LIST
	{
	}
	segment_scale_compensate 1
	EXTRA_ATTRIBUTES
	{
		original_name string "Bip001 L Finger41"
		wire_colour colour 0.423529 0.0313726 0.533333
	}
}
JOINT Bip001_L_Foot
{
	id 52
	visible	1
	scale_pivot	0 0 0
	rotate_pivot	0 0 0
	min_bound	0 0 0
	max_bound	0 0 0
	scale	1 1 1
	translate	55.4182 -4.49819e-06 -2.45418e-06
	rotation_orient	0 0 0 1
	rotation	-0.0272474 -0.0575069 0.174721 0.982559
	joint_orient	0 0 0 1
	bind_pose_matrix
		0.932331 0.346482 0.103487 0
		-0.340215 0.93746 -0.0736398 0
		-0.122529 0.033449 0.991901 0
		55.4182 -4.49819e-06 -2.45418e-06 1
	rotation_order xyz
	inherits_transform 1
	shearing 0 0 0
	rotate_pivot_translate	0 0 0
	scale_pivot_translate	0 0 0
	translate_limit_x -INF +INF
	translate_limit_y -INF +INF
	translate_limit_z -INF +INF
	rotate_limit_x -INF +INF
	rotate_limit_y -INF +INF
	rotate_limit_z -INF +INF
	scale_limit_x -INF +INF
	scale_limit_y -INF +INF
	scale_limit_z -INF +INF
	parent 51
	child_joints 1
		53 
	INSTANCE_LIST
	{
	}
	segment_scale_compensate 1
	EXTRA_ATTRIBUTES
	{
		original_name string "Bip001 L Foot"
		wire_colour colour 0.109804 0.109804 0.694118
	}
}
JOINT Bip001_L_ForeTwist
{
	id 62
	visible	1
	scale_pivot	0 0 0
	rotate_pivot	0 0 0
	min_bound	0 0 0
	max_bound	0 0 0
	scale	1 1 1
	translate	0 0 0
	rotation_orient	0 0 0 1
	rotation	-0.0556451 2.77126e-17 1.54446e-18 0.998451
	joint_orient	0 0 0 1
	bind_pose_matrix
		1 -2.06795e-25 -5.55112e-17 0
		-6.16827e-18 0.993807 -0.111118 0
		5.51674e-17 0.111118 0.993807 0
		0 0 0 1
	rotation_order xyz
	inherits_transform 1
	shearing 0 0 0
	rotate_pivot_translate	0 0 0
	scale_pivot_translate	0 0 0
	translate_limit_x -INF +INF
	translate_limit_y -INF +INF
	translate_limit_z -INF +INF
	rotate_limit_x -INF +INF
	rotate_limit_y -INF +INF
	rotate_limit_z -INF +INF
	scale_limit_x -INF +INF
	scale_limit_y -INF +INF
	scale_limit_z -INF +INF
	parent 17
	child_joints 0
	INSTANCE_LIST
	{
	}
	segment_scale_compensate 1
	EXTRA_ATTRIBUTES
	{
		original_name string "Bip001 L ForeTwist"
		wire_colour colour 0.313726 0.313726 0.313726
	}
}
JOINT Bip001_L_Forearm
{
	id 17
	visible	1
	scale_pivot	0 0 0
	rotate_pivot	0 0 0
	min_bound	0 0 0
	max_bound	0 0 0
	scale	1 1 1
	translate	37.1165 6.1454e-06 -5.16877e-06
	rotation_orient	0 0 0 1
	rotation	2.32631e-08 -4.18539e-09 -0.676607 0.736344
	joint_orient	0 0 0 1
	bind_pose_matrix
		0.0844057 -0.996431 -2.53161e-08 0
		0.996432 0.0844057 3.9923e-08 0
		-3.76437e-08 -2.85955e-08 1 0
		37.1165 6.1454e-06 -5.16877e-06 1
	rotation_order xyz
	inherits_transform 1
	shearing 0 0 0
	rotate_pivot_translate	0 0 0
	scale_pivot_translate	0 0 0
	translate_limit_x -INF +INF
	translate_limit_y -INF +INF
	translate_limit_z -INF +INF
	rotate_limit_x -INF +INF
	rotate_limit_y -INF +INF
	rotate_limit_z -INF +INF
	scale_limit_x -INF +INF
	scale_limit_y -INF +INF
	scale_limit_z -INF +INF
	parent 16
	child_joints 2
		18 62 
	INSTANCE_LIST
	{
	}
	segment_scale_compensate 1
	EXTRA_ATTRIBUTES
	{
		original_name string "Bip001 L Forearm"
		wire_colour colour 0.109804 0.109804 0.694118
	}
}
JOINT Bip001_L_Hand
{
	id 18
	visible	1
	scale_pivot	0 0 0
	rotate_pivot	0 0 0
	min_bound	0 0 0
	max_bound	0 0 0
	scale	1 1 1
	translate	30.2262 -7.45492e-06 2.75923e-06
	rotation_orient	0 0 0 1
	rotation	-0.769123 -0.0352702 -0.376068 0.515537
	joint_orient	0 0 0 1
	bind_pose_matrix
		0.714657 -0.3335 0.614851 0
		0.442008 -0.465955 -0.766495 0
		0.542119 0.819551 -0.185588 0
		30.2262 -7.45492e-06 2.75923e-06 1
	rotation_order xyz
	inherits_transform 1
	shearing 0 0 0
	rotate_pivot_translate	0 0 0
	scale_pivot_translate	0 0 0
	translate_limit_x -INF +INF
	translate_limit_y -INF +INF
	translate_limit_z -INF +INF
	rotate_limit_x -INF +INF
	rotate_limit_y -INF +INF
	rotate_limit_z -INF +INF
	scale_limit_x -INF +INF
	scale_limit_y -INF +INF
	scale_limit_z -INF +INF
	parent 17
	child_joints 6
		19 21 23 25 27 29 
	INSTANCE_LIST
	{
	}
	segment_scale_compensate 1
	EXTRA_ATTRIBUTES
	{
		original_name string "Bip001 L Hand"
		wire_colour colour 0.109804 0.109804 0.694118
	}
}
JOINT Bip001_L_Thigh
{
	id 50
	visible	1
	scale_pivot	0 0 0
	rotate_pivot	0 0 0
	min_bound	0 0 0
	max_bound	0 0 0
	scale	1 1 1
	translate	-1.74551e-05 2.41258e-05 13.1784
	rotation_orient	0 0 0 1
	rotation	-0.0704099 0.979998 0.18613 -0.0016098
	joint_orient	0 0 0 1
	bind_pose_matrix
		-0.99008 -0.138602 -0.0230556 0
		-0.137404 0.920796 0.365042 0
		-0.0293661 0.364588 -0.930706 0
		-1.74551e-05 2.41258e-05 13.1784 1
	rotation_order xyz
	inherits_transform 1
	shearing 0 0 0
	rotate_pivot_translate	0 0 0
	scale_pivot_translate	0 0 0
	translate_limit_x -INF +INF
	translate_limit_y -INF +INF
	translate_limit_z -INF +INF
	rotate_limit_x -INF +INF
	rotate_limit_y -INF +INF
	rotate_limit_z -INF +INF
	scale_limit_x -INF +INF
	scale_limit_y -INF +INF
	scale_limit_z -INF +INF
	parent 3
	child_joints 1
		51 
	INSTANCE_LIST
	{
	}
	segment_scale_compensate 1
	EXTRA_ATTRIBUTES
	{
		original_name string "Bip001 L Thigh"
		wire_colour colour 0.109804 0.109804 0.694118
	}
}
JOINT Bip001_L_Toe0
{
	id 53
	visible	1
	scale_pivot	0 0 0
	rotate_pivot	0 0 0
	min_bound	0 0 0
	max_bound	0 0 0
	scale	1 1 1
	translate	12.7462 16.4038 9.09216e-07
	rotation_orient	0 0 0 1
	rotation	-6.26106e-07 -2.38027e-07 0.707107 0.707107
	joint_orient	0 0 0 1
	bind_pose_matrix
		-1.19209e-07 1 -5.48827e-07 0
		-1 -1.19209e-07 -1.22207e-06 0
		-1.22207e-06 5.48826e-07 1 0
		12.7462 16.4038 9.09216e-07 1
	rotation_order xyz
	inherits_transform 1
	shearing 0 0 0
	rotate_pivot_translate	0 0 0
	scale_pivot_translate	0 0 0
	translate_limit_x -INF +INF
	translate_limit_y -INF +INF
	translate_limit_z -INF +INF
	rotate_limit_x -INF +INF
	rotate_limit_y -INF +INF
	rotate_limit_z -INF +INF
	scale_limit_x -INF +INF
	scale_limit_y -INF +INF
	scale_limit_z -INF +INF
	parent 52
	child_joints 0
	INSTANCE_LIST
	{
	}
	segment_scale_compensate 1
	EXTRA_ATTRIBUTES
	{
		original_name string "Bip001 L Toe0"
		wire_colour colour 0.423529 0.0313726 0.533333
	}
}
JOINT Bip001_L_UpperArm
{
	id 16
	visible	1
	scale_pivot	0 0 0
	rotate_pivot	0 0 0
	min_bound	0 0 0
	max_bound	0 0 0
	scale	1 1 1
	translate	21.211 -8.99238e-07 -1.07879e-05
	rotation_orient	0 0 0 1
	rotation	-0.391324 0.462421 -0.122587 0.786133
	joint_orient	0 0 0 1
	bind_pose_matrix
		0.542279 -0.554652 -0.631106 0
		-0.169173 0.663676 -0.728639 0
		0.822991 0.501892 0.266065 0
		21.211 -8.99238e-07 -1.07879e-05 1
	rotation_order xyz
	inherits_transform 1
	shearing 0 0 0
	rotate_pivot_translate	0 0 0
	scale_pivot_translate	0 0 0
	translate_limit_x -INF +INF
	translate_limit_y -INF +INF
	translate_limit_z -INF +INF
	rotate_limit_x -INF +INF
	rotate_limit_y -INF +INF
	rotate_limit_z -INF +INF
	scale_limit_x -INF +INF
	scale_limit_y -INF +INF
	scale_limit_z -INF +INF
	parent 15
	child_joints 1
		17 
	INSTANCE_LIST
	{
	}
	segment_scale_compensate 1
	EXTRA_ATTRIBUTES
	{
		original_name string "Bip001 L UpperArm"
		wire_colour colour 0.109804 0.109804 0.694118
	}
}
JOINT Bip001_Neck
{
	id 6
	visible	1
	scale_pivot	0 0 0
	rotate_pivot	0 0 0
	min_bound	0 0 0
	max_bound	0 0 0
	scale	1 1 1
	translate	39.8148 -1.99909 0.00324621
	rotation_orient	0 0 0 1
	rotation	-0.265931 0.0810487 0.108324 0.954452
	joint_orient	0 0 0 1
	bind_pose_matrix
		0.963394 0.163673 -0.212328 0
		-0.249887 0.835093 -0.490078 0
		0.0971008 0.525196 0.845423 0
		39.8148 -1.99909 0.00324621 1
	rotation_order xyz
	inherits_transform 1
	shearing 0 0 0
	rotate_pivot_translate	0 0 0
	scale_pivot_translate	0 0 0
	translate_limit_x -INF +INF
	translate_limit_y -INF +INF
	translate_limit_z -INF +INF
	rotate_limit_x -INF +INF
	rotate_limit_y -INF +INF
	rotate_limit_z -INF +INF
	scale_limit_x -INF +INF
	scale_limit_y -INF +INF
	scale_limit_z -INF +INF
	parent 5
	child_joints 1
		7 
	INSTANCE_LIST
	{
	}
	segment_scale_compensate 1
	EXTRA_ATTRIBUTES
	{
		original_name string "Bip001 Neck"
		wire_colour colour 0.0313726 0.431373 0.52549
	}
}
JOINT Bip001_Pelvis
{
	id 3
	visible	1
	scale_pivot	0 0 0
	rotate_pivot	0 0 0
	min_bound	0 0 0
	max_bound	0 0 0
	scale	1 1 1
	translate	0 0 0
	rotation_orient	0 0 0 1
	rotation	-0.463487 -0.464569 -0.53227 0.534831
	joint_orient	0 0 0 1
	bind_pose_matrix
		0.00172842 -0.138707 0.990332 0
		0.999992 0.00373662 -0.00122193 0
		-0.00353095 0.990326 0.138712 0
		0 0 0 1
	rotation_order xyz
	inherits_transform 1
	shearing 0 0 0
	rotate_pivot_translate	0 0 0
	scale_pivot_translate	0 0 0
	translate_limit_x -INF +INF
	translate_limit_y -INF +INF
	translate_limit_z -INF +INF
	rotate_limit_x -INF +INF
	rotate_limit_y -INF +INF
	rotate_limit_z -INF +INF
	scale_limit_x -INF +INF
	scale_limit_y -INF +INF
	scale_limit_z -INF +INF
	parent 2
	child_joints 4
		4 50 54 58 
	INSTANCE_LIST
	{
	}
	segment_scale_compensate 1
	EXTRA_ATTRIBUTES
	{
		original_name string "Bip001 Pelvis"
		wire_colour colour 0.878431 0.776471 0.341176
	}
}
JOINT Bip001_R_Calf
{
	id 55
	visible	1
	scale_pivot	0 0 0
	rotate_pivot	0 0 0
	min_bound	0 0 0
	max_bound	0 0 0
	scale	1 1 1
	translate	55.4182 6.12107e-07 1.47018e-06
	rotation_orient	0 0 0 1
	rotation	2.72405e-08 -6.86702e-09 -0.152824 0.988253
	joint_orient	0 0 0 1
	bind_pose_matrix
		0.953289 -0.302059 5.24669e-09 0
		0.302059 0.953289 5.59399e-08 0
		-2.18987e-08 -5.17421e-08 1 0
		55.4182 6.12107e-07 1.47018e-06 1
	rotation_order xyz
	inherits_transform 1
	shearing 0 0 0
	rotate_pivot_translate	0 0 0
	scale_pivot_translate	0 0 0
	translate_limit_x -INF +INF
	translate_limit_y -INF +INF
	translate_limit_z -INF +INF
	rotate_limit_x -INF +INF
	rotate_limit_y -INF +INF
	rotate_limit_z -INF +INF
	scale_limit_x -INF +INF
	scale_limit_y -INF +INF
	scale_limit_z -INF +INF
	parent 54
	child_joints 1
		56 
	INSTANCE_LIST
	{
	}
	segment_scale_compensate 1
	EXTRA_ATTRIBUTES
	{
		original_name string "Bip001 R Calf"
		wire_colour colour 0.0235294 0.52549 0.0235294
	}
}
JOINT Bip001_R_Clavicle
{
	id 32
	visible	1
	scale_pivot	0 0 0
	rotate_pivot	0 0 0
	min_bound	0 0 0
	max_bound	0 0 0
	scale	1 1 1
	translate	30.7037 -0.0572068 -3.87927
	rotation_orient	0 0 0 1
	rotation	-0.630814 0.225976 0.715165 -0.198867
	joint_orient	0 0 0 1
	bind_pose_matrix
		-0.125051 -0.569544 -0.812393 0
		-0.000652015 -0.818773 0.574117 0
		-0.99215 0.0723239 0.102017 0
		30.7037 -0.0572068 -3.87927 1
	rotation_order xyz
	inherits_transform 1
	shearing 0 0 0
	rotate_pivot_translate	0 0 0
	scale_pivot_translate	0 0 0
	translate_limit_x -INF +INF
	translate_limit_y -INF +INF
	translate_limit_z -INF +INF
	rotate_limit_x -INF +INF
	rotate_limit_y -INF +INF
	rotate_limit_z -INF +INF
	scale_limit_x -INF +INF
	scale_limit_y -INF +INF
	scale_limit_z -INF +INF
	parent 5
	child_joints 2
		33 49 
	INSTANCE_LIST
	{
	}
	segment_scale_compensate 1
	EXTRA_ATTRIBUTES
	{
		original_name string "Bip001 R Clavicle"
		wire_colour colour 0.0235294 0.52549 0.0235294
	}
}
JOINT Bip001_R_Finger0
{
	id 36
	visible	1
	scale_pivot	0 0 0
	rotate_pivot	0 0 0
	min_bound	0 0 0
	max_bound	0 0 0
	scale	1 1 1
	translate	4.25013 1.81946 6.28469
	rotation_orient	0 0 0 1
	rotation	-0.590178 -0.248095 0.143858 0.754615
	joint_orient	0 0 0 1
	bind_pose_matrix
		0.835508 0.509955 0.204628 0
		0.0757253 0.26199 -0.962095 0
		-0.544236 0.819334 0.180278 0
		4.25013 1.81946 6.28469 1
	rotation_order xyz
	inherits_transform 1
	shearing 0 0 0
	rotate_pivot_translate	0 0 0
	scale_pivot_translate	0 0 0
	translate_limit_x -INF +INF
	translate_limit_y -INF +INF
	translate_limit_z -INF +INF
	rotate_limit_x -INF +INF
	rotate_limit_y -INF +INF
	rotate_limit_z -INF +INF
	scale_limit_x -INF +INF
	scale_limit_y -INF +INF
	scale_limit_z -INF +INF
	parent 35
	child_joints 1
		37 
	INSTANCE_LIST
	{
	}
	segment_scale_compensate 1
	EXTRA_ATTRIBUTES
	{
		original_name string "Bip001 R Finger0"
		wire_colour colour 0.878431 0.776471 0.341176
	}
}
JOINT Bip001_R_Finger01
{
	id 37
	visible	1
	scale_pivot	0 0 0
	rotate_pivot	0 0 0
	min_bound	0 0 0
	max_bound	0 0 0
	scale	1 1 1
	translate	7.53773 4.35048e-07 -1.27895e-07
	rotation_orient	0 0 0 1
	rotation	2.68516e-09 -2.08962e-09 0.509045 0.86074
	joint_orient	0 0 0 1
	bind_pose_matrix
		0.481747 0.87631 6.33098e-09 0
		-0.87631 0.481747 2.49502e-09 0
		-8.63515e-10 -6.74987e-09 1 0
		7.53773 4.35048e-07 -1.27895e-07 1
	rotation_order xyz
	inherits_transform 1
	shearing 0 0 0
	rotate_pivot_translate	0 0 0
	scale_pivot_translate	0 0 0
	translate_limit_x -INF +INF
	translate_limit_y -INF +INF
	translate_limit_z -INF +INF
	rotate_limit_x -INF +INF
	rotate_limit_y -INF +INF
	rotate_limit_z -INF +INF
	scale_limit_x -INF +INF
	scale_limit_y -INF +INF
	scale_limit_z -INF +INF
	parent 36
	child_joints 0
	INSTANCE_LIST
	{
	}
	segment_scale_compensate 1
	EXTRA_ATTRIBUTES
	{
		original_name string "Bip001 R Finger01"
		wire_colour colour 0.878431 0.776471 0.341176
	}
}
JOINT Bip001_R_Finger1
{
	id 38
	visible	1
	scale_pivot	0 0 0
	rotate_pivot	0 0 0
	min_bound	0 0 0
	max_bound	0 0 0
	scale	1 1 1
	translate	10.0508 -1.956 5.16902
	rotation_orient	0 0 0 1
	rotation	-0.179548 -0.116595 0.379042 0.900275
	joint_orient	0 0 0 1
	bind_pose_matrix
		0.685466 0.724353 0.0738233 0
		-0.640615 0.64818 -0.411674 0
		-0.346048 0.234896 0.908336 0
		10.0508 -1.956 5.16902 1
	rotation_order xyz
	inherits_transform 1
	shearing 0 0 0
	rotate_pivot_translate	0 0 0
	scale_pivot_translate	0 0 0
	translate_limit_x -INF +INF
	translate_limit_y -INF +INF
	translate_limit_z -INF +INF
	rotate_limit_x -INF +INF
	rotate_limit_y -INF +INF
	rotate_limit_z -INF +INF
	scale_limit_x -INF +INF
	scale_limit_y -INF +INF
	scale_limit_z -INF +INF
	parent 35
	child_joints 1
		39 
	INSTANCE_LIST
	{
	}
	segment_scale_compensate 1
	EXTRA_ATTRIBUTES
	{
		original_name string "Bip001 R Finger1"
		wire_colour colour 0.443137 0.52549 0.0235294
	}
}
JOINT Bip001_R_Finger11
{
	id 39
	visible	1
	scale_pivot	0 0 0
	rotate_pivot	0 0 0
	min_bound	0 0 0
	max_bound	0 0 0
	scale	1 1 1
	translate	6.62896 1.10415e-06 -1.35995e-06
	rotation_orient	0 0 0 1
	rotation	-3.13875e-08 -6.19251e-09 0.734885 0.678192
	joint_orient	0 0 0 1
	bind_pose_matrix
		-0.0801123 0.996786 -3.7733e-08 0
		-0.996786 -0.0801123 -5.16751e-08 0
		-5.45319e-08 3.34719e-08 1 0
		6.62896 1.10415e-06 -1.35995e-06 1
	rotation_order xyz
	inherits_transform 1
	shearing 0 0 0
	rotate_pivot_translate	0 0 0
	scale_pivot_translate	0 0 0
	translate_limit_x -INF +INF
	translate_limit_y -INF +INF
	translate_limit_z -INF +INF
	rotate_limit_x -INF +INF
	rotate_limit_y -INF +INF
	rotate_limit_z -INF +INF
	scale_limit_x -INF +INF
	scale_limit_y -INF +INF
	scale_limit_z -INF +INF
	parent 38
	child_joints 0
	INSTANCE_LIST
	{
	}
	segment_scale_compensate 1
	EXTRA_ATTRIBUTES
	{
		original_name string "Bip001 R Finger11"
		wire_colour colour 0.443137 0.52549 0.0235294
	}
}
JOINT Bip001_R_Finger2
{
	id 40
	visible	1
	scale_pivot	0 0 0
	rotate_pivot	0 0 0
	min_bound	0 0 0
	max_bound	0 0 0
	scale	1 1 1
	translate	10.1465 -2.37493 2.47731
	rotation_orient	0 0 0 1
	rotation	-0.058055 0.0302299 0.460858 0.885057
	joint_orient	0 0 0 1
	bind_pose_matrix
		0.573391 0.812261 -0.107021 0
		-0.819281 0.568478 -0.0749006 0
		3.72529e-09 0.130627 0.991432 0
		10.1465 -2.37493 2.47731 1
	rotation_order xyz
	inherits_transform 1
	shearing 0 0 0
	rotate_pivot_translate	0 0 0
	scale_pivot_translate	0 0 0
	translate_limit_x -INF +INF
	translate_limit_y -INF +INF
	translate_limit_z -INF +INF
	rotate_limit_x -INF +INF
	rotate_limit_y -INF +INF
	rotate_limit_z -INF +INF
	scale_limit_x -INF +INF
	scale_limit_y -INF +INF
	scale_limit_z -INF +INF
	parent 35
	child_joints 1
		41 
	INSTANCE_LIST
	{
	}
	segment_scale_compensate 1
	EXTRA_ATTRIBUTES
	{
		original_name string "Bip001 R Finger2"
		wire_colour colour 0.443137 0.52549 0.0235294
	}
}
JOINT Bip001_R_Finger21
{
	id 41
	visible	1
	scale_pivot	0 0 0
	rotate_pivot	0 0 0
	min_bound	0 0 0
	max_bound	0 0 0
	scale	1 1 1
	translate	7.98668 -2.82457e-06 1.80773e-06
	rotation_orient	0 0 0 1
	rotation	-3.06221e-09 -1.13323e-08 0.71806 0.695981
	joint_orient	0 0 0 1
	bind_pose_matrix
		-0.0312197 0.999512 1.13765e-08 0
		-0.999513 -0.0312197 -2.0537e-08 0
		-2.01719e-08 -1.20121e-08 1 0
		7.98668 -2.82457e-06 1.80773e-06 1
	rotation_order xyz
	inherits_transform 1
	shearing 0 0 0
	rotate_pivot_translate	0 0 0
	scale_pivot_translate	0 0 0
	translate_limit_x -INF +INF
	translate_limit_y -INF +INF
	translate_limit_z -INF +INF
	rotate_limit_x -INF +INF
	rotate_limit_y -INF +INF
	rotate_limit_z -INF +INF
	scale_limit_x -INF +INF
	scale_limit_y -INF +INF
	scale_limit_z -INF +INF
	parent 40
	child_joints 0
	INSTANCE_LIST
	{
	}
	segment_scale_compensate 1
	EXTRA_ATTRIBUTES
	{
		original_name string "Bip001 R Finger21"
		wire_colour colour 0.443137 0.52549 0.0235294
	}
}
JOINT Bip001_R_Finger3
{
	id 42
	visible	1
	scale_pivot	0 0 0
	rotate_pivot	0 0 0
	min_bound	0 0 0
	max_bound	0 0 0
	scale	1 1 1
	translate	11.0554 -2.89654 -0.936558
	rotation_orient	0 0 0 1
	rotation	0.00851188 0.0336989 0.58066 0.813404
	joint_orient	0 0 0 1
	bind_pose_matrix
		0.323396 0.945196 -0.0449366 0
		-0.944049 0.325522 0.0529825 0
		0.0647067 0.0252881 0.997584 0
		11.0554 -2.89654 -0.936558 1
	rotation_order xyz
	inherits_transform 1
	shearing 0 0 0
	rotate_pivot_translate	0 0 0
	scale_pivot_translate	0 0 0
	translate_limit_x -INF +INF
	translate_limit_y -INF +INF
	translate_limit_z -INF +INF
	rotate_limit_x -INF +INF
	rotate_limit_y -INF +INF
	rotate_limit_z -INF +INF
	scale_limit_x -INF +INF
	scale_limit_y -INF +INF
	scale_limit_z -INF +INF
	parent 35
	child_joints 1
		43 
	INSTANCE_LIST
	{
	}
	segment_scale_compensate 1
	EXTRA_ATTRIBUTES
	{
		original_name string "Bip001 R Finger3"
		wire_colour colour 0.443137 0.52549 0.0235294
	}
}
JOINT Bip001_R_Finger31
{
	id 43
	visible	1
	scale_pivot	0 0 0
	rotate_pivot	0 0 0
	min_bound	0 0 0
	max_bound	0 0 0
	scale	1 1 1
	translate	6.23099 9.30454e-07 7.46743e-07
	rotation_orient	0 0 0 1
	rotation	-2.27371e-08 -2.54345e-08 0.560379 0.828236
	joint_orient	0 0 0 1
	bind_pose_matrix
		0.371951 0.928252 1.66489e-08 0
		-0.928252 0.371951 -6.61693e-08 0
		-6.76144e-08 9.1574e-09 1 0
		6.23099 9.30454e-07 7.46743e-07 1
	rotation_order xyz
	inherits_transform 1
	shearing 0 0 0
	rotate_pivot_translate	0 0 0
	scale_pivot_translate	0 0 0
	translate_limit_x -INF +INF
	translate_limit_y -INF +INF
	translate_limit_z -INF +INF
	rotate_limit_x -INF +INF
	rotate_limit_y -INF +INF
	rotate_limit_z -INF +INF
	scale_limit_x -INF +INF
	scale_limit_y -INF +INF
	scale_limit_z -INF +INF
	parent 42
	child_joints 0
	INSTANCE_LIST
	{
	}
	segment_scale_compensate 1
	EXTRA_ATTRIBUTES
	{
		original_name string "Bip001 R Finger31"
		wire_colour colour 0.443137 0.52549 0.0235294
	}
}
JOINT Bip001_R_Finger4
{
	id 44
	visible	1
	scale_pivot	0 0 0
	rotate_pivot	0 0 0
	min_bound	0 0 0
	max_bound	0 0 0
	scale	1 1 1
	translate	10.2044 -1.47611 -4.11723
	rotation_orient	0 0 0 1
	rotation	0.0156617 0.0408415 0.541951 0.839271
	joint_orient	0 0 0 1
	bind_pose_matrix
		0.409243 0.910966 -0.0515785 0
		-0.908408 0.412088 0.070557 0
		0.08553 0.0179793 0.996173 0
		10.2044 -1.47611 -4.11723 1
	rotation_order xyz
	inherits_transform 1
	shearing 0 0 0
	rotate_pivot_translate	0 0 0
	scale_pivot_translate	0 0 0
	translate_limit_x -INF +INF
	translate_limit_y -INF +INF
	translate_limit_z -INF +INF
	rotate_limit_x -INF +INF
	rotate_limit_y -INF +INF
	rotate_limit_z -INF +INF
	scale_limit_x -INF +INF
	scale_limit_y -INF +INF
	scale_limit_z -INF +INF
	parent 35
	child_joints 1
		45 
	INSTANCE_LIST
	{
	}
	segment_scale_compensate 1
	EXTRA_ATTRIBUTES
	{
		original_name string "Bip001 R Finger4"
		wire_colour colour 0.443137 0.52549 0.0235294
	}
}
JOINT Bip001_R_Finger41
{
	id 45
	visible	1
	scale_pivot	0 0 0
	rotate_pivot	0 0 0
	min_bound	0 0 0
	max_bound	0 0 0
	scale	1 1 1
	translate	4.89964 1.77604e-06 -2.23778e-06
	rotation_orient	0 0 0 1
	rotation	-4.25219e-09 -5.08019e-09 0.627012 0.779009
	joint_orient	0 0 0 1
	bind_pose_matrix
		0.213711 0.976897 2.58268e-09 0
		-0.976897 0.213711 -1.29957e-08 0
		-1.32474e-08 2.54304e-10 1 0
		4.89964 1.77604e-06 -2.23778e-06 1
	rotation_order xyz
	inherits_transform 1
	shearing 0 0 0
	rotate_pivot_translate	0 0 0
	scale_pivot_translate	0 0 0
	translate_limit_x -INF +INF
	translate_limit_y -INF +INF
	translate_limit_z -INF +INF
	rotate_limit_x -INF +INF
	rotate_limit_y -INF +INF
	rotate_limit_z -INF +INF
	scale_limit_x -INF +INF
	scale_limit_y -INF +INF
	scale_limit_z -INF +INF
	parent 44
	child_joints 0
	INSTANCE_LIST
	{
	}
	segment_scale_compensate 1
	EXTRA_ATTRIBUTES
	{
		original_name string "Bip001 R Finger41"
		wire_colour colour 0.443137 0.52549 0.0235294
	}
}
JOINT Bip001_R_Foot
{
	id 56
	visible	1
	scale_pivot	0 0 0
	rotate_pivot	0 0 0
	min_bound	0 0 0
	max_bound	0 0 0
	scale	1 1 1
	translate	55.4182 -1.95724e-06 7.12308e-09
	rotation_orient	0 0 0 1
	rotation	0.0614631 0.177618 0.0714047 0.979579
	joint_orient	0 0 0 1
	bind_pose_matrix
		0.926706 0.161727 -0.339204 0
		-0.118059 0.982247 0.145781 0
		0.356759 -0.0950504 0.929348 0
		55.4182 -1.95724e-06 7.12308e-09 1
	rotation_order xyz
	inherits_transform 1
	shearing 0 0 0
	rotate_pivot_translate	0 0 0
	scale_pivot_translate	0 0 0
	translate_limit_x -INF +INF
	translate_limit_y -INF +INF
	translate_limit_z -INF +INF
	rotate_limit_x -INF +INF
	rotate_limit_y -INF +INF
	rotate_limit_z -INF +INF
	scale_limit_x -INF +INF
	scale_limit_y -INF +INF
	scale_limit_z -INF +INF
	parent 55
	child_joints 1
		57 
	INSTANCE_LIST
	{
	}
	segment_scale_compensate 1
	EXTRA_ATTRIBUTES
	{
		original_name string "Bip001 R Foot"
		wire_colour colour 0.0235294 0.52549 0.0235294
	}
}
JOINT Bip001_R_ForeTwist
{
	id 61
	visible	1
	scale_pivot	0 0 0
	rotate_pivot	0 0 0
	min_bound	0 0 0
	max_bound	0 0 0
	scale	1 1 1
	translate	0 0 0
	rotation_orient	0 0 0 1
	rotation	0.0177179 0 0 0.999843
	joint_orient	0 0 0 1
	bind_pose_matrix
		1 0 0 0
		0 0.999372 0.0354303 0
		0 -0.0354303 0.999372 0
		0 0 0 1
	rotation_order xyz
	inherits_transform 1
	shearing 0 0 0
	rotate_pivot_translate	0 0 0
	scale_pivot_translate	0 0 0
	translate_limit_x -INF +INF
	translate_limit_y -INF +INF
	translate_limit_z -INF +INF
	rotate_limit_x -INF +INF
	rotate_limit_y -INF +INF
	rotate_limit_z -INF +INF
	scale_limit_x -INF +INF
	scale_limit_y -INF +INF
	scale_limit_z -INF +INF
	parent 34
	child_joints 0
	INSTANCE_LIST
	{
	}
	segment_scale_compensate 1
	EXTRA_ATTRIBUTES
	{
		original_name string "Bip001 R ForeTwist"
		wire_colour colour 0.313726 0.313726 0.313726
	}
}
JOINT Bip001_R_Forearm
{
	id 34
	visible	1
	scale_pivot	0 0 0
	rotate_pivot	0 0 0
	min_bound	0 0 0
	max_bound	0 0 0
	scale	1 1 1
	translate	37.1165 -1.0462e-06 -4.96763e-07
	rotation_orient	0 0 0 1
	rotation	-1.36029e-08 4.6948e-09 -0.214303 0.976767
	joint_orient	0 0 0 1
	bind_pose_matrix
		0.908149 -0.418648 -3.34116e-09 0
		0.418648 0.908149 -2.8586e-08 0
		1.50018e-08 2.45616e-08 1 0
		37.1165 -1.0462e-06 -4.96763e-07 1
	rotation_order xyz
	inherits_transform 1
	shearing 0 0 0
	rotate_pivot_translate	0 0 0
	scale_pivot_translate	0 0 0
	translate_limit_x -INF +INF
	translate_limit_y -INF +INF
	translate_limit_z -INF +INF
	rotate_limit_x -INF +INF
	rotate_limit_y -INF +INF
	rotate_limit_z -INF +INF
	scale_limit_x -INF +INF
	scale_limit_y -INF +INF
	scale_limit_z -INF +INF
	parent 33
	child_joints 2
		35 61 
	INSTANCE_LIST
	{
	}
	segment_scale_compensate 1
	EXTRA_ATTRIBUTES
	{
		original_name string "Bip001 R Forearm"
		wire_colour colour 0.0235294 0.52549 0.0235294
	}
}
JOINT Bip001_R_Hand
{
	id 35
	visible	1
	scale_pivot	0 0 0
	rotate_pivot	0 0 0
	min_bound	0 0 0
	max_bound	0 0 0
	scale	1 1 1
	translate	30.2262 5.63051e-07 -4.22368e-07
	rotation_orient	0 0 0 1
	rotation	0.658412 0.301231 0.261385 0.638303
	joint_orient	0 0 0 1
	bind_pose_matrix
		0.681875 0.730355 -0.0403552 0
		0.0629822 -0.00365734 0.998008 0
		0.728752 -0.683058 -0.0484931 0
		30.2262 5.63051e-07 -4.22368e-07 1
	rotation_order xyz
	inherits_transform 1
	shearing 0 0 0
	rotate_pivot_translate	0 0 0
	scale_pivot_translate	0 0 0
	translate_limit_x -INF +INF
	translate_limit_y -INF +INF
	translate_limit_z -INF +INF
	rotate_limit_x -INF +INF
	rotate_limit_y -INF +INF
	rotate_limit_z -INF +INF
	scale_limit_x -INF +INF
	scale_limit_y -INF +INF
	scale_limit_z -INF +INF
	parent 34
	child_joints 6
		36 38 40 42 44 46 
	INSTANCE_LIST
	{
	}
	segment_scale_compensate 1
	EXTRA_ATTRIBUTES
	{
		original_name string "Bip001 R Hand"
		wire_colour colour 0.0235294 0.52549 0.0235294
	}
}
JOINT Bip001_R_Thigh
{
	id 54
	visible	1
	scale_pivot	0 0 0
	rotate_pivot	0 0 0
	min_bound	0 0 0
	max_bound	0 0 0
	scale	1 1 1
	translate	1.70963e-05 -1.42986e-05 -13.1784
	rotation_orient	0 0 0 1
	rotation	0.00018456 0.960257 -0.136435 0.243501
	joint_orient	0 0 0 1
	bind_pose_matrix
		-0.881414 -0.0660897 -0.467697 0
		0.0667986 0.962771 -0.261936 0
		0.467597 -0.262115 -0.844185 0
		1.70963e-05 -1.42986e-05 -13.1784 1
	rotation_order xyz
	inherits_transform 1
	shearing 0 0 0
	rotate_pivot_translate	0 0 0
	scale_pivot_translate	0 0 0
	translate_limit_x -INF +INF
	translate_limit_y -INF +INF
	translate_limit_z -INF +INF
	rotate_limit_x -INF +INF
	rotate_limit_y -INF +INF
	rotate_limit_z -INF +INF
	scale_limit_x -INF +INF
	scale_limit_y -INF +INF
	scale_limit_z -INF +INF
	parent 3
	child_joints 1
		55 
	INSTANCE_LIST
	{
	}
	segment_scale_compensate 1
	EXTRA_ATTRIBUTES
	{
		original_name string "Bip001 R Thigh"
		wire_colour colour 0.0235294 0.52549 0.0235294
	}
}
JOINT Bip001_R_Toe0
{
	id 57
	visible	1
	scale_pivot	0 0 0
	rotate_pivot	0 0 0
	min_bound	0 0 0
	max_bound	0 0 0
	scale	1 1 1
	translate	12.7462 16.4038 -5.58097e-07
	rotation_orient	0 0 0 1
	rotation	-6.69513e-08 2.27996e-07 0.707106 0.707108
	joint_orient	0 0 0 1
	bind_pose_matrix
		2.563e-06 1 -4.17119e-07 0
		-1 2.563e-06 2.27751e-07 0
		2.27752e-07 4.17118e-07 1 0
		12.7462 16.4038 -5.58097e-07 1
	rotation_order xyz
	inherits_transform 1
	shearing 0 0 0
	rotate_pivot_translate	0 0 0
	scale_pivot_translate	0 0 0
	translate_limit_x -INF +INF
	translate_limit_y -INF +INF
	translate_limit_z -INF +INF
	rotate_limit_x -INF +INF
	rotate_limit_y -INF +INF
	rotate_limit_z -INF +INF
	scale_limit_x -INF +INF
	scale_limit_y -INF +INF
	scale_limit_z -INF +INF
	parent 56
	child_joints 0
	INSTANCE_LIST
	{
	}
	segment_scale_compensate 1
	EXTRA_ATTRIBUTES
	{
		original_name string "Bip001 R Toe0"
		wire_colour colour 0.443137 0.52549 0.0235294
	}
}
JOINT Bip001_R_UpperArm
{
	id 33
	visible	1
	scale_pivot	0 0 0
	rotate_pivot	0 0 0
	min_bound	0 0 0
	max_bound	0 0 0
	scale	1 1 1
	translate	21.211 1.18624e-07 -6.62774e-06
	rotation_orient	0 0 0 1
	rotation	-0.165821 -0.555669 -0.0272388 0.814244
	joint_orient	0 0 0 1
	bind_pose_matrix
		0.380981 0.139925 0.913933 0
		0.228641 0.943523 -0.239767 0
		-0.895866 0.30031 0.327471 0
